2 0.0537109375 0.53515625 0.107421875 0.03125
3 0.2880859375 0.216796875 0.11328125 0.0546875
3 0.2412109375 0.3349609375 0.091796875 0.05078125
3 0.2236328125 0.4541015625 0.0625 0.0234375
3 0.2177734375 0.61328125 0.068359375 0.02734375
3 0.236328125 0.736328125 0.09375 0.041015625
4 0.40234375 0.2177734375 0.1015625 0.041015625
4 0.404296875 0.318359375 0.1171875 0.04296875
4 0.40234375 0.4423828125 0.125 0.044921875
4 0.404296875 0.6259765625 0.109375 0.04296875
4 0.3974609375 0.763671875 0.11328125 0.052734375
4 0.404296875 0.861328125 0.109375 0.041015625
4 0.8115234375 0.060546875 0.28125 0.068359375
4 0.818359375 0.2783203125 0.29296875 0.064453125
4 0.8193359375 0.771484375 0.26953125 0.07421875
4 0.8291015625 0.9697265625 0.298828125 0.060546875
0 0.2177734375 0.466796875 0.0234375 0.01171875
0 0.2060546875 0.4697265625 0.01953125 0.01171875
0 0.1982421875 0.4755859375 0.017578125 0.009765625
0 0.1845703125 0.48046875 0.0234375 0.01171875
0 0.1748046875 0.484375 0.0234375 0.01171875
0 0.1640625 0.4892578125 0.02734375 0.01171875
0 0.15234375 0.4931640625 0.0234375 0.0078125
0 0.138671875 0.498046875 0.025390625 0.0078125
0 0.1298828125 0.501953125 0.0234375 0.01171875
0 0.1162109375 0.5087890625 0.02734375 0.01171875
0 0.10546875 0.513671875 0.02734375 0.01171875
0 0.09375 0.5166015625 0.02734375 0.0078125
0 0.0791015625 0.5205078125 0.025390625 0.0078125
0 0.0673828125 0.525390625 0.0234375 0.0078125
0 0.0703125 0.54296875 0.0234375 0.01171875
0 0.0791015625 0.5498046875 0.0234375 0.0078125
0 0.09375 0.5537109375 0.0234375 0.009765625
0 0.1025390625 0.55859375 0.0234375 0.009765625
0 0.11328125 0.5625 0.021484375 0.01171875
0 0.126953125 0.568359375 0.01953125 0.01171875
0 0.1396484375 0.5732421875 0.025390625 0.01171875
0 0.150390625 0.578125 0.0234375 0.0078125
0 0.1611328125 0.58203125 0.0234375 0.009765625
0 0.173828125 0.587890625 0.0234375 0.009765625
0 0.1845703125 0.5927734375 0.0234375 0.01171875
0 0.19140625 0.5947265625 0.021484375 0.009765625
4 0.5869140625 0.4208984375 0.06640625 0.03515625
4 0.5927734375 0.6328125 0.080078125 0.03515625