2 0.5185546875 0.076171875 0.0302734375 0.125
3 0.2177734375 0.30859375 0.052734375 0.1064453125
3 0.3291015625 0.2646484375 0.046875 0.0859375
3 0.44140625 0.2490234375 0.0224609375 0.05859375
3 0.591796875 0.2421875 0.025390625 0.064453125
3 0.7080078125 0.2607421875 0.0380859375 0.0869140625
4 0.21875 0.4169921875 0.0390625 0.0966796875
4 0.3134765625 0.4189453125 0.0400390625 0.111328125
4 0.4296875 0.4169921875 0.04296875 0.1181640625
4 0.603515625 0.4189453125 0.0400390625 0.1025390625
4 0.7333984375 0.412109375 0.0498046875 0.1064453125
4 0.8251953125 0.4189453125 0.0380859375 0.1044921875
4 0.0703125 0.802734375 0.064453125 0.2646484375
4 0.2763671875 0.80859375 0.0615234375 0.275390625
4 0.740234375 0.810546875 0.0693359375 0.2548828125
4 0.9404296875 0.8193359375 0.0810546875 0.2802734375
0 0.453125 0.2431640625 0.0107421875 0.0224609375
0 0.4560546875 0.2314453125 0.0107421875 0.0185546875
0 0.4619140625 0.224609375 0.0087890625 0.0166015625
0 0.4658203125 0.2119140625 0.009765625 0.021484375
0 0.470703125 0.2021484375 0.009765625 0.0234375
0 0.474609375 0.19140625 0.009765625 0.02734375
0 0.478515625 0.181640625 0.0078125 0.0224609375
0 0.4833984375 0.16796875 0.0078125 0.0244140625
0 0.486328125 0.16015625 0.009765625 0.0224609375
0 0.4921875 0.1474609375 0.0107421875 0.0263671875
0 0.4970703125 0.13671875 0.01171875 0.0263671875
0 0.5009765625 0.1259765625 0.0087890625 0.0263671875
0 0.50390625 0.1123046875 0.0068359375 0.0244140625
0 0.5087890625 0.1005859375 0.0068359375 0.021484375
0 0.525390625 0.103515625 0.009765625 0.0234375
0 0.53125 0.1123046875 0.0078125 0.0224609375
0 0.53515625 0.1259765625 0.0087890625 0.0224609375
0 0.5400390625 0.1337890625 0.0087890625 0.0224609375
0 0.5439453125 0.14453125 0.009765625 0.0205078125
0 0.548828125 0.1572265625 0.01171875 0.0185546875
0 0.5537109375 0.1689453125 0.009765625 0.0244140625
0 0.55859375 0.1796875 0.0087890625 0.0205078125
0 0.5625 0.189453125 0.009765625 0.021484375
0 0.5673828125 0.201171875 0.009765625 0.0205078125
0 0.572265625 0.2119140625 0.009765625 0.0205078125
0 0.57421875 0.2177734375 0.0087890625 0.01953125
4 0.41015625 0.5908203125 0.0322265625 0.0625
4 0.609375 0.5966796875 0.033203125 0.0751953125