2 0.4482421875 0.0625 0.033203125 0.125
3 0.7841796875 0.314453125 0.05859375 0.119140625
3 0.66015625 0.265625 0.05078125 0.09765625
3 0.5341796875 0.2470703125 0.025390625 0.06640625
3 0.3662109375 0.240234375 0.02734375 0.072265625
3 0.236328125 0.2607421875 0.04296875 0.09765625
4 0.783203125 0.4365234375 0.04296875 0.109375
4 0.677734375 0.4375 0.044921875 0.125
4 0.546875 0.435546875 0.046875 0.1328125
4 0.3525390625 0.4375 0.044921875 0.11328125
4 0.20703125 0.4306640625 0.0546875 0.119140625
4 0.1044921875 0.4375 0.04296875 0.1171875
4 0.9501953125 0.859375 0.072265625 0.28125
4 0.7197265625 0.8603515625 0.068359375 0.279296875
4 0.2001953125 0.8662109375 0.078125 0.265625
4 0.0107421875 0.8642578125 0.021484375 0.271484375
0 0.521484375 0.2412109375 0.01171875 0.025390625
0 0.517578125 0.228515625 0.01171875 0.021484375
0 0.51171875 0.220703125 0.009765625 0.01953125
0 0.5068359375 0.2060546875 0.01171875 0.0234375
0 0.501953125 0.1953125 0.01171875 0.02734375
0 0.49609375 0.18359375 0.01171875 0.03125
0 0.4931640625 0.171875 0.0078125 0.0234375
0 0.4873046875 0.1572265625 0.0078125 0.02734375
0 0.4833984375 0.1474609375 0.01171875 0.025390625
0 0.4765625 0.1337890625 0.01171875 0.03125
0 0.4716796875 0.1220703125 0.01171875 0.029296875
0 0.4677734375 0.1103515625 0.009765625 0.029296875
0 0.4638671875 0.0947265625 0.0078125 0.02734375
0 0.458984375 0.08203125 0.0078125 0.0234375
0 0.4404296875 0.0859375 0.01171875 0.02734375
0 0.43359375 0.0947265625 0.0078125 0.025390625
0 0.4296875 0.109375 0.009765625 0.025390625
0 0.423828125 0.119140625 0.01171875 0.025390625
0 0.4189453125 0.130859375 0.01171875 0.0234375
0 0.4140625 0.1455078125 0.01171875 0.021484375
0 0.408203125 0.158203125 0.01171875 0.02734375
0 0.4033203125 0.169921875 0.009765625 0.0234375
0 0.3984375 0.181640625 0.01171875 0.0234375
0 0.3935546875 0.1943359375 0.01171875 0.0234375
0 0.388671875 0.2060546875 0.01171875 0.0234375
0 0.3857421875 0.212890625 0.009765625 0.0234375
4 0.5693359375 0.6298828125 0.03515625 0.0703125
4 0.345703125 0.63671875 0.037109375 0.0859375