4 0.822265625 0.0302734375 0.18359375 0.060546875
4 0.818359375 0.1767578125 0.1953125 0.05859375
4 0.810546875 0.3447265625 0.1953125 0.046875
4 0.8212890625 0.7119140625 0.18359375 0.0546875
4 0.8310546875 0.8740234375 0.1953125 0.07421875
4 0.6640625 0.4453125 0.05859375 0.03125
4 0.6640625 0.6103515625 0.0546875 0.029296875
4 0.4873046875 0.6357421875 0.087890625 0.046875
4 0.4833984375 0.748046875 0.09765625 0.05078125
4 0.478515625 0.84765625 0.0859375 0.048828125
4 0.4921875 0.4755859375 0.080078125 0.048828125
4 0.498046875 0.361328125 0.09375 0.04296875
4 0.5048828125 0.2724609375 0.0859375 0.044921875
3 0.4033203125 0.2705078125 0.08984375 0.04296875
3 0.35546875 0.373046875 0.080078125 0.037109375
3 0.3232421875 0.4765625 0.05859375 0.033203125
2 0.1650390625 0.556640625 0.09375 0.03125
3 0.314453125 0.6337890625 0.056640625 0.033203125
3 0.341796875 0.7412109375 0.08203125 0.0390625
3 0.376953125 0.853515625 0.1015625 0.048828125
2 0.318359375 0.4921875 0.021484375 0.009765625
2 0.3115234375 0.49609375 0.021484375 0.0078125
2 0.3017578125 0.5009765625 0.021484375 0.009765625
2 0.291015625 0.5048828125 0.01953125 0.009765625
2 0.2802734375 0.5087890625 0.01953125 0.0078125
2 0.26953125 0.513671875 0.01953125 0.009765625
2 0.2587890625 0.517578125 0.01953125 0.009765625
2 0.248046875 0.5234375 0.01953125 0.0078125
2 0.23828125 0.5263671875 0.01953125 0.0078125
2 0.2255859375 0.5302734375 0.017578125 0.0078125
2 0.2177734375 0.53515625 0.01953125 0.0078125
2 0.2060546875 0.5390625 0.01953125 0.0078125
2 0.1953125 0.54296875 0.017578125 0.0078125
2 0.18359375 0.546875 0.01953125 0.0078125
2 0.193359375 0.5703125 0.01953125 0.01171875
2 0.2041015625 0.5751953125 0.0234375 0.0078125
2 0.212890625 0.5791015625 0.01953125 0.0078125
2 0.22265625 0.583984375 0.01953125 0.01171875
2 0.2333984375 0.5869140625 0.0234375 0.009765625
2 0.244140625 0.59375 0.01953125 0.0078125
2 0.251953125 0.59765625 0.025390625 0.0078125
2 0.263671875 0.6005859375 0.015625 0.01171875
2 0.271484375 0.60546875 0.01953125 0.0078125
2 0.27734375 0.609375 0.015625 0.009765625
2 0.287109375 0.6123046875 0.01953125 0.0078125
2 0.30078125 0.6181640625 0.021484375 0.01171875