4 0.0390625 0.759765625 0.0615234375 0.169921875
4 0.1767578125 0.755859375 0.0537109375 0.1787109375
4 0.33203125 0.7490234375 0.0419921875 0.1806640625
4 0.669921875 0.7587890625 0.0498046875 0.169921875
4 0.8193359375 0.767578125 0.068359375 0.1806640625
4 0.9873046875 0.7578125 0.025390625 0.17578125
4 0.423828125 0.6142578125 0.0283203125 0.0556640625
4 0.576171875 0.6142578125 0.02734375 0.05078125
4 0.599609375 0.451171875 0.0419921875 0.0810546875
4 0.703125 0.447265625 0.046875 0.08984375
4 0.794921875 0.4423828125 0.044921875 0.078125
4 0.4521484375 0.4560546875 0.044921875 0.07421875
4 0.3466796875 0.4609375 0.0390625 0.0849609375
4 0.2646484375 0.466796875 0.0419921875 0.080078125
3 0.2626953125 0.3740234375 0.0390625 0.08203125
3 0.3583984375 0.3291015625 0.0341796875 0.07421875
3 0.453125 0.2998046875 0.0302734375 0.0546875
2 0.5263671875 0.154296875 0.0283203125 0.0869140625
3 0.59765625 0.2919921875 0.0302734375 0.052734375
3 0.697265625 0.3173828125 0.037109375 0.0751953125
3 0.7998046875 0.349609375 0.0439453125 0.0927734375
2 0.466796875 0.2958984375 0.0087890625 0.01953125
2 0.4716796875 0.2890625 0.0087890625 0.0205078125
2 0.4755859375 0.2802734375 0.009765625 0.01953125
2 0.4794921875 0.2705078125 0.0087890625 0.0185546875
2 0.482421875 0.259765625 0.0078125 0.0185546875
2 0.4873046875 0.25 0.0087890625 0.0185546875
2 0.4912109375 0.240234375 0.0087890625 0.0185546875
2 0.49609375 0.2314453125 0.0068359375 0.0185546875
2 0.4990234375 0.2216796875 0.0087890625 0.017578125
2 0.501953125 0.2099609375 0.0068359375 0.0166015625
2 0.5068359375 0.203125 0.0068359375 0.0166015625
2 0.5107421875 0.1923828125 0.0087890625 0.017578125
2 0.513671875 0.181640625 0.0068359375 0.0166015625
2 0.517578125 0.1708984375 0.005859375 0.01953125
2 0.5390625 0.1806640625 0.0107421875 0.01953125
2 0.5439453125 0.1904296875 0.0078125 0.0205078125
2 0.5478515625 0.1982421875 0.0078125 0.0185546875
2 0.5517578125 0.20703125 0.009765625 0.01953125
2 0.5546875 0.216796875 0.0087890625 0.0205078125
2 0.560546875 0.2275390625 0.0087890625 0.017578125
2 0.564453125 0.234375 0.0078125 0.0234375
2 0.5673828125 0.2451171875 0.009765625 0.0146484375
2 0.572265625 0.2529296875 0.005859375 0.017578125
2 0.5751953125 0.2578125 0.0087890625 0.015625
2 0.5771484375 0.2666015625 0.0078125 0.0185546875
2 0.5830078125 0.279296875 0.009765625 0.01953125