4 0.0126953125 0.7978515625 0.025390625 0.185546875
4 0.1435546875 0.794921875 0.05859375 0.1953125
4 0.3134765625 0.787109375 0.046875 0.19921875
4 0.685546875 0.7978515625 0.0546875 0.1875
4 0.849609375 0.806640625 0.07421875 0.19921875
4 0.4150390625 0.6376953125 0.03125 0.060546875
4 0.5830078125 0.638671875 0.029296875 0.0546875
4 0.6083984375 0.458984375 0.046875 0.08984375
4 0.72265625 0.455078125 0.05078125 0.09765625
4 0.822265625 0.4501953125 0.05078125 0.0859375
4 0.4462890625 0.46484375 0.048828125 0.08203125
4 0.330078125 0.470703125 0.04296875 0.09375
4 0.240234375 0.4775390625 0.046875 0.087890625
3 0.23828125 0.3740234375 0.04296875 0.08984375
3 0.3427734375 0.3251953125 0.037109375 0.08203125
3 0.447265625 0.29296875 0.033203125 0.060546875
2 0.5283203125 0.1328125 0.03125 0.09375
3 0.6064453125 0.2841796875 0.03515625 0.05859375
3 0.7158203125 0.3125 0.041015625 0.08203125
3 0.828125 0.34765625 0.046875 0.1015625
2 0.462890625 0.2890625 0.009765625 0.021484375
2 0.4677734375 0.28125 0.009765625 0.0234375
2 0.47265625 0.271484375 0.01171875 0.021484375
2 0.4755859375 0.2607421875 0.009765625 0.01953125
2 0.4794921875 0.2490234375 0.0078125 0.01953125
2 0.484375 0.2392578125 0.009765625 0.01953125
2 0.4892578125 0.2275390625 0.009765625 0.01953125
2 0.494140625 0.2177734375 0.0078125 0.01953125
2 0.4970703125 0.20703125 0.009765625 0.01953125
2 0.5009765625 0.1953125 0.0078125 0.017578125
2 0.505859375 0.1865234375 0.0078125 0.01953125
2 0.509765625 0.1748046875 0.009765625 0.01953125
2 0.5146484375 0.1640625 0.0078125 0.017578125
2 0.5185546875 0.15234375 0.0078125 0.01953125
2 0.5419921875 0.162109375 0.01171875 0.01953125
2 0.546875 0.1728515625 0.0078125 0.0234375
2 0.55078125 0.181640625 0.0078125 0.01953125
2 0.5556640625 0.19140625 0.01171875 0.01953125
2 0.5595703125 0.2021484375 0.009765625 0.0234375
2 0.5654296875 0.212890625 0.009765625 0.01953125
2 0.5693359375 0.2216796875 0.0078125 0.025390625
2 0.572265625 0.2333984375 0.01171875 0.015625
2 0.578125 0.2412109375 0.0078125 0.01953125
2 0.58203125 0.24609375 0.009765625 0.015625
2 0.583984375 0.2568359375 0.0078125 0.01953125
2 0.58984375 0.271484375 0.01171875 0.021484375