2 0.94921875 0.08984375 0.072265625 0.07421875
2 0.9794921875 0.01171875 0.041015625 0.0234375
2 0.7880859375 0.150390625 0.06640625 0.07421875
2 0.72265625 0.19921875 0.05078125 0.05859375
2 0.73046875 0.5390625 0.072265625 0.01953125
3 0.576171875 0.3046875 0.0390625 0.046875
3 0.5869140625 0.44140625 0.03125 0.03125
3 0.587890625 0.6396484375 0.03515625 0.02734375
3 0.57421875 0.7822265625 0.0390625 0.041015625
3 0.5615234375 0.9794921875 0.033203125 0.037109375
2 0.5615234375 0.93359375 0.04296875 0.03125
2 0.5537109375 0.95703125 0.0390625 0.02734375
2 0.5556640625 0.8828125 0.041015625 0.037109375
2 0.55078125 0.8671875 0.03125 0.015625
2 0.572265625 0.5703125 0.03515625 0.02734375
2 0.55859375 0.5830078125 0.033203125 0.02734375
2 0.572265625 0.498046875 0.029296875 0.02734375
2 0.5556640625 0.484375 0.03515625 0.03125
2 0.578125 0.5302734375 0.05078125 0.02734375
2 0.5234375 0.5869140625 0.02734375 0.025390625
3 0.5146484375 0.5986328125 0.03125 0.025390625
3 0.5146484375 0.4638671875 0.03125 0.0234375
2 0.5322265625 0.447265625 0.03125 0.029296875
2 0.5322265625 0.3935546875 0.02734375 0.021484375
2 0.517578125 0.3818359375 0.02734375 0.02734375
2 0.529296875 0.6240234375 0.02734375 0.03515625
2 0.5263671875 0.6845703125 0.03125 0.03125
2 0.517578125 0.7001953125 0.025390625 0.033203125
3 0.4970703125 0.6865234375 0.02734375 0.03125
3 0.4931640625 0.6240234375 0.03125 0.021484375
2 0.5419921875 0.11328125 0.03125 0.033203125
2 0.5537109375 0.1376953125 0.0390625 0.03515625
2 0.541015625 0.1943359375 0.029296875 0.03515625
2 0.5224609375 0.2099609375 0.03515625 0.041015625
3 0.4951171875 0.2119140625 0.0234375 0.03125
4 0.328125 0.5078125 0.30078125 0.12890625
4 0.3076171875 0.9765625 0.16796875 0.046875
4 0.3349609375 0.9453125 0.14453125 0.09375
4 0.357421875 0.8896484375 0.140625 0.087890625
4 0.373046875 0.8408203125 0.1484375 0.08203125
4 0.38671875 0.796875 0.140625 0.07421875
4 0.39453125 0.2626953125 0.099609375 0.078125
4 0.384765625 0.2255859375 0.1015625 0.08203125
4 0.3720703125 0.181640625 0.109375 0.09765625
4 0.349609375 0.109375 0.1328125 0.1171875
4 0.314453125 0.0478515625 0.16015625 0.095703125