2 0.9072265625 0.0673828125 0.07421875 0.0712890625
2 0.986328125 0.03515625 0.0263671875 0.046875
2 0.84765625 0.224609375 0.07421875 0.06640625
2 0.7998046875 0.2890625 0.056640625 0.048828125
2 0.466796875 0.2802734375 0.0205078125 0.0703125
3 0.6962890625 0.431640625 0.046875 0.0390625
3 0.5625 0.4208984375 0.0302734375 0.0302734375
3 0.369140625 0.4208984375 0.0283203125 0.0361328125
3 0.2294921875 0.43359375 0.0400390625 0.0390625
3 0.037109375 0.4453125 0.03515625 0.0322265625
2 0.0810546875 0.4462890625 0.029296875 0.041015625
2 0.05859375 0.4541015625 0.0263671875 0.0390625
2 0.130859375 0.4521484375 0.0361328125 0.0400390625
2 0.146484375 0.4560546875 0.013671875 0.03125
2 0.4365234375 0.435546875 0.0283203125 0.0341796875
2 0.423828125 0.44921875 0.0283203125 0.0322265625
2 0.5068359375 0.435546875 0.02734375 0.0283203125
2 0.5205078125 0.4521484375 0.029296875 0.03515625
2 0.4755859375 0.4296875 0.0263671875 0.048828125
2 0.419921875 0.4833984375 0.025390625 0.02734375
3 0.408203125 0.4921875 0.0244140625 0.03125
3 0.541015625 0.4921875 0.0224609375 0.0302734375
2 0.556640625 0.4755859375 0.0283203125 0.03125
2 0.609375 0.474609375 0.021484375 0.0263671875
2 0.62109375 0.4892578125 0.0263671875 0.025390625
2 0.3837890625 0.4775390625 0.03515625 0.02734375
2 0.3251953125 0.4814453125 0.03125 0.0302734375
2 0.3095703125 0.4892578125 0.033203125 0.025390625
3 0.3232421875 0.509765625 0.03125 0.02734375
3 0.384765625 0.5126953125 0.021484375 0.03125
2 0.8837890625 0.4658203125 0.0322265625 0.03125
2 0.859375 0.4541015625 0.0341796875 0.0390625
2 0.8046875 0.466796875 0.033203125 0.0283203125
2 0.7900390625 0.484375 0.0400390625 0.0341796875
3 0.787109375 0.5107421875 0.03125 0.0234375
4 0.498046875 0.6748046875 0.1259765625 0.294921875
4 0.03125 0.6953125 0.0625 0.166015625
4 0.0703125 0.66796875 0.091796875 0.1416015625
4 0.1240234375 0.646484375 0.0859375 0.138671875
4 0.171875 0.6298828125 0.080078125 0.1455078125
4 0.2158203125 0.6171875 0.0732421875 0.138671875
4 0.73828125 0.609375 0.0771484375 0.0966796875
4 0.7734375 0.619140625 0.080078125 0.0986328125
4 0.8173828125 0.6318359375 0.09375 0.1083984375
4 0.88671875 0.6533203125 0.11328125 0.1298828125
4 0.9501953125 0.6884765625 0.099609375 0.158203125