2 0.9248046875 0.025390625 0.08203125 0.05078125
2 0.859375 0.185546875 0.08203125 0.072265625
2 0.806640625 0.255859375 0.0625 0.0546875
2 0.4423828125 0.2470703125 0.0234375 0.078125
3 0.693359375 0.4130859375 0.05078125 0.04296875
3 0.546875 0.4013671875 0.03515625 0.033203125
3 0.333984375 0.400390625 0.03125 0.0390625
3 0.1806640625 0.4150390625 0.04296875 0.04296875
2 0.017578125 0.4287109375 0.03125 0.044921875
2 0.00390625 0.4375 0.0078125 0.04296875
2 0.072265625 0.4345703125 0.0390625 0.04296875
2 0.08984375 0.439453125 0.015625 0.03515625
2 0.408203125 0.4169921875 0.03125 0.037109375
2 0.39453125 0.431640625 0.03125 0.03515625
2 0.4853515625 0.4169921875 0.03125 0.03125
2 0.5009765625 0.435546875 0.03125 0.0390625
2 0.451171875 0.4111328125 0.02734375 0.0546875
2 0.390625 0.4697265625 0.02734375 0.029296875
3 0.3779296875 0.478515625 0.02734375 0.03515625
3 0.5234375 0.4794921875 0.0234375 0.033203125
2 0.5400390625 0.4609375 0.03125 0.03515625
2 0.5986328125 0.4599609375 0.0234375 0.029296875
2 0.611328125 0.4755859375 0.029296875 0.02734375
2 0.3505859375 0.462890625 0.0390625 0.03125
2 0.2861328125 0.466796875 0.03515625 0.033203125
2 0.2685546875 0.4765625 0.03515625 0.02734375
3 0.283203125 0.498046875 0.03515625 0.03125
3 0.3515625 0.501953125 0.0234375 0.03515625
2 0.8994140625 0.44921875 0.03515625 0.03515625
2 0.873046875 0.4375 0.0390625 0.04296875
2 0.8125 0.4501953125 0.037109375 0.03125
2 0.7958984375 0.470703125 0.04296875 0.037109375
3 0.79296875 0.5 0.03515625 0.025390625
4 0.4765625 0.6787109375 0.13671875 0.32421875
4 0.0283203125 0.671875 0.0546875 0.15625
4 0.0654296875 0.6484375 0.09375 0.15234375
4 0.1181640625 0.630859375 0.087890625 0.16015625
4 0.166015625 0.6162109375 0.080078125 0.15234375
4 0.7392578125 0.607421875 0.083984375 0.10546875
4 0.7783203125 0.6181640625 0.08984375 0.109375
4 0.826171875 0.6318359375 0.103515625 0.1171875
4 0.9033203125 0.65625 0.125 0.142578125
4 0.958984375 0.6943359375 0.08203125 0.171875