4 0.5888671875 0.5107421875 0.1953125 0.20703125
0 0.6513671875 0.736328125 0.046875 0.078125
0 0.51171875 0.6279296875 0.05078125 0.078125
0 0.44921875 0.53125 0.0703125 0.076171875
0 0.3232421875 0.5341796875 0.0625 0.08984375
0 0.6611328125 0.298828125 0.05078125 0.0703125
0 0.5146484375 0.423828125 0.05859375 0.0703125
2 0.0810546875 0.515625 0.162109375 0.1015625
2 0.5615234375 0.978515625 0.05078125 0.04296875
2 0.5263671875 0.9501953125 0.046875 0.04296875
2 0.4970703125 0.9296875 0.052734375 0.046875
2 0.466796875 0.9052734375 0.05078125 0.046875
2 0.4375 0.873046875 0.052734375 0.0546875
2 0.4091796875 0.8466796875 0.05859375 0.0390625
2 0.380859375 0.8212890625 0.046875 0.05078125
2 0.345703125 0.7939453125 0.056640625 0.04296875
2 0.3232421875 0.7734375 0.046875 0.052734375
2 0.294921875 0.744140625 0.0546875 0.041015625
2 0.2646484375 0.720703125 0.048828125 0.048828125
2 0.232421875 0.69921875 0.044921875 0.046875
2 0.203125 0.6689453125 0.0390625 0.044921875
2 0.18359375 0.640625 0.05078125 0.056640625
2 0.1572265625 0.6162109375 0.04296875 0.05078125
2 0.1298828125 0.58984375 0.0390625 0.05859375
2 0.107421875 0.5703125 0.04296875 0.041015625
2 0.1005859375 0.46875 0.048828125 0.041015625
2 0.126953125 0.4482421875 0.044921875 0.04296875
2 0.1513671875 0.4248046875 0.04296875 0.052734375
2 0.1806640625 0.3994140625 0.046875 0.05078125
2 0.2041015625 0.3740234375 0.0546875 0.041015625
2 0.2431640625 0.341796875 0.052734375 0.037109375
2 0.271484375 0.3115234375 0.0546875 0.0390625
2 0.2998046875 0.2841796875 0.05859375 0.0390625
2 0.3291015625 0.2587890625 0.046875 0.0390625
2 0.3564453125 0.2353515625 0.05859375 0.046875
2 0.390625 0.201171875 0.0546875 0.05078125
2 0.4140625 0.171875 0.0546875 0.046875
1 0.4482421875 0.140625 0.05078125 0.0546875
2 0.4775390625 0.1142578125 0.05078125 0.046875
2 0.5126953125 0.0888671875 0.0625 0.05859375
2 0.5400390625 0.0556640625 0.052734375 0.04296875
2 0.572265625 0.025390625 0.05078125 0.04296875
2 0.6064453125 0.0087890625 0.064453125 0.017578125
1 0.625 0.9716796875 0.044921875 0.046875
1 0.587890625 0.9482421875 0.046875 0.05078125
1 0.5595703125 0.916015625 0.04296875 0.04296875
1 0.525390625 0.888671875 0.04296875 0.048828125
1 0.5009765625 0.8671875 0.03515625 0.046875
1 0.4677734375 0.8330078125 0.046875 0.0390625
1 0.4365234375 0.8056640625 0.041015625 0.044921875
1 0.4091796875 0.78125 0.044921875 0.0546875
1 0.37890625 0.751953125 0.037109375 0.037109375
1 0.3486328125 0.728515625 0.0390625 0.046875
1 0.3193359375 0.6953125 0.04296875 0.04296875
1 0.294921875 0.6708984375 0.04296875 0.046875
1 0.265625 0.6572265625 0.0390625 0.033203125
1 0.2412109375 0.6240234375 0.03515625 0.0390625
1 0.2060546875 0.609375 0.03125 0.041015625
1 0.1787109375 0.5830078125 0.03515625 0.04296875
1 0.15625 0.560546875 0.029296875 0.0390625
1 0.1572265625 0.470703125 0.041015625 0.05078125
1 0.1796875 0.45703125 0.044921875 0.052734375
1 0.2119140625 0.427734375 0.04296875 0.046875
1 0.2412109375 0.4033203125 0.041015625 0.0546875
1 0.26171875 0.376953125 0.0390625 0.0546875
1 0.2939453125 0.349609375 0.044921875 0.0546875
1 0.32421875 0.3232421875 0.046875 0.056640625
1 0.3564453125 0.29296875 0.041015625 0.046875
1 0.388671875 0.2607421875 0.044921875 0.05859375
1 0.41015625 0.2421875 0.03515625 0.048828125
1 0.443359375 0.2158203125 0.046875 0.0546875
1 0.478515625 0.1865234375 0.0390625 0.056640625
1 0.5087890625 0.150390625 0.041015625 0.0625
1 0.5400390625 0.123046875 0.0390625 0.05859375
1 0.5693359375 0.1005859375 0.05078125 0.05859375
1 0.6044921875 0.064453125 0.041015625 0.056640625
1 0.6318359375 0.03515625 0.0390625 0.05078125
1 0.6669921875 0.013671875 0.052734375 0.02734375
4 0.82421875 0.9228515625 0.203125 0.154296875