2 0.484375 0.4970703125 0.33984375 0.6875
2 0.3017578125 0.9501953125 0.220703125 0.099609375
2 0.185546875 0.884765625 0.212890625 0.16796875
2 0.0888671875 0.94140625 0.177734375 0.1171875
2 0.0322265625 0.8681640625 0.064453125 0.1171875
2 0.0888671875 0.7841796875 0.17578125 0.169921875
2 0.03515625 0.6865234375 0.0703125 0.123046875
2 0.041015625 0.3154296875 0.08203125 0.111328125
2 0.0859375 0.2294921875 0.171875 0.171875
2 0.0390625 0.1376953125 0.078125 0.150390625
2 0.177734375 0.1279296875 0.203125 0.16015625
2 0.095703125 0.064453125 0.19140625 0.12890625
2 0.3203125 0.0634765625 0.2421875 0.125
1 0.103515625 0.505859375 0.20703125 0.16796875
1 0.13671875 0.337890625 0.2734375 0.17578125
1 0.1318359375 0.658203125 0.263671875 0.16796875
1 0.3056640625 0.8115234375 0.2734375 0.15625
1 0.470703125 0.916015625 0.30859375 0.16796875
1 0.328125 0.185546875 0.28125 0.15234375
1 0.50390625 0.0830078125 0.267578125 0.166015625