0 0.7734375 0.125 0.03125 0.0439453125
0 0.8056640625 0.0498046875 0.0322265625 0.0380859375
0 0.9541015625 0.0419921875 0.025390625 0.0380859375
0 0.984375 0.0986328125 0.0185546875 0.041015625
0 0.958984375 0.16015625 0.0283203125 0.033203125
0 0.9892578125 0.220703125 0.021484375 0.0478515625
0 0.9599609375 0.2822265625 0.03125 0.037109375
0 0.7744140625 0.2685546875 0.021484375 0.0322265625
0 0.8095703125 0.1904296875 0.0234375 0.04296875
0 0.8115234375 0.3330078125 0.029296875 0.0517578125
0 0.7744140625 0.4013671875 0.0263671875 0.041015625
0 0.814453125 0.4765625 0.0283203125 0.0478515625
0 0.775390625 0.55078125 0.0283203125 0.041015625
0 0.9638671875 0.4052734375 0.025390625 0.0380859375
0 0.9921875 0.47265625 0.015625 0.046875
0 0.9677734375 0.537109375 0.03125 0.0361328125
0 0.9697265625 0.6640625 0.02734375 0.0380859375
4 0.5654296875 0.515625 0.3193359375 0.77734375
4 0.5341796875 0.56640625 0.1064453125 0.19921875
4 0.4765625 0.58984375 0.0341796875 0.203125
4 0.6435546875 0.564453125 0.0751953125 0.216796875
1 0.4482421875 0.8408203125 0.06640625 0.083984375
1 0.5224609375 0.8359375 0.0791015625 0.091796875
1 0.5966796875 0.8310546875 0.072265625 0.099609375
1 0.55859375 0.306640625 0.0400390625 0.041015625
1 0.5595703125 0.259765625 0.033203125 0.041015625
1 0.5263671875 0.2705078125 0.0302734375 0.0400390625
1 0.5185546875 0.310546875 0.033203125 0.037109375
1 0.5087890625 0.373046875 0.041015625 0.0556640625
1 0.5576171875 0.3564453125 0.041015625 0.0478515625