4 0.4921875 0.517578125 0.2578125 0.72265625
2 0.21875 0.24609375 0.2734375 0.458984375
2 0.158203125 0.6201171875 0.31640625 0.310546875
2 0.7236328125 0.2685546875 0.23828125 0.26953125
2 0.7626953125 0.5283203125 0.203125 0.2578125
2 0.7900390625 0.7861328125 0.2578125 0.240234375
2 0.763671875 0.03515625 0.1015625 0.0703125
2 0.8544921875 0.099609375 0.12890625 0.140625
2 0.96484375 0.328125 0.0703125 0.146484375
2 0.078125 0.015625 0.078125 0.03125
2 0.0419921875 0.037109375 0.05078125 0.04296875
2 0.025390625 0.0888671875 0.05078125 0.05859375
2 0.017578125 0.1484375 0.03515625 0.08203125
2 0.013671875 0.240234375 0.02734375 0.09375
2 0.0322265625 0.3642578125 0.064453125 0.0859375
2 0.666015625 0.044921875 0.064453125 0.0546875
2 0.728515625 0.099609375 0.078125 0.06640625
2 0.4931640625 0.021484375 0.044921875 0.04296875
2 0.44921875 0.0400390625 0.041015625 0.041015625
2 0.419921875 0.0703125 0.03125 0.0390625
2 0.3974609375 0.1005859375 0.0390625 0.0390625
2 0.3916015625 0.1376953125 0.03125 0.03125
2 0.3916015625 0.166015625 0.02734375 0.033203125
2 0.392578125 0.2109375 0.033203125 0.0390625
2 0.3681640625 0.2490234375 0.03125 0.0390625
2 0.3681640625 0.2919921875 0.03125 0.0390625
2 0.3623046875 0.3369140625 0.0234375 0.03515625
2 0.3701171875 0.3759765625 0.025390625 0.037109375
2 0.37109375 0.419921875 0.0390625 0.03515625
2 0.3623046875 0.4609375 0.0234375 0.04296875
2 0.365234375 0.50390625 0.033203125 0.046875
2 0.5302734375 0.08203125 0.03515625 0.037109375
2 0.5537109375 0.1142578125 0.0390625 0.04296875
2 0.576171875 0.1552734375 0.02734375 0.04296875
2 0.5927734375 0.1982421875 0.03515625 0.0390625
2 0.603515625 0.236328125 0.03125 0.0390625
2 0.6005859375 0.28515625 0.048828125 0.046875
2 0.6318359375 0.341796875 0.041015625 0.048828125
2 0.6357421875 0.376953125 0.03515625 0.0390625
2 0.6337890625 0.4169921875 0.0390625 0.041015625
2 0.630859375 0.4580078125 0.033203125 0.046875
2 0.6357421875 0.5029296875 0.04296875 0.05078125
2 0.6298828125 0.5439453125 0.03515625 0.0390625
2 0.6337890625 0.580078125 0.044921875 0.04296875
2 0.6318359375 0.623046875 0.046875 0.04296875
2 0.63671875 0.662109375 0.03515625 0.046875
2 0.634765625 0.7001953125 0.046875 0.044921875
2 0.634765625 0.7431640625 0.041015625 0.044921875
2 0.6318359375 0.787109375 0.052734375 0.044921875
2 0.6416015625 0.837890625 0.037109375 0.05078125
2 0.361328125 0.5458984375 0.03125 0.046875
2 0.361328125 0.5927734375 0.033203125 0.048828125
2 0.3583984375 0.6376953125 0.03125 0.05078125
2 0.361328125 0.67578125 0.029296875 0.04296875
2 0.357421875 0.7216796875 0.041015625 0.05078125
2 0.3583984375 0.763671875 0.03125 0.05859375
2 0.6201171875 0.0087890625 0.064453125 0.017578125
2 0.9169921875 0.328125 0.044921875 0.05078125
2 0.9375 0.3896484375 0.04296875 0.072265625
2 0.9619140625 0.46875 0.05078125 0.076171875
2 0.9677734375 0.5390625 0.046875 0.05859375
2 0.9609375 0.59765625 0.044921875 0.05859375