4 0.4990234375 0.5537109375 0.3671875 0.4541015625
1 0.416015625 0.2158203125 0.15234375 0.1396484375
1 0.2998046875 0.2724609375 0.1025390625 0.130859375
1 0.212890625 0.3349609375 0.12890625 0.1123046875
1 0.142578125 0.3984375 0.1181640625 0.123046875
1 0.080078125 0.470703125 0.1025390625 0.1005859375
1 0.0576171875 0.5712890625 0.109375 0.1240234375
1 0.220703125 0.7626953125 0.2119140625 0.1484375
1 0.4765625 0.8701171875 0.271484375 0.1796875
1 0.59375 0.2197265625 0.1201171875 0.14453125
1 0.693359375 0.2734375 0.0908203125 0.123046875
1 0.7685546875 0.3330078125 0.1201171875 0.146484375
1 0.8359375 0.4150390625 0.0986328125 0.12109375
1 0.8828125 0.482421875 0.1142578125 0.0859375
1 0.8984375 0.59375 0.162109375 0.15234375
1 0.7421875 0.78125 0.2294921875 0.13671875