4 0.4384765625 0.5087890625 0.3701171875 0.982421875
2 0.6708984375 0.7099609375 0.28515625 0.580078125
2 0.208984375 0.91015625 0.05859375 0.1796875
0 0.876953125 0.0322265625 0.07421875 0.0634765625
0 0.8857421875 0.107421875 0.068359375 0.091796875
0 0.8974609375 0.1875 0.076171875 0.0859375
0 0.90625 0.2724609375 0.080078125 0.08984375
0 0.91796875 0.365234375 0.08203125 0.1015625
0 0.9287109375 0.4658203125 0.0859375 0.09375
0 0.9404296875 0.5703125 0.0869140625 0.0986328125
0 0.951171875 0.6806640625 0.083984375 0.111328125
0 0.9599609375 0.810546875 0.080078125 0.1171875
0 0.9638671875 0.9345703125 0.072265625 0.123046875