2 0.6708984375 0.033203125 0.037109375 0.06640625
2 0.685546875 0.08203125 0.044921875 0.060546875
2 0.6953125 0.119140625 0.0439453125 0.0625
2 0.712890625 0.16796875 0.044921875 0.0654296875
2 0.724609375 0.20703125 0.04296875 0.072265625
2 0.7392578125 0.2578125 0.041015625 0.0673828125
2 0.7568359375 0.298828125 0.0458984375 0.0654296875
2 0.76953125 0.3505859375 0.044921875 0.0654296875
2 0.78515625 0.388671875 0.0390625 0.06640625
2 0.7998046875 0.4404296875 0.0390625 0.0576171875
2 0.8173828125 0.482421875 0.04296875 0.0654296875
2 0.8310546875 0.529296875 0.041015625 0.0654296875
2 0.8447265625 0.56640625 0.0419921875 0.0712890625
2 0.8623046875 0.6171875 0.0419921875 0.0703125
2 0.8798828125 0.6630859375 0.0390625 0.0791015625
2 0.8984375 0.7099609375 0.0498046875 0.0751953125
2 0.916015625 0.7509765625 0.0380859375 0.0791015625
2 0.1943359375 0.0244140625 0.041015625 0.048828125
2 0.1796875 0.056640625 0.0419921875 0.064453125
2 0.166015625 0.095703125 0.0390625 0.068359375
2 0.1513671875 0.142578125 0.0478515625 0.0634765625
2 0.1416015625 0.1826171875 0.0419921875 0.0673828125
2 0.1259765625 0.2265625 0.046875 0.078125
2 0.111328125 0.2666015625 0.0478515625 0.072265625
2 0.0986328125 0.31640625 0.0478515625 0.0791015625
2 0.083984375 0.3603515625 0.041015625 0.0673828125
2 0.0673828125 0.404296875 0.0439453125 0.0634765625
2 0.056640625 0.4482421875 0.04296875 0.076171875
2 0.0390625 0.4970703125 0.0478515625 0.0791015625
2 0.02734375 0.54296875 0.0478515625 0.0732421875
2 0.0146484375 0.5888671875 0.029296875 0.072265625
1 0.244140625 0.0126953125 0.0322265625 0.0244140625
1 0.2333984375 0.0439453125 0.037109375 0.048828125
1 0.2216796875 0.083984375 0.0283203125 0.052734375
1 0.20703125 0.125 0.03125 0.060546875
1 0.1923828125 0.16796875 0.0361328125 0.052734375
1 0.1796875 0.2138671875 0.0302734375 0.056640625
1 0.166015625 0.2548828125 0.0322265625 0.0498046875
1 0.15234375 0.2998046875 0.03515625 0.0537109375
1 0.1396484375 0.3515625 0.029296875 0.056640625
1 0.123046875 0.390625 0.0341796875 0.0546875
1 0.1083984375 0.4384765625 0.0380859375 0.0537109375
1 0.0947265625 0.4814453125 0.0341796875 0.0556640625
1 0.0849609375 0.5302734375 0.0302734375 0.0595703125
1 0.0703125 0.57421875 0.0283203125 0.0556640625
1 0.052734375 0.6201171875 0.0322265625 0.0654296875
1 0.037109375 0.6728515625 0.033203125 0.0517578125
1 0.0166015625 0.712890625 0.033203125 0.044921875
1 0.47265625 0.0224609375 0.0439453125 0.044921875
1 0.490234375 0.056640625 0.05078125 0.06640625
1 0.509765625 0.109375 0.0498046875 0.0654296875
1 0.5205078125 0.15625 0.0595703125 0.0615234375
1 0.5419921875 0.1982421875 0.0546875 0.07421875
1 0.5546875 0.2578125 0.056640625 0.0712890625
1 0.5693359375 0.3134765625 0.052734375 0.064453125
1 0.59375 0.369140625 0.05078125 0.0791015625
1 0.6103515625 0.443359375 0.060546875 0.0634765625
1 0.6337890625 0.5087890625 0.068359375 0.04296875
1 0.65234375 0.560546875 0.056640625 0.04296875
1 0.66796875 0.6142578125 0.064453125 0.0595703125
1 0.6865234375 0.673828125 0.0634765625 0.0537109375
1 0.708984375 0.7294921875 0.07421875 0.048828125
1 0.7275390625 0.78515625 0.083984375 0.0419921875
1 0.6767578125 0.8642578125 0.044921875 0.078125
1 0.7451171875 0.8642578125 0.083984375 0.1025390625
1 0.6328125 0.86328125 0.0556640625 0.0830078125
1 0.5859375 0.857421875 0.0517578125 0.0849609375
1 0.541015625 0.85546875 0.046875 0.08203125
1 0.4951171875 0.8525390625 0.05078125 0.0810546875
1 0.439453125 0.8544921875 0.0703125 0.080078125
1 0.3779296875 0.853515625 0.052734375 0.0830078125
1 0.3330078125 0.8486328125 0.048828125 0.0869140625
1 0.2841796875 0.8486328125 0.0556640625 0.0888671875
1 0.2431640625 0.8447265625 0.0625 0.0908203125
1 0.193359375 0.8388671875 0.0634765625 0.09375
1 0.142578125 0.8369140625 0.0439453125 0.0947265625
1 0.142578125 0.7578125 0.0615234375 0.068359375
1 0.1630859375 0.693359375 0.0625 0.056640625
1 0.1796875 0.646484375 0.064453125 0.0576171875
1 0.1943359375 0.5908203125 0.0634765625 0.064453125
1 0.1064453125 0.837890625 0.0693359375 0.1015625
1 0.212890625 0.533203125 0.06640625 0.0703125
1 0.2255859375 0.48046875 0.0654296875 0.0595703125
1 0.248046875 0.4296875 0.0712890625 0.060546875
1 0.2626953125 0.3623046875 0.060546875 0.083984375
1 0.28515625 0.30859375 0.0498046875 0.0986328125
1 0.2998046875 0.255859375 0.052734375 0.09375
1 0.314453125 0.2080078125 0.048828125 0.083984375
1 0.3310546875 0.1552734375 0.04296875 0.095703125
1 0.345703125 0.1083984375 0.0458984375 0.0771484375
1 0.359375 0.060546875 0.0498046875 0.0947265625
1 0.3720703125 0.0244140625 0.052734375 0.048828125
1 0.4267578125 0.111328125 0.05078125 0.158203125
1 0.541015625 0.6796875 0.2177734375 0.2099609375
1 0.3330078125 0.6728515625 0.1953125 0.2138671875
1 0.353515625 0.4501953125 0.150390625 0.2353515625
1 0.498046875 0.4541015625 0.14453125 0.2392578125
1 0.4296875 0.2578125 0.162109375 0.14453125
1 0.2392578125 0.9208984375 0.095703125 0.0556640625
1 0.150390625 0.91796875 0.0810546875 0.0537109375
1 0.052734375 0.916015625 0.1044921875 0.0576171875
1 0.62109375 0.9287109375 0.095703125 0.0634765625
1 0.70703125 0.935546875 0.076171875 0.060546875
1 0.794921875 0.9443359375 0.0947265625 0.0576171875
1 0.6201171875 0.0224609375 0.0302734375 0.04296875
1 0.62890625 0.060546875 0.037109375 0.0458984375
1 0.6474609375 0.1044921875 0.0322265625 0.044921875
1 0.658203125 0.146484375 0.0341796875 0.048828125
1 0.6689453125 0.193359375 0.0390625 0.0498046875
1 0.6845703125 0.2392578125 0.0361328125 0.05078125
1 0.7001953125 0.287109375 0.0380859375 0.0419921875
1 0.712890625 0.3291015625 0.044921875 0.044921875
1 0.7275390625 0.369140625 0.04296875 0.0537109375
1 0.7451171875 0.4208984375 0.0390625 0.052734375
1 0.8798828125 0.7958984375 0.0361328125 0.060546875
1 0.859375 0.744140625 0.0380859375 0.048828125
1 0.8388671875 0.7001953125 0.041015625 0.0478515625
1 0.8212890625 0.650390625 0.037109375 0.048828125
1 0.806640625 0.603515625 0.0341796875 0.0458984375
1 0.791015625 0.5595703125 0.0341796875 0.0458984375
1 0.759765625 0.4658203125 0.044921875 0.0517578125
1 0.7734375 0.5078125 0.0400390625 0.0498046875