1 0.7607421875 0.0771484375 0.123046875 0.154296875
1 0.810546875 0.162109375 0.154296875 0.173828125
1 0.8779296875 0.2255859375 0.1064453125 0.1591796875
1 0.9521484375 0.267578125 0.095703125 0.154296875
1 0.369140625 0.546875 0.060546875 0.0771484375
1 0.36328125 0.623046875 0.072265625 0.115234375
1 0.4228515625 0.6318359375 0.044921875 0.09375
1 0.5146484375 0.6259765625 0.1015625 0.0966796875
1 0.6103515625 0.609375 0.099609375 0.1123046875
1 0.7978515625 0.5927734375 0.0830078125 0.115234375
1 0.9443359375 0.4208984375 0.0771484375 0.095703125
1 0.798828125 0.32421875 0.078125 0.0869140625
1 0.6416015625 0.0673828125 0.0498046875 0.134765625
1 0.5498046875 0.1044921875 0.099609375 0.09765625
1 0.4072265625 0.12109375 0.06640625 0.1611328125
1 0.45703125 0.201171875 0.0595703125 0.12109375
1 0.4970703125 0.2939453125 0.0927734375 0.1376953125
1 0.615234375 0.2841796875 0.0693359375 0.1220703125
1 0.6513671875 0.3125 0.0732421875 0.125
1 0.6767578125 0.541015625 0.0732421875 0.091796875
1 0.197265625 0.0966796875 0.2255859375 0.15234375
1 0.1806640625 0.373046875 0.2080078125 0.17578125
1 0.166015625 0.6201171875 0.17578125 0.12890625
1 0.337890625 0.83203125 0.0966796875 0.212890625
1 0.5087890625 0.8212890625 0.109375 0.2353515625
1 0.6884765625 0.80859375 0.103515625 0.201171875
1 0.8388671875 0.791015625 0.0751953125 0.2001953125
2 0.9794921875 0.7890625 0.041015625 0.2119140625
2 0.9248046875 0.796875 0.078125 0.2236328125
2 0.765625 0.7998046875 0.091796875 0.208984375
2 0.5986328125 0.818359375 0.0908203125 0.201171875
2 0.4228515625 0.8271484375 0.0986328125 0.2236328125
2 0.2470703125 0.853515625 0.0830078125 0.2021484375
2 0.166015625 0.8486328125 0.080078125 0.1513671875
2 0.1455078125 0.7470703125 0.1689453125 0.1474609375
2 0.1669921875 0.5146484375 0.197265625 0.1572265625
2 0.1748046875 0.21484375 0.2294921875 0.1689453125