2 0.5205078125 0.591796875 0.060546875 0.1015625
2 0.58984375 0.5810546875 0.06640625 0.09375
2 0.65234375 0.56640625 0.064453125 0.087890625
2 0.7099609375 0.5380859375 0.056640625 0.08984375
2 0.7744140625 0.51953125 0.05859375 0.0859375
2 0.8310546875 0.5048828125 0.05859375 0.078125
2 0.8896484375 0.4794921875 0.05859375 0.0859375
2 0.9462890625 0.462890625 0.05078125 0.0859375
2 0.9873046875 0.4482421875 0.025390625 0.07421875
2 0.3837890625 0.861328125 0.0703125 0.1015625
2 0.3095703125 0.8857421875 0.068359375 0.1015625
2 0.2373046875 0.900390625 0.0625 0.09765625
2 0.15234375 0.9345703125 0.06640625 0.11328125
2 0.068359375 0.9521484375 0.0703125 0.087890625
2 0.0078125 0.962890625 0.015625 0.07421875
1 0.55859375 0.951171875 0.05078125 0.078125
1 0.6220703125 0.9375 0.064453125 0.0703125
1 0.693359375 0.9287109375 0.0625 0.06640625
1 0.75390625 0.91796875 0.05859375 0.0703125
1 0.81640625 0.90625 0.0625 0.07421875
1 0.8828125 0.8994140625 0.064453125 0.080078125
1 0.951171875 0.8876953125 0.06640625 0.078125
3 0.40625 0.3984375 0.171875 0.638671875