3 0.4482421875 0.5615234375 0.6767578125 0.625
1 0.33203125 0.9501953125 0.0810546875 0.0546875
1 0.41796875 0.9462890625 0.0859375 0.0576171875
1 0.5 0.9443359375 0.0859375 0.0546875
1 0.5849609375 0.9423828125 0.0830078125 0.056640625
1 0.6689453125 0.9404296875 0.078125 0.0576171875
0 0.8173828125 0.8623046875 0.05078125 0.029296875
0 0.6923828125 0.8583984375 0.0458984375 0.0224609375
0 0.9287109375 0.8583984375 0.0224609375 0.025390625
1 0.8837890625 0.861328125 0.0751953125 0.0322265625
1 0.75390625 0.8623046875 0.0771484375 0.0283203125
1 0.6279296875 0.8583984375 0.083984375 0.0166015625
1 0.6123046875 0.802734375 0.044921875 0.0361328125
1 0.6611328125 0.7998046875 0.0634765625 0.0322265625
1 0.7158203125 0.798828125 0.05078125 0.0341796875
1 0.7705078125 0.7998046875 0.0576171875 0.0341796875
1 0.822265625 0.798828125 0.04296875 0.033203125
1 0.8720703125 0.796875 0.05078125 0.0322265625
0 0.1591796875 0.875 0.025390625 0.0390625
0 0.0869140625 0.84375 0.0302734375 0.0361328125
0 0.0146484375 0.8232421875 0.021484375 0.0390625
1 0.0478515625 0.8369140625 0.044921875 0.0419921875
1 0.123046875 0.8603515625 0.041015625 0.04296875
1 0.193359375 0.88671875 0.0439453125 0.0400390625
4 0.783203125 0.953125 0.14453125 0.09375
0 0.8740234375 0.6103515625 0.07421875 0.046875