0 0.6904296875 0.0439453125 0.244140625 0.0859375
0 0.6884765625 0.158203125 0.24609375 0.140625
0 0.6953125 0.294921875 0.25 0.154296875
0 0.6953125 0.421875 0.23828125 0.150390625
0 0.7001953125 0.5625 0.244140625 0.15234375
0 0.697265625 0.6904296875 0.23828125 0.16015625
0 0.697265625 0.833984375 0.25390625 0.146484375
0 0.7138671875 0.94140625 0.26171875 0.1171875
1 0.296875 0.212890625 0.3671875 0.296875
1 0.306640625 0.552734375 0.3828125 0.3203125
1 0.3203125 0.8779296875 0.39453125 0.244140625