4 0.4287109375 0.4609375 0.18359375 0.45703125
2 0.1181640625 0.015625 0.04296875 0.03125
2 0.0927734375 0.0498046875 0.046875 0.099609375
2 0.064453125 0.1142578125 0.0390625 0.1015625
2 0.0322265625 0.1923828125 0.052734375 0.10546875
2 0.0146484375 0.2607421875 0.02734375 0.10546875
2 0.9873046875 0.5703125 0.025390625 0.10546875
2 0.962890625 0.49609375 0.0390625 0.095703125
2 0.93359375 0.42578125 0.0390625 0.10546875
2 0.9013671875 0.3505859375 0.0390625 0.111328125
2 0.87109375 0.27734375 0.03515625 0.1015625
2 0.845703125 0.203125 0.04296875 0.091796875
2 0.814453125 0.1328125 0.03515625 0.09765625
2 0.7861328125 0.0546875 0.0390625 0.09375
2 0.759765625 0.013671875 0.0546875 0.02734375
0 0.421875 0.1279296875 0.08984375 0.1953125
0 0.6552734375 0.6220703125 0.056640625 0.115234375
0 0.203125 0.611328125 0.06640625 0.0859375
1 0.69921875 0.01171875 0.05078125 0.0234375
1 0.720703125 0.0537109375 0.048828125 0.0625
1 0.7490234375 0.126953125 0.0546875 0.08984375
1 0.783203125 0.2060546875 0.0546875 0.076171875
1 0.8134765625 0.275390625 0.05859375 0.072265625
1 0.8408203125 0.349609375 0.0625 0.083984375
1 0.8701171875 0.427734375 0.05078125 0.076171875
1 0.900390625 0.498046875 0.060546875 0.07421875
1 0.9287109375 0.5712890625 0.06640625 0.080078125
1 0.962890625 0.6513671875 0.05859375 0.08203125
1 0.9814453125 0.7333984375 0.037109375 0.08203125
1 0.1787109375 0.0068359375 0.05859375 0.01171875
1 0.15625 0.046875 0.06640625 0.0703125
1 0.12890625 0.1162109375 0.056640625 0.06640625
1 0.1005859375 0.1884765625 0.06640625 0.0859375
1 0.0703125 0.259765625 0.0625 0.0625
1 0.046875 0.330078125 0.06640625 0.0703125
1 0.021484375 0.40234375 0.04296875 0.06640625
1 0.005859375 0.474609375 0.01171875 0.078125
1 0.099609375 0.7802734375 0.19921875 0.32421875
1 0.1787109375 0.4033203125 0.224609375 0.439453125
1 0.6318359375 0.400390625 0.22265625 0.45703125
1 0.703125 0.7900390625 0.36328125 0.32421875
1 0.2939453125 0.798828125 0.1875 0.310546875
1 0.5791015625 0.7880859375 0.1328125 0.32421875
1 0.322265625 0.091796875 0.12890625 0.18359375
1 0.517578125 0.0966796875 0.1328125 0.19140625
1 0.0341796875 0.9755859375 0.068359375 0.048828125
1 0.1103515625 0.9736328125 0.083984375 0.05078125
1 0.1943359375 0.9755859375 0.080078125 0.048828125
1 0.2763671875 0.970703125 0.076171875 0.044921875
1 0.353515625 0.9755859375 0.078125 0.048828125
1 0.4345703125 0.9755859375 0.080078125 0.048828125
1 0.515625 0.9765625 0.0859375 0.046875
1 0.60546875 0.9794921875 0.09375 0.041015625
1 0.6845703125 0.9794921875 0.072265625 0.041015625
1 0.7666015625 0.9765625 0.087890625 0.046875
1 0.8466796875 0.974609375 0.06640625 0.05078125
1 0.9189453125 0.9736328125 0.07421875 0.046875