4 0.4638671875 0.4599609375 0.166015625 0.4150390625
2 0.181640625 0.0361328125 0.0380859375 0.0712890625
2 0.1591796875 0.087890625 0.04296875 0.0908203125
2 0.1328125 0.146484375 0.0361328125 0.0908203125
2 0.1044921875 0.2177734375 0.0478515625 0.095703125
2 0.080078125 0.279296875 0.0419921875 0.0947265625
2 0.052734375 0.3447265625 0.037109375 0.0966796875
2 0.0234375 0.412109375 0.03515625 0.0966796875
2 0.9755859375 0.560546875 0.033203125 0.095703125
2 0.947265625 0.4921875 0.0341796875 0.0869140625
2 0.919921875 0.427734375 0.0361328125 0.0947265625
2 0.8916015625 0.3603515625 0.0341796875 0.1005859375
2 0.86328125 0.2939453125 0.033203125 0.091796875
2 0.8408203125 0.2275390625 0.0380859375 0.0830078125
2 0.8125 0.1630859375 0.0302734375 0.0888671875
2 0.787109375 0.091796875 0.03515625 0.0849609375
2 0.7626953125 0.0341796875 0.048828125 0.068359375
0 0.45703125 0.158203125 0.080078125 0.177734375
0 0.66796875 0.60546875 0.0517578125 0.1044921875
0 0.2587890625 0.595703125 0.060546875 0.078125
1 0.7080078125 0.0322265625 0.0458984375 0.064453125
1 0.7275390625 0.091796875 0.044921875 0.056640625
1 0.7529296875 0.1572265625 0.0498046875 0.080078125
1 0.7841796875 0.2294921875 0.0498046875 0.0693359375
1 0.8115234375 0.2919921875 0.0537109375 0.0654296875
1 0.8369140625 0.359375 0.056640625 0.076171875
1 0.8623046875 0.4296875 0.046875 0.0693359375
1 0.890625 0.494140625 0.0546875 0.0654296875
1 0.916015625 0.5595703125 0.05859375 0.072265625
1 0.9462890625 0.6328125 0.0537109375 0.0751953125
1 0.97265625 0.7060546875 0.0546875 0.072265625
1 0.2373046875 0.02734375 0.0537109375 0.0546875
1 0.216796875 0.0859375 0.060546875 0.064453125
1 0.19140625 0.1484375 0.0517578125 0.0595703125
1 0.166015625 0.212890625 0.0595703125 0.076171875
1 0.138671875 0.27734375 0.0576171875 0.056640625
1 0.1171875 0.3408203125 0.05859375 0.0625
1 0.087890625 0.4072265625 0.0517578125 0.0595703125
1 0.0595703125 0.47265625 0.0537109375 0.0712890625
1 0.0390625 0.5439453125 0.0546875 0.0693359375
1 0.017578125 0.6181640625 0.0341796875 0.0791015625
1 0.162109375 0.7490234375 0.1865234375 0.29296875
1 0.2373046875 0.408203125 0.203125 0.3974609375
1 0.646484375 0.4052734375 0.201171875 0.4130859375
1 0.7119140625 0.7568359375 0.3291015625 0.2919921875
1 0.3408203125 0.765625 0.1689453125 0.28125
1 0.599609375 0.755859375 0.12109375 0.29296875
1 0.3662109375 0.10546875 0.1162109375 0.2099609375
1 0.5439453125 0.1083984375 0.12109375 0.216796875
1 0.1015625 0.9267578125 0.0712890625 0.0439453125
1 0.1748046875 0.923828125 0.076171875 0.044921875
1 0.251953125 0.92578125 0.0732421875 0.0439453125
1 0.3251953125 0.921875 0.068359375 0.0400390625
1 0.3955078125 0.92578125 0.0712890625 0.044921875
1 0.46875 0.927734375 0.072265625 0.046875
1 0.5419921875 0.9287109375 0.078125 0.0439453125
1 0.623046875 0.9306640625 0.083984375 0.0390625
1 0.6943359375 0.9326171875 0.0654296875 0.0419921875
1 0.76953125 0.9287109375 0.080078125 0.0439453125
1 0.841796875 0.92578125 0.0595703125 0.046875
1 0.9072265625 0.923828125 0.06640625 0.04296875