1 0.037109375 0.35546875 0.07421875 0.353515625
1 0.037109375 0.712890625 0.07421875 0.341796875
0 0.2861328125 0.173828125 0.26171875 0.1328125
0 0.2646484375 0.849609375 0.3125 0.13671875
0 0.2744140625 0.51171875 0.30859375 0.25
1 0.7275390625 0.34765625 0.544921875 0.32421875
1 0.72265625 0.677734375 0.5546875 0.33984375
1 0.1767578125 0.267578125 0.115234375 0.1796875
1 0.3779296875 0.27734375 0.11328125 0.1796875
1 0.28125 0.365234375 0.275390625 0.125
1 0.2763671875 0.6640625 0.3203125 0.12109375
1 0.173828125 0.724609375 0.1328125 0.140625
1 0.3603515625 0.7451171875 0.12109375 0.16796875