1 0.248046875 0.0283203125 0.107421875 0.0556640625
1 0.25390625 0.0888671875 0.1171875 0.087890625
1 0.2470703125 0.166015625 0.10546875 0.08203125
1 0.24609375 0.23828125 0.1123046875 0.080078125
1 0.244140625 0.3125 0.0986328125 0.0791015625
1 0.24609375 0.384765625 0.1123046875 0.0810546875
1 0.2470703125 0.4560546875 0.10546875 0.0869140625
1 0.2509765625 0.53125 0.1220703125 0.0849609375
1 0.236328125 0.609375 0.1318359375 0.087890625
1 0.2412109375 0.6875 0.1015625 0.0869140625
1 0.244140625 0.7626953125 0.103515625 0.0927734375
1 0.2431640625 0.84375 0.1064453125 0.080078125
1 0.234375 0.912109375 0.1279296875 0.0859375
1 0.2431640625 0.9755859375 0.1064453125 0.048828125
1 0.6083984375 0.0205078125 0.0869140625 0.041015625
1 0.6142578125 0.0732421875 0.1083984375 0.0859375
1 0.603515625 0.150390625 0.087890625 0.0869140625
1 0.6005859375 0.2294921875 0.08203125 0.0859375
1 0.611328125 0.3046875 0.0927734375 0.080078125
1 0.611328125 0.376953125 0.0927734375 0.087890625
1 0.6083984375 0.4560546875 0.076171875 0.08984375
1 0.6123046875 0.5322265625 0.0947265625 0.0859375
1 0.6123046875 0.61328125 0.0908203125 0.091796875
1 0.6103515625 0.6884765625 0.099609375 0.0810546875
1 0.607421875 0.7607421875 0.07421875 0.087890625
1 0.6064453125 0.837890625 0.087890625 0.0888671875
1 0.6103515625 0.919921875 0.0869140625 0.0791015625
1 0.615234375 0.9736328125 0.07421875 0.0517578125
1 0.4248046875 0.060546875 0.212890625 0.12109375
1 0.439453125 0.21484375 0.208984375 0.21875
1 0.4306640625 0.3818359375 0.2021484375 0.158203125
1 0.4208984375 0.5400390625 0.177734375 0.2255859375
1 0.4345703125 0.7568359375 0.203125 0.2158203125
1 0.419921875 0.9267578125 0.2109375 0.146484375