4 0.392578125 0.6376953125 0.0517578125 0.158203125
4 0.4501953125 0.6298828125 0.080078125 0.169921875
4 0.529296875 0.625 0.052734375 0.1533203125
3 0.0830078125 0.3115234375 0.1328125 0.2744140625
1 0.068359375 0.775390625 0.0478515625 0.111328125
1 0.1162109375 0.630859375 0.0615234375 0.189453125
1 0.171875 0.5244140625 0.0625 0.1474609375
1 0.25 0.4345703125 0.0615234375 0.181640625
1 0.326171875 0.3193359375 0.0771484375 0.2001953125
1 0.4052734375 0.240234375 0.0986328125 0.26953125
1 0.4990234375 0.1650390625 0.09765625 0.185546875
1 0.578125 0.2119140625 0.0771484375 0.255859375
1 0.64453125 0.279296875 0.068359375 0.265625
1 0.7158203125 0.3818359375 0.0732421875 0.236328125
1 0.7626953125 0.4560546875 0.056640625 0.1611328125
1 0.80859375 0.5498046875 0.0576171875 0.154296875
1 0.8408203125 0.63671875 0.05078125 0.15234375
1 0.8916015625 0.7021484375 0.0546875 0.1435546875
2 0.3583984375 0.513671875 0.0478515625 0.0810546875
2 0.5927734375 0.5146484375 0.048828125 0.0908203125
1 0.2509765625 0.6865234375 0.1748046875 0.1396484375
1 0.6630859375 0.654296875 0.146484375 0.130859375
1 0.1953125 0.267578125 0.0419921875 0.2158203125
1 0.2509765625 0.18359375 0.0830078125 0.2041015625
1 0.318359375 0.103515625 0.0732421875 0.2021484375
1 0.7509765625 0.04296875 0.083984375 0.0859375
1 0.837890625 0.091796875 0.0888671875 0.18359375
1 0.9052734375 0.1396484375 0.1005859375 0.279296875
1 0.9560546875 0.2607421875 0.087890625 0.234375