1 0.056640625 0.626953125 0.11328125 0.248046875
1 0.083984375 0.4248046875 0.16796875 0.21484375
1 0.0771484375 0.2216796875 0.07421875 0.18359375
1 0.22265625 0.26953125 0.19140625 0.189453125
1 0.4287109375 0.169921875 0.1171875 0.1015625
1 0.375 0.2216796875 0.095703125 0.111328125
1 0.35546875 0.3203125 0.0703125 0.10546875
1 0.193359375 0.6513671875 0.17578125 0.208984375
1 0.4404296875 0.6875 0.05859375 0.109375
1 0.3427734375 0.7177734375 0.0703125 0.0859375
1 0.63671875 0.6904296875 0.08203125 0.109375
1 0.724609375 0.708984375 0.09375 0.125
1 0.8056640625 0.4990234375 0.125 0.171875
1 0.875 0.65625 0.1796875 0.205078125
1 0.9765625 0.646484375 0.046875 0.2578125
1 0.935546875 0.4580078125 0.12890625 0.189453125
1 0.8056640625 0.4296875 0.158203125 0.11328125
1 0.802734375 0.498046875 0.14453125 0.15234375
1 0.8193359375 0.2890625 0.22265625 0.2109375
1 0.650390625 0.2236328125 0.158203125 0.140625
1 0.693359375 0.345703125 0.078125 0.1015625
1 0.89453125 0.1845703125 0.16015625 0.0703125
1 0.955078125 0.2861328125 0.08984375 0.169921875