1 0.8701171875 0.087890625 0.0859375 0.17578125
1 0.9658203125 0.060546875 0.068359375 0.12109375
4 0.978515625 0.4990234375 0.04296875 0.333984375
1 0.8662109375 0.6123046875 0.078125 0.20703125
1 0.869140625 0.400390625 0.078125 0.21484375
0 0.8046875 0.71875 0.04296875 0.08203125
1 0.7939453125 0.646484375 0.0234375 0.07421875
1 0.8134765625 0.6357421875 0.01953125 0.091796875
1 0.8037109375 0.591796875 0.0390625 0.041015625
0 0.8056640625 0.51171875 0.041015625 0.138671875
1 0.806640625 0.4150390625 0.0390625 0.068359375
1 0.7939453125 0.36328125 0.017578125 0.095703125
1 0.8193359375 0.349609375 0.01953125 0.0625
0 0.8095703125 0.2958984375 0.037109375 0.09765625
1 0.732421875 0.6220703125 0.09375 0.2265625
1 0.736328125 0.3896484375 0.09765625 0.234375
1 0.4775390625 0.6396484375 0.134765625 0.287109375
1 0.484375 0.361328125 0.142578125 0.271484375
0 0.3642578125 0.7900390625 0.0703125 0.10546875
1 0.3447265625 0.6845703125 0.03515625 0.1171875
1 0.38671875 0.681640625 0.033203125 0.12109375
1 0.3466796875 0.3173828125 0.041015625 0.15234375
1 0.3857421875 0.318359375 0.03515625 0.140625
1 0.3671875 0.623046875 0.06640625 0.09765625
1 0.3642578125 0.390625 0.0625 0.095703125
0 0.365234375 0.2119140625 0.06640625 0.125
0 0.3662109375 0.5087890625 0.06640625 0.17578125
1 0.2216796875 0.6728515625 0.19140625 0.3359375
1 0.2236328125 0.3369140625 0.19921875 0.33984375
4 0.060546875 0.5234375 0.12109375 0.5859375