1 0.1923828125 0.271484375 0.384765625 0.54296875
1 0.1904296875 0.7734375 0.380859375 0.453125
1 0.8369140625 0.2880859375 0.322265625 0.576171875
1 0.8369140625 0.7900390625 0.326171875 0.419921875
0 0.5302734375 0.0791015625 0.220703125 0.158203125
0 0.529296875 0.583984375 0.21875 0.3095703125
1 0.4599609375 0.8974609375 0.091796875 0.205078125
1 0.458984375 0.2470703125 0.08984375 0.21875
1 0.603515625 0.24609375 0.107421875 0.224609375
1 0.5302734375 0.375 0.19921875 0.1767578125
1 0.53125 0.7822265625 0.2216796875 0.1953125
1 0.5947265625 0.9033203125 0.1005859375 0.193359375