1 0.5732421875 0.4765625 0.2265625 0.38671875
1 0.353515625 0.763671875 0.14453125 0.19921875
1 0.2548828125 0.939453125 0.10546875 0.12109375
1 0.2236328125 0.783203125 0.11328125 0.1640625
1 0.1845703125 0.609375 0.11328125 0.14453125
1 0.1396484375 0.4306640625 0.1171875 0.154296875
1 0.107421875 0.2822265625 0.0859375 0.12109375
1 0.0556640625 0.0927734375 0.08984375 0.109375
1 0.0478515625 0.197265625 0.095703125 0.16796875
1 0.0322265625 0.3779296875 0.064453125 0.23046875
1 0.05078125 0.84375 0.1015625 0.22265625
1 0.5400390625 0.921875 0.095703125 0.14453125
1 0.5029296875 0.7734375 0.09375 0.15625
1 0.4580078125 0.609375 0.10546875 0.14453125
1 0.4287109375 0.486328125 0.078125 0.09375
1 0.34375 0.150390625 0.10546875 0.150390625
1 0.302734375 0.0322265625 0.10546875 0.064453125
1 0.2880859375 0.3427734375 0.3515625 0.59375