1 0.478515625 0.0791015625 0.1494140625 0.1494140625
1 0.345703125 0.193359375 0.08984375 0.1826171875
1 0.2890625 0.31640625 0.0751953125 0.1640625
1 0.2529296875 0.4140625 0.07421875 0.1279296875
1 0.203125 0.5068359375 0.06640625 0.1064453125
1 0.169921875 0.5830078125 0.0751953125 0.1572265625
1 0.58203125 0.16796875 0.056640625 0.1279296875
1 0.63671875 0.2373046875 0.060546875 0.1689453125
1 0.6728515625 0.3427734375 0.0546875 0.1806640625
1 0.7138671875 0.4306640625 0.05859375 0.1650390625
1 0.7568359375 0.5439453125 0.052734375 0.11328125
1 0.7978515625 0.630859375 0.05078125 0.140625
1 0.3486328125 0.775390625 0.1923828125 0.3583984375
1 0.6337890625 0.7802734375 0.1611328125 0.3173828125
1 0.4990234375 0.8369140625 0.1044921875 0.2119140625
1 0.4248046875 0.2216796875 0.033203125 0.0830078125
1 0.388671875 0.2763671875 0.029296875 0.0830078125
1 0.361328125 0.3291015625 0.0322265625 0.095703125
1 0.33984375 0.4443359375 0.041015625 0.1494140625
1 0.4619140625 0.19140625 0.044921875 0.1005859375
1 0.509765625 0.1865234375 0.041015625 0.1103515625
1 0.5517578125 0.2412109375 0.0361328125 0.0986328125
1 0.5859375 0.2958984375 0.03125 0.0908203125
1 0.61328125 0.3642578125 0.03125 0.0947265625
1 0.6337890625 0.4404296875 0.0439453125 0.0947265625
1 0.6640625 0.537109375 0.0810546875 0.107421875
1 0.29296875 0.51953125 0.072265625 0.1123046875
1 0.2421875 0.6494140625 0.064453125 0.216796875
1 0.72265625 0.6259765625 0.0498046875 0.142578125
1 0.75390625 0.76171875 0.03515625 0.15625
1 0.7275390625 0.9033203125 0.1220703125 0.1220703125
1 0.2734375 0.884765625 0.1123046875 0.1015625
1 0.1103515625 0.7294921875 0.2099609375 0.443359375
1 0.8642578125 0.7666015625 0.1875 0.3994140625