1 0.24609375 0.6640625 0.1962890625 0.423828125
1 0.388671875 0.6337890625 0.1708984375 0.388671875
1 0.484375 0.5859375 0.1494140625 0.33984375
1 0.58203125 0.48046875 0.158203125 0.2431640625
1 0.6318359375 0.5419921875 0.16796875 0.3857421875
1 0.7451171875 0.51171875 0.1279296875 0.3271484375
1 0.830078125 0.4921875 0.1259765625 0.3720703125
0 0.03125 0.3876953125 0.0625 0.1650390625
0 0.111328125 0.3603515625 0.09375 0.1494140625
0 0.2041015625 0.3359375 0.0859375 0.1591796875
0 0.291015625 0.3212890625 0.0810546875 0.154296875
0 0.373046875 0.3017578125 0.076171875 0.146484375
0 0.45703125 0.275390625 0.0712890625 0.1474609375
0 0.5283203125 0.2685546875 0.0703125 0.13671875
0 0.6005859375 0.255859375 0.072265625 0.125
0 0.669921875 0.23828125 0.072265625 0.140625
0 0.7265625 0.21484375 0.0732421875 0.1396484375
0 0.7900390625 0.203125 0.060546875 0.123046875
0 0.8486328125 0.1904296875 0.0546875 0.1298828125
0 0.9033203125 0.169921875 0.0419921875 0.1171875
0 0.9638671875 0.1591796875 0.0556640625 0.1064453125