4 0.552734375 0.5380859375 0.255859375 0.923828125
1 0.9833984375 0.0478515625 0.033203125 0.095703125
1 0.9345703125 0.09765625 0.07421875 0.1953125
1 0.87109375 0.166015625 0.0625 0.2109375
1 0.8095703125 0.29296875 0.08203125 0.25390625
1 0.7587890625 0.4755859375 0.0625 0.21875
1 0.7744140625 0.59765625 0.05859375 0.126953125
1 0.7138671875 0.818359375 0.041015625 0.134765625
1 0.724609375 0.6923828125 0.046875 0.14453125
1 0.7275390625 0.6220703125 0.0390625 0.115234375
1 0.7158203125 0.5703125 0.0390625 0.109375
1 0.673828125 0.5556640625 0.052734375 0.1015625
1 0.6650390625 0.6748046875 0.0859375 0.140625
1 0.6787109375 0.759765625 0.0625 0.154296875
1 0.66796875 0.869140625 0.0546875 0.109375
1 0.7578125 0.9560546875 0.154296875 0.087890625
1 0.6552734375 0.9462890625 0.05859375 0.10546875
1 0.533203125 0.8544921875 0.037109375 0.138671875
1 0.5068359375 0.9189453125 0.03125 0.107421875
1 0.4765625 0.9384765625 0.046875 0.12109375
1 0.44921875 0.9267578125 0.0546875 0.146484375
1 0.42578125 0.900390625 0.0546875 0.142578125
1 0.404296875 0.9013671875 0.04296875 0.138671875
1 0.3720703125 0.916015625 0.0390625 0.13671875
1 0.34375 0.9267578125 0.0390625 0.125
1 0.291015625 0.9658203125 0.05078125 0.068359375
1 0.591796875 0.0263671875 0.046875 0.052734375
1 0.5615234375 0.0654296875 0.029296875 0.0625
1 0.5361328125 0.1083984375 0.03515625 0.07421875
1 0.5078125 0.1533203125 0.041015625 0.080078125
1 0.482421875 0.205078125 0.0390625 0.072265625
1 0.4599609375 0.248046875 0.02734375 0.05859375
1 0.4384765625 0.283203125 0.0390625 0.0703125
1 0.4189453125 0.3251953125 0.03515625 0.06640625
1 0.39453125 0.365234375 0.02734375 0.064453125
1 0.37109375 0.41015625 0.03125 0.072265625
1 0.3515625 0.4462890625 0.02734375 0.060546875
1 0.33203125 0.4794921875 0.0234375 0.05859375
1 0.3076171875 0.517578125 0.03125 0.0859375
1 0.2900390625 0.5546875 0.02734375 0.0625
1 0.2734375 0.5859375 0.02734375 0.052734375
1 0.251953125 0.615234375 0.033203125 0.05859375
1 0.2314453125 0.6591796875 0.029296875 0.056640625
1 0.21484375 0.685546875 0.02734375 0.05859375
1 0.193359375 0.72265625 0.0234375 0.056640625
1 0.1787109375 0.7548828125 0.02734375 0.0546875
1 0.1630859375 0.77734375 0.0234375 0.046875
1 0.1484375 0.8095703125 0.02734375 0.0546875
1 0.1298828125 0.8388671875 0.0234375 0.0546875
1 0.1162109375 0.8671875 0.029296875 0.05859375
1 0.0986328125 0.8955078125 0.02734375 0.056640625
1 0.083984375 0.923828125 0.02734375 0.0546875
1 0.0673828125 0.951171875 0.0234375 0.05859375
1 0.0546875 0.9716796875 0.0234375 0.0546875
1 0.0361328125 0.9873046875 0.021484375 0.025390625
1 0.5263671875 0.078125 0.08203125 0.15625
1 0.4541015625 0.208984375 0.07421875 0.15625
1 0.388671875 0.322265625 0.068359375 0.1484375
1 0.326171875 0.4423828125 0.05859375 0.12890625
1 0.2685546875 0.5390625 0.05859375 0.154296875
1 0.2109375 0.638671875 0.0546875 0.14453125
1 0.1513671875 0.748046875 0.0703125 0.1640625
1 0.080078125 0.8779296875 0.072265625 0.158203125
1 0.021484375 0.962890625 0.04296875 0.07421875