0 0.3544921875 0.5 0.53125 1
0 0.876953125 0.4111328125 0.24609375 0.81640625
2 0.96484375 0.9208984375 0.064453125 0.150390625
2 0.9013671875 0.9326171875 0.07421875 0.134765625
2 0.8427734375 0.943359375 0.056640625 0.11328125
2 0.78515625 0.9482421875 0.05078125 0.1015625
2 0.7333984375 0.9560546875 0.046875 0.0859375
0 0.6923828125 0.4287109375 0.142578125 0.267578125
1 0.626953125 0.1220703125 0.0859375 0.244140625
1 0.751953125 0.1220703125 0.095703125 0.244140625
1 0.7421875 0.638671875 0.05859375 0.185546875
1 0.634765625 0.654296875 0.09375 0.20703125
1 0.6884765625 0.84375 0.11328125 0.11328125
1 0.0791015625 0.1708984375 0.1328125 0.224609375
1 0.0576171875 0.48828125 0.115234375 0.23828125
1 0.06640625 0.751953125 0.1328125 0.25390625
1 0.1650390625 0.939453125 0.189453125 0.12109375