4 0.501953125 0.5166015625 0.40625 0.15234375
1 0.0986328125 0.66015625 0.12890625 0.22265625
1 0.11328125 0.35546875 0.125 0.23828125
1 0.25 0.359375 0.19140625 0.15234375
1 0.25 0.6845703125 0.19140625 0.18359375
1 0.435546875 0.6396484375 0.19140625 0.09765625
1 0.4404296875 0.3876953125 0.201171875 0.11328125
3 0.2412109375 0.89453125 0.46484375 0.2109375
3 0.3154296875 0.109375 0.5078125 0.21875
1 0.4609375 0.1376953125 0.21484375 0.1015625
1 0.5498046875 0.1845703125 0.234375 0.111328125
1 0.658203125 0.232421875 0.232421875 0.08984375
1 0.7470703125 0.2998046875 0.232421875 0.09765625
1 0.8232421875 0.3701171875 0.19921875 0.09765625
1 0.873046875 0.4384765625 0.1953125 0.109375
1 0.90625 0.5078125 0.1875 0.1171875
1 0.875 0.5830078125 0.212890625 0.103515625
1 0.8076171875 0.654296875 0.216796875 0.09765625
1 0.7275390625 0.7255859375 0.2421875 0.10546875
1 0.626953125 0.787109375 0.21875 0.09765625
1 0.5341796875 0.8291015625 0.22265625 0.123046875
1 0.4296875 0.8857421875 0.23046875 0.10546875