1 0.8984375 0.921875 0.203125 0.0859375
1 0.8740234375 0.9833984375 0.228515625 0.033203125
1 0.9169921875 0.849609375 0.166015625 0.07421875
1 0.943359375 0.7431640625 0.11328125 0.076171875
1 0.9375 0.7978515625 0.125 0.048828125
1 0.9619140625 0.6728515625 0.07421875 0.0625
1 0.974609375 0.583984375 0.05078125 0.056640625
1 0.37890625 0.9189453125 0.20703125 0.16015625
1 0.4345703125 0.7978515625 0.2578125 0.15234375
1 0.490234375 0.6884765625 0.26171875 0.142578125
1 0.525390625 0.5771484375 0.255859375 0.15625
1 0.5771484375 0.46484375 0.267578125 0.15625
1 0.6220703125 0.353515625 0.271484375 0.158203125
1 0.669921875 0.2412109375 0.251953125 0.150390625
1 0.7197265625 0.123046875 0.255859375 0.1640625
1 0.0673828125 0.6298828125 0.134765625 0.220703125
1 0.111328125 0.3984375 0.22265625 0.2421875
1 0.1650390625 0.150390625 0.330078125 0.25390625