1 0.013671875 0.45703125 0.02734375 0.08984375
1 0.046875 0.4599609375 0.0400390625 0.0947265625
1 0.0869140625 0.4609375 0.0380859375 0.09765625
1 0.1259765625 0.458984375 0.0400390625 0.0947265625
1 0.166015625 0.4560546875 0.0419921875 0.0947265625
1 0.203125 0.453125 0.037109375 0.087890625
1 0.2431640625 0.4501953125 0.0419921875 0.1025390625
1 0.2861328125 0.451171875 0.04296875 0.1025390625
1 0.32421875 0.447265625 0.04296875 0.0986328125
1 0.365234375 0.4423828125 0.0439453125 0.0986328125
1 0.408203125 0.44140625 0.046875 0.103515625
1 0.4462890625 0.439453125 0.04296875 0.095703125
1 0.48828125 0.4423828125 0.0419921875 0.1005859375
1 0.9765625 0.419921875 0.046875 0.0966796875
1 0.9345703125 0.419921875 0.041015625 0.09375
1 0.8974609375 0.419921875 0.0419921875 0.0947265625
1 0.85546875 0.421875 0.0419921875 0.0966796875
1 0.8125 0.4228515625 0.0390625 0.095703125
1 0.7734375 0.4267578125 0.048828125 0.095703125
1 0.7294921875 0.4287109375 0.04296875 0.087890625
1 0.689453125 0.4306640625 0.0478515625 0.0966796875
1 0.6484375 0.4345703125 0.046875 0.091796875
1 0.60546875 0.43359375 0.0498046875 0.09765625
1 0.5654296875 0.4365234375 0.0478515625 0.0888671875
1 0.52734375 0.4384765625 0.037109375 0.0947265625
4 0.080078125 0.18359375 0.072265625 0.1357421875
4 0.716796875 0.1435546875 0.08203125 0.1240234375
0 0.9072265625 0.0732421875 0.0546875 0.0908203125