4 0.7802734375 0.326171875 0.134765625 0.3857421875
4 0.251953125 0.3916015625 0.1572265625 0.4833984375
2 0.810546875 0.572265625 0.20703125 0.255859375
0 0.0673828125 0.056640625 0.091796875 0.109375
0 0.0986328125 0.1591796875 0.0380859375 0.1025390625
0 0.041015625 0.1787109375 0.08203125 0.095703125
0 0.0712890625 0.287109375 0.056640625 0.099609375
0 0.0283203125 0.3271484375 0.044921875 0.103515625
0 0.0341796875 0.4404296875 0.05078125 0.1376953125
0 0.01953125 0.5673828125 0.03125 0.076171875
0 0.9775390625 0.0556640625 0.044921875 0.091796875
0 0.927734375 0.0498046875 0.044921875 0.07421875
0 0.955078125 0.158203125 0.046875 0.111328125
0 0.9892578125 0.181640625 0.021484375 0.095703125
0 0.9755859375 0.2880859375 0.048828125 0.123046875
4 0.513671875 0.0380859375 0.0693359375 0.076171875
2 0.4462890625 0.0361328125 0.0673828125 0.072265625
2 0.5830078125 0.0400390625 0.068359375 0.0771484375