0 0.646484375 0.0361328125 0.201171875 0.072265625
0 0.6630859375 0.1904296875 0.1953125 0.12890625
0 0.666015625 0.375 0.203125 0.13671875
0 0.6689453125 0.5615234375 0.203125 0.13671875
0 0.689453125 0.7353515625 0.203125 0.13671875
0 0.7080078125 0.9306640625 0.189453125 0.138671875
0 0.57421875 0.9814453125 0.18359375 0.037109375
0 0.41796875 0.9189453125 0.1796875 0.130859375
0 0.275390625 0.9814453125 0.1796875 0.037109375
0 0.2626953125 0.81640625 0.19140625 0.1171875
0 0.251953125 0.6220703125 0.19140625 0.12109375
0 0.240234375 0.4345703125 0.193359375 0.11328125
0 0.228515625 0.244140625 0.203125 0.125
0 0.212890625 0.0458984375 0.20703125 0.091796875
0 0.3623046875 0.009765625 0.201171875 0.01953125
0 0.3701171875 0.1611328125 0.189453125 0.12890625
0 0.375 0.345703125 0.1875 0.1328125
0 0.39453125 0.5400390625 0.203125 0.146484375
0 0.4111328125 0.7265625 0.189453125 0.134765625
0 0.552734375 0.8291015625 0.19140625 0.134765625
0 0.548828125 0.6396484375 0.203125 0.140625
0 0.5302734375 0.44921875 0.21875 0.1328125
0 0.5234375 0.2646484375 0.234375 0.14453125
0 0.513671875 0.08984375 0.20703125 0.14453125
0 0.7451171875 0.109375 0.1171875 0.146484375
0 0.7578125 0.296875 0.12109375 0.15234375
0 0.765625 0.4794921875 0.115234375 0.162109375
0 0.7724609375 0.658203125 0.1328125 0.1640625
0 0.7890625 0.84765625 0.14453125 0.15625
0 0.79296875 0.9755859375 0.125 0.048828125
0 0.1396484375 0.126953125 0.09375 0.115234375
0 0.150390625 0.3271484375 0.107421875 0.125
0 0.1748046875 0.5166015625 0.1015625 0.119140625
0 0.1884765625 0.7177734375 0.099609375 0.1171875
0 0.1923828125 0.91796875 0.10546875 0.115234375