1 0.76953125 0.6689453125 0.20703125 0.44921875
1 0.619140625 0.63671875 0.1796875 0.412109375
1 0.517578125 0.5859375 0.158203125 0.359375
1 0.4140625 0.474609375 0.16796875 0.2578125
1 0.361328125 0.5390625 0.177734375 0.41015625
1 0.2412109375 0.5078125 0.13671875 0.34765625
1 0.150390625 0.4873046875 0.1328125 0.39453125
0 0.982421875 0.3759765625 0.03515625 0.17578125
0 0.9130859375 0.34765625 0.099609375 0.158203125
0 0.8154296875 0.3212890625 0.08984375 0.16796875
0 0.7236328125 0.3056640625 0.0859375 0.1640625
0 0.6357421875 0.2841796875 0.08203125 0.15625
0 0.546875 0.2568359375 0.07421875 0.15625
0 0.4716796875 0.2490234375 0.07421875 0.14453125
0 0.39453125 0.236328125 0.076171875 0.1328125
0 0.3212890625 0.2177734375 0.076171875 0.1484375
0 0.2607421875 0.1923828125 0.078125 0.1484375
0 0.193359375 0.1806640625 0.064453125 0.130859375
0 0.130859375 0.1669921875 0.05859375 0.138671875
0 0.0732421875 0.1455078125 0.044921875 0.125
0 0.01953125 0.1337890625 0.0390625 0.11328125