0 0.14453125 0.4921875 0.060546875 0.134765625
0 0.0458984375 0.525390625 0.0546875 0.1357421875
0 0.4130859375 0.46484375 0.07421875 0.146484375
0 0.560546875 0.462890625 0.06640625 0.1435546875
0 0.7119140625 0.4697265625 0.0673828125 0.13671875
0 0.859375 0.470703125 0.0703125 0.1318359375
1 0.318359375 0.4619140625 0.1259765625 0.1337890625
1 0.203125 0.4755859375 0.0595703125 0.1494140625
1 0.08984375 0.5048828125 0.05078125 0.1455078125
1 0.4921875 0.462890625 0.078125 0.1357421875
1 0.6396484375 0.466796875 0.083984375 0.1396484375
1 0.7822265625 0.470703125 0.0771484375 0.134765625
1 0.9404296875 0.4697265625 0.1005859375 0.13671875