1 0.4853515625 0.1787109375 0.2724609375 0.220703125
1 0.6279296875 0.3291015625 0.2412109375 0.19921875
1 0.330078125 0.34375 0.2265625 0.1767578125
1 0.47265625 0.470703125 0.35546875 0.224609375
1 0.6748046875 0.6201171875 0.193359375 0.1962890625
1 0.345703125 0.6298828125 0.205078125 0.1865234375
1 0.5048828125 0.77734375 0.3369140625 0.23046875
1 0.6669921875 0.90625 0.208984375 0.173828125
1 0.369140625 0.919921875 0.267578125 0.140625
1 0.6357421875 0.0654296875 0.19921875 0.1298828125
1 0.3642578125 0.0419921875 0.150390625 0.083984375
1 0.0703125 0.46875 0.140625 0.134765625