3 0.4521484375 0.3212890625 0.90234375 0.38671875
4 0.912109375 0.1884765625 0.17578125 0.07421875
4 0.8173828125 0.56640625 0.07421875 0.03125
0 0.9384765625 0.9443359375 0.12109375 0.0625
0 0.9873046875 0.9775390625 0.025390625 0.044921875
1 0.7607421875 0.982421875 0.08984375 0.03515625
1 0.84375 0.9501953125 0.0546875 0.044921875
1 0.8505859375 0.9951171875 0.0625 0.009765625
0 0.9921875 0.3154296875 0.015625 0.044921875
0 0.9619140625 0.3505859375 0.076171875 0.0546875
0 0.9912109375 0.380859375 0.017578125 0.03125
0 0.9091796875 0.376953125 0.078125 0.03125
3 0.7919921875 0.05859375 0.154296875 0.07421875
4 0.9267578125 0.1083984375 0.146484375 0.0703125