1 0.0869140625 0.3291015625 0.173828125 0.349609375
1 0.302734375 0.3359375 0.279296875 0.3818359375
1 0.6064453125 0.3447265625 0.341796875 0.3642578125
1 0.888671875 0.3623046875 0.2216796875 0.4130859375
0 0.02734375 0.712890625 0.0517578125 0.1953125
0 0.091796875 0.7119140625 0.1142578125 0.2021484375
0 0.1845703125 0.7275390625 0.1103515625 0.203125
0 0.306640625 0.734375 0.1025390625 0.2021484375
0 0.4072265625 0.73828125 0.109375 0.2412109375
0 0.5224609375 0.76171875 0.1240234375 0.2421875
0 0.646484375 0.7705078125 0.1298828125 0.2490234375
0 0.7802734375 0.79296875 0.1474609375 0.224609375
0 0.92578125 0.8203125 0.1484375 0.24609375