3 0.826171875 0.6318359375 0.2109375 0.1328125
3 0.9814453125 0.38671875 0.037109375 0.078125
4 0.529296875 0.25390625 0.771484375 0.2421875
4 0.2724609375 0.685546875 0.544921875 0.169921875
4 0.1826171875 0.8818359375 0.365234375 0.095703125
1 0.03125 0.8154296875 0.0625 0.0390625
1 0.2041015625 0.7392578125 0.05859375 0.037109375
1 0.1533203125 0.7578125 0.041015625 0.01953125
1 0.1640625 0.7314453125 0.03515625 0.025390625
1 0.1337890625 0.7275390625 0.0390625 0.02734375
1 0.103515625 0.765625 0.04296875 0.021484375
1 0.0693359375 0.77734375 0.029296875 0.01953125
1 0.0478515625 0.7880859375 0.037109375 0.015625
1 0.0986328125 0.71875 0.04296875 0.0234375
1 0.0537109375 0.708984375 0.05078125 0.02734375
1 0.0615234375 0.7578125 0.046875 0.02734375
1 0.1357421875 0.6103515625 0.08203125 0.0546875
1 0.0712890625 0.60546875 0.078125 0.04296875
1 0.2216796875 0.611328125 0.078125 0.033203125
1 0.1962890625 0.5869140625 0.0546875 0.0234375
1 0.1552734375 0.5732421875 0.078125 0.03125
1 0.0947265625 0.5751953125 0.0859375 0.03125
1 0.0302734375 0.583984375 0.060546875 0.03515625
1 0.1611328125 0.5419921875 0.06640625 0.04296875
1 0.25 0.5419921875 0.13671875 0.05078125
1 0.3388671875 0.5126953125 0.1328125 0.044921875
1 0.416015625 0.4765625 0.125 0.04296875
1 0.5283203125 0.4248046875 0.0859375 0.0546875
1 0.486328125 0.4541015625 0.0546875 0.0234375
1 0.4658203125 0.431640625 0.0625 0.05078125
1 0.4267578125 0.4169921875 0.052734375 0.01953125
1 0.380859375 0.4365234375 0.05859375 0.0390625
1 0.5107421875 0.384765625 0.05078125 0.02734375
1 0.44140625 0.392578125 0.09765625 0.03515625
1 0.447265625 0.3515625 0.13671875 0.0546875
1 0.384765625 0.3251953125 0.146484375 0.06640625
1 0.3603515625 0.271484375 0.158203125 0.078125
1 0.251953125 0.30859375 0.0859375 0.03125
1 0.26953125 0.275390625 0.09765625 0.05078125
1 0.244140625 0.3466796875 0.0859375 0.04296875
1 0.177734375 0.3125 0.07421875 0.03125
1 0.16796875 0.2763671875 0.103515625 0.05078125
1 0.533203125 0.123046875 0.1015625 0.05078125
1 0.509765625 0.087890625 0.07421875 0.03515625
1 0.43359375 0.12109375 0.115234375 0.0703125
1 0.349609375 0.1142578125 0.09765625 0.05859375
1 0.2646484375 0.1201171875 0.10546875 0.0703125
1 0.2919921875 0.0654296875 0.08203125 0.04296875
1 0.3623046875 0.0634765625 0.087890625 0.0390625
1 0.451171875 0.0712890625 0.1171875 0.03515625
1 0.513671875 0.0302734375 0.208984375 0.060546875
1 0.41796875 0.95703125 0.041015625 0.01953125
1 0.4296875 0.9462890625 0.04296875 0.017578125
1 0.435546875 0.93359375 0.04296875 0.01953125
1 0.4501953125 0.923828125 0.04296875 0.017578125
1 0.4677734375 0.904296875 0.0546875 0.02734375
1 0.4892578125 0.8798828125 0.052734375 0.02734375
1 0.509765625 0.8515625 0.046875 0.0234375
1 0.53125 0.830078125 0.046875 0.03125
1 0.5595703125 0.802734375 0.0546875 0.02734375
1 0.5830078125 0.7734375 0.052734375 0.03125
1 0.60546875 0.74609375 0.05078125 0.03125
1 0.634765625 0.71484375 0.046875 0.03125
1 0.66015625 0.6865234375 0.056640625 0.03125
1 0.6884765625 0.6533203125 0.05859375 0.0390625
1 0.71484375 0.6259765625 0.052734375 0.033203125
1 0.74609375 0.5908203125 0.0625 0.03515625
1 0.7763671875 0.5576171875 0.05859375 0.03515625
1 0.8037109375 0.5224609375 0.060546875 0.0390625
1 0.83984375 0.4833984375 0.07421875 0.037109375
1 0.87109375 0.4482421875 0.072265625 0.03515625
1 0.908203125 0.41015625 0.08203125 0.04296875
1 0.9453125 0.3720703125 0.07421875 0.04296875
1 0.9677734375 0.328125 0.0625 0.041015625
1 0.376953125 0.943359375 0.06640625 0.048828125
1 0.4150390625 0.8974609375 0.0703125 0.046875
1 0.45703125 0.849609375 0.078125 0.05078125
1 0.5009765625 0.8017578125 0.07421875 0.0546875
1 0.546875 0.7490234375 0.078125 0.0546875
1 0.591796875 0.6943359375 0.08203125 0.05859375
1 0.6435546875 0.6357421875 0.09375 0.0625
1 0.6953125 0.572265625 0.09765625 0.064453125
1 0.7470703125 0.505859375 0.09765625 0.06640625
1 0.8046875 0.435546875 0.107421875 0.07421875
1 0.8720703125 0.361328125 0.09765625 0.0703125
1 0.935546875 0.2890625 0.11328125 0.0859375
1 0.96484375 0.2109375 0.0703125 0.076171875
1 0.3125 0.962890625 0.037109375 0.017578125
1 0.322265625 0.947265625 0.03515625 0.01953125
1 0.3349609375 0.93359375 0.03515625 0.01953125
1 0.3505859375 0.91796875 0.0390625 0.01953125
1 0.36328125 0.90234375 0.0390625 0.01953125
1 0.3740234375 0.88671875 0.03515625 0.0234375
1 0.388671875 0.8681640625 0.03515625 0.021484375
1 0.400390625 0.853515625 0.03515625 0.0234375
1 0.4140625 0.8369140625 0.0390625 0.021484375
1 0.431640625 0.8203125 0.0390625 0.01953125
1 0.443359375 0.8046875 0.0390625 0.0234375
1 0.4580078125 0.78515625 0.037109375 0.0234375
1 0.4736328125 0.76953125 0.0390625 0.01953125
1 0.4853515625 0.7529296875 0.03515625 0.0234375
1 0.4990234375 0.732421875 0.0390625 0.0234375
1 0.5146484375 0.7138671875 0.04296875 0.0234375
1 0.5322265625 0.697265625 0.0390625 0.0234375
1 0.5439453125 0.677734375 0.0390625 0.0234375
1 0.5625 0.6572265625 0.046875 0.02734375
1 0.5751953125 0.638671875 0.048828125 0.025390625
1 0.5947265625 0.6181640625 0.048828125 0.0234375
1 0.611328125 0.59765625 0.04296875 0.025390625
1 0.62890625 0.5771484375 0.04296875 0.02734375
1 0.6484375 0.5546875 0.04296875 0.029296875
1 0.6640625 0.5322265625 0.04296875 0.02734375
1 0.6826171875 0.5126953125 0.046875 0.03125
1 0.701171875 0.4873046875 0.04296875 0.029296875
1 0.72265625 0.46484375 0.048828125 0.02734375
1 0.740234375 0.44140625 0.04296875 0.03125
1 0.76171875 0.4169921875 0.052734375 0.03125
1 0.7841796875 0.390625 0.046875 0.03125
1 0.8037109375 0.3681640625 0.04296875 0.03125
1 0.822265625 0.341796875 0.046875 0.037109375
1 0.845703125 0.314453125 0.0546875 0.03125
1 0.8681640625 0.2861328125 0.05859375 0.03515625
1 0.890625 0.2587890625 0.05078125 0.03515625
1 0.9150390625 0.23046875 0.046875 0.03515625
1 0.94140625 0.2001953125 0.046875 0.037109375
1 0.96484375 0.173828125 0.0546875 0.0390625
1 0.9814453125 0.1396484375 0.037109375 0.0390625