1 0.7734375 0.2158203125 0.357421875 0.2587890625
1 0.5224609375 0.142578125 0.3828125 0.1591796875
1 0.2783203125 0.06640625 0.2958984375 0.1328125
1 0.7861328125 0.04296875 0.2724609375 0.0859375
4 0.5390625 0.0390625 0.2177734375 0.078125
1 0.1005859375 0.1865234375 0.201171875 0.173828125
1 0.2666015625 0.291015625 0.345703125 0.2177734375
1 0.1015625 0.4521484375 0.203125 0.146484375
4 0.048828125 0.3291015625 0.09765625 0.1904296875
1 0.48828125 0.4013671875 0.4150390625 0.22265625
1 0.8095703125 0.537109375 0.3798828125 0.28125
1 0.455078125 0.771484375 0.4658203125 0.27734375
1 0.1767578125 0.611328125 0.353515625 0.2763671875
4 0.453125 0.572265625 0.296875 0.28515625
1 0.7685546875 0.8828125 0.4423828125 0.234375
1 0.92578125 0.71484375 0.1474609375 0.203125
1 0.1708984375 0.873046875 0.341796875 0.25390625