1 0.2314453125 0.267578125 0.265625 0.3046875
1 0.2197265625 0.56640625 0.27734375 0.2890625
1 0.21484375 0.876953125 0.2421875 0.2421875
1 0.5478515625 0.56640625 0.25 0.3203125
1 0.552734375 0.26171875 0.2578125 0.29296875
1 0.5703125 0.8779296875 0.244140625 0.244140625
1 0.8857421875 0.2197265625 0.228515625 0.169921875
1 0.8828125 0.361328125 0.234375 0.11328125
1 0.8779296875 0.4990234375 0.2421875 0.16015625
1 0.8740234375 0.646484375 0.251953125 0.134765625
1 0.8701171875 0.73046875 0.244140625 0.111328125
1 0.8857421875 0.8232421875 0.228515625 0.091796875
1 0.9033203125 0.91015625 0.193359375 0.09765625
1 0.8994140625 0.9765625 0.19921875 0.046875