1 0.9833984375 0.15625 0.033203125 0.0703125
1 0.9404296875 0.1611328125 0.05859375 0.0703125
1 0.8818359375 0.1708984375 0.0546875 0.07421875
1 0.8251953125 0.1796875 0.05078125 0.072265625
1 0.7724609375 0.185546875 0.056640625 0.0625
1 0.7158203125 0.1923828125 0.056640625 0.06640625
1 0.662109375 0.197265625 0.046875 0.06640625
1 0.6142578125 0.2041015625 0.0546875 0.060546875
1 0.99609375 0.05078125 0.0078125 0.099609375
1 0.912109375 0.0625 0.15625 0.103515625
1 0.7470703125 0.0966796875 0.1640625 0.09765625
1 0.5869140625 0.1171875 0.15625 0.09765625
1 0.435546875 0.1328125 0.14453125 0.09765625
1 0.2900390625 0.1533203125 0.1484375 0.08984375
1 0.5595703125 0.2119140625 0.0546875 0.060546875
1 0.5078125 0.2177734375 0.052734375 0.06640625
1 0.4580078125 0.2177734375 0.056640625 0.06640625
1 0.4111328125 0.2275390625 0.05859375 0.0703125
1 0.357421875 0.2294921875 0.048828125 0.0625
1 0.306640625 0.23046875 0.05859375 0.060546875
1 0.2607421875 0.2509765625 0.05078125 0.06640625
1 0.150390625 0.1806640625 0.146484375 0.08203125
1 0.0380859375 0.1943359375 0.07421875 0.095703125
1 0.0263671875 0.2783203125 0.046875 0.064453125
1 0.076171875 0.26953125 0.05078125 0.0625
1 0.1220703125 0.267578125 0.044921875 0.06640625
1 0.169921875 0.2578125 0.05078125 0.0703125
1 0.2119140625 0.251953125 0.04296875 0.0625