4 0.4345703125 0.5 0.86328125 0.5703125
1 0.5107421875 0.958984375 0.103515625 0.08203125
1 0.40625 0.958984375 0.1015625 0.08203125
1 0.318359375 0.9638671875 0.0859375 0.072265625
1 0.2314453125 0.97265625 0.09765625 0.0546875
1 0.13671875 0.9697265625 0.06640625 0.060546875
1 0.1533203125 0.044921875 0.08203125 0.08984375
1 0.2548828125 0.0380859375 0.0859375 0.076171875
1 0.357421875 0.0283203125 0.099609375 0.056640625
1 0.4462890625 0.0341796875 0.078125 0.06640625
1 0.5400390625 0.037109375 0.103515625 0.07421875
3 0.880859375 0.955078125 0.189453125 0.08984375
3 0.9306640625 0.0419921875 0.138671875 0.083984375
0 0.7099609375 0.900390625 0.033203125 0.05078125
0 0.7099609375 0.955078125 0.0390625 0.048828125
0 0.7060546875 0.9921875 0.046875 0.015625
0 0.7490234375 0.0595703125 0.02734375 0.044921875
0 0.751953125 0.0146484375 0.03125 0.029296875
1 0.6279296875 0.048828125 0.033203125 0.09765625
1 0.6923828125 0.0498046875 0.048828125 0.09765625
1 0.6533203125 0.9384765625 0.0546875 0.12109375
1 0.59375 0.9384765625 0.03515625 0.12109375