3 0.3408203125 0.5693359375 0.3671875 0.861328125
4 0.2158203125 0.1083984375 0.0703125 0.2119140625
4 0.5732421875 0.220703125 0.0302734375 0.0703125
0 0.931640625 0.10546875 0.060546875 0.11328125
0 0.9716796875 0.037109375 0.056640625 0.0703125
1 0.9755859375 0.2744140625 0.0478515625 0.0849609375
1 0.9375 0.1953125 0.041015625 0.05078125
1 0.9873046875 0.1875 0.025390625 0.05859375
0 0.3359375 0.03125 0.0419921875 0.0615234375
0 0.369140625 0.07421875 0.0498046875 0.091796875
0 0.3984375 0.033203125 0.029296875 0.06640625
0 0.3935546875 0.1328125 0.0302734375 0.0732421875
3 0.091796875 0.244140625 0.0703125 0.1455078125
4 0.1396484375 0.1162109375 0.0673828125 0.1416015625