1 0.1474609375 0.82421875 0.294921875 0.0625
1 0.494140625 0.8603515625 0.41015625 0.064453125
1 0.83203125 0.9033203125 0.3359375 0.064453125
1 0.2255859375 0.658203125 0.451171875 0.23046875
1 0.66015625 0.6923828125 0.5703125 0.23828125
1 0.958984375 0.70703125 0.08203125 0.234375
1 0.0849609375 0.474609375 0.16796875 0.140625
1 0.3125 0.50390625 0.15234375 0.111328125
1 0.3994140625 0.4140625 0.21484375 0.087890625
1 0.0703125 0.193359375 0.140625 0.1328125
1 0.0302734375 0.3388671875 0.060546875 0.130859375
1 0.140625 0.4345703125 0.20703125 0.0625
1 0.134765625 0.2421875 0.197265625 0.07421875
1 0.2646484375 0.34375 0.1796875 0.21875
0 0.125 0.3388671875 0.158203125 0.1328125
1 0.23828125 0.1318359375 0.1796875 0.0546875
1 0.298828125 0.1767578125 0.142578125 0.103515625
1 0.4365234375 0.271484375 0.25 0.099609375
1 0.6171875 0.17578125 0.1796875 0.119140625
0 0.4560546875 0.18359375 0.203125 0.10546875
1 0.826171875 0.1044921875 0.296875 0.07421875
0 0.8564453125 0.0966796875 0.11328125 0.0390625
1 0.9052734375 0.1962890625 0.189453125 0.232421875
1 0.5283203125 0.3505859375 0.181640625 0.154296875
1 0.7216796875 0.447265625 0.3125 0.08203125
1 0.7138671875 0.24609375 0.27734375 0.1171875
1 0.8896484375 0.3515625 0.1875 0.150390625
0 0.7021484375 0.34765625 0.21484375 0.15234375
1 0.6162109375 0.5078125 0.173828125 0.11328125
0 0.451171875 0.5 0.177734375 0.107421875
1 0.888671875 0.51171875 0.203125 0.14453125
0 0.990234375 0.5078125 0.01953125 0.0859375
1 0.958984375 0.419921875 0.08203125 0.0859375