2 0.7666015625 0.1865234375 0.0771484375 0.1083984375
2 0.828125 0.279296875 0.1015625 0.1142578125
2 0.8876953125 0.3798828125 0.109375 0.1064453125
2 0.9375 0.486328125 0.1123046875 0.111328125
2 0.4091796875 0.32421875 0.0908203125 0.11328125
2 0.46875 0.4345703125 0.0830078125 0.1220703125
2 0.521484375 0.552734375 0.0869140625 0.1064453125
2 0.5810546875 0.6572265625 0.09375 0.1064453125
2 0.6357421875 0.7685546875 0.095703125 0.1162109375
2 0.6943359375 0.8798828125 0.0693359375 0.1123046875
2 0.755859375 0.974609375 0.076171875 0.05078125
2 0.1650390625 0.5791015625 0.056640625 0.1162109375
2 0.1376953125 0.7197265625 0.078125 0.134765625
2 0.078125 0.8818359375 0.0751953125 0.1162109375
1 0.375 0.5302734375 0.0751953125 0.0791015625
1 0.40625 0.59375 0.09375 0.080078125
1 0.4462890625 0.666015625 0.0966796875 0.0908203125
1 0.4853515625 0.7509765625 0.0751953125 0.0966796875
1 0.5322265625 0.82421875 0.091796875 0.080078125
1 0.5654296875 0.9013671875 0.0908203125 0.0947265625
1 0.6083984375 0.9638671875 0.095703125 0.072265625
1 0.2255859375 0.607421875 0.05859375 0.072265625
1 0.2109375 0.6796875 0.0732421875 0.0751953125
1 0.1884765625 0.771484375 0.083984375 0.095703125
1 0.162109375 0.8837890625 0.0869140625 0.1044921875
1 0.140625 0.9638671875 0.09375 0.072265625
1 0.734375 0.3779296875 0.060546875 0.1064453125
1 0.7822265625 0.4619140625 0.072265625 0.099609375
1 0.8291015625 0.5380859375 0.0849609375 0.0703125
1 0.8525390625 0.6015625 0.0810546875 0.0615234375
1 0.9013671875 0.662109375 0.08203125 0.080078125
1 0.9453125 0.724609375 0.083984375 0.0810546875
1 0.9716796875 0.794921875 0.056640625 0.078125