2 0.326171875 0.310546875 0.244140625 0.1484375
2 0.421875 0.482421875 0.23828125 0.15234375
2 0.53125 0.65234375 0.24609375 0.1328125
2 0.6494140625 0.83203125 0.2265625 0.16015625
2 0.740234375 0.9638671875 0.208984375 0.072265625
2 0.2119140625 0.0546875 0.265625 0.109375
0 0.015625 0.0263671875 0.03125 0.052734375
1 0.5068359375 0.275390625 0.18359375 0.125
1 0.5595703125 0.3876953125 0.18359375 0.08984375
1 0.6171875 0.4853515625 0.18359375 0.087890625
1 0.6650390625 0.564453125 0.1796875 0.078125
1 0.72265625 0.6494140625 0.17578125 0.08984375
1 0.7880859375 0.7421875 0.17578125 0.109375
1 0.8447265625 0.83203125 0.1953125 0.095703125
1 0.9072265625 0.9326171875 0.185546875 0.107421875
1 0.03125 0.07421875 0.0625 0.068359375