0 0.4404296875 0.5 0.0849609375 0.1513671875
1 0.443359375 0.2275390625 0.1220703125 0.2490234375
1 0.5595703125 0.2890625 0.1318359375 0.23046875
1 0.59375 0.5126953125 0.134765625 0.1767578125
1 0.55859375 0.7314453125 0.1376953125 0.2509765625
1 0.4521484375 0.76953125 0.1201171875 0.2548828125
1 0.3359375 0.7041015625 0.146484375 0.2353515625
1 0.2939453125 0.4462890625 0.12890625 0.25
1 0.32421875 0.259765625 0.1259765625 0.263671875
1 0.79296875 0.2978515625 0.3896484375 0.5078125
1 0.8056640625 0.7744140625 0.388671875 0.451171875
1 0.1611328125 0.2421875 0.322265625 0.4306640625
1 0.1572265625 0.689453125 0.306640625 0.4677734375