3 0.2158203125 0.0595703125 0.0146484375 0.0283203125
3 0.2265625 0.0546875 0.0126953125 0.0283203125
3 0.236328125 0.0498046875 0.01171875 0.029296875
3 0.228515625 0.103515625 0.0146484375 0.0361328125
3 0.2412109375 0.0947265625 0.015625 0.0361328125
3 0.2548828125 0.08984375 0.0166015625 0.037109375
3 0.255859375 0.140625 0.025390625 0.041015625
3 0.240234375 0.1533203125 0.021484375 0.044921875
3 0.2724609375 0.130859375 0.0205078125 0.04296875
2 0.14453125 0.3349609375 0.0908203125 0.15625
2 0.1669921875 0.2802734375 0.1005859375 0.1669921875
2 0.3896484375 0.158203125 0.056640625 0.19140625
2 0.4365234375 0.185546875 0.0498046875 0.201171875
3 0.0302734375 0.7939453125 0.060546875 0.3994140625
3 0.21875 0.6611328125 0.087890625 0.2255859375
3 0.34765625 0.7958984375 0.1337890625 0.3076171875
3 0.482421875 0.7451171875 0.083984375 0.2333984375
3 0.666015625 0.65625 0.0595703125 0.185546875
3 0.6982421875 0.7470703125 0.07421875 0.1865234375
3 0.7958984375 0.701171875 0.05859375 0.1962890625
3 0.9169921875 0.7998046875 0.0712890625 0.1708984375
3 0.947265625 0.75390625 0.044921875 0.17578125
2 0.6083984375 0.458984375 0.0478515625 0.1064453125
2 0.7470703125 0.525390625 0.048828125 0.12109375
3 0.5732421875 0.47265625 0.0322265625 0.109375
3 0.373046875 0.5048828125 0.103515625 0.25390625
2 0.0068359375 0.3779296875 0.013671875 0.046875
2 0.0224609375 0.4013671875 0.025390625 0.04296875
2 0.0361328125 0.4267578125 0.01953125 0.0361328125
2 0.0517578125 0.44921875 0.0224609375 0.041015625
2 0.068359375 0.4775390625 0.0234375 0.037109375
2 0.0869140625 0.5048828125 0.01953125 0.0380859375
2 0.10546875 0.533203125 0.0185546875 0.041015625
2 0.1220703125 0.55859375 0.021484375 0.037109375
2 0.138671875 0.583984375 0.01953125 0.0419921875
2 0.158203125 0.61328125 0.0224609375 0.044921875
2 0.1787109375 0.63671875 0.0234375 0.041015625
2 0.1845703125 0.3447265625 0.0263671875 0.03125
2 0.208984375 0.291015625 0.0166015625 0.0400390625
2 0.22265625 0.3115234375 0.021484375 0.0341796875
2 0.20703125 0.37109375 0.0166015625 0.037109375
2 0.2216796875 0.396484375 0.021484375 0.041015625
2 0.23828125 0.3310546875 0.0205078125 0.0322265625
2 0.25390625 0.3544921875 0.021484375 0.0361328125
2 0.2392578125 0.416015625 0.0205078125 0.041015625
2 0.2734375 0.3798828125 0.017578125 0.03515625
2 0.255859375 0.44140625 0.025390625 0.037109375
2 0.2919921875 0.3994140625 0.0224609375 0.0380859375
2 0.3056640625 0.427734375 0.0224609375 0.0322265625
2 0.326171875 0.44921875 0.021484375 0.0361328125
2 0.2734375 0.462890625 0.0234375 0.0400390625
2 0.291015625 0.4921875 0.0224609375 0.041015625
2 0.3095703125 0.517578125 0.0224609375 0.041015625
2 0.326171875 0.5380859375 0.01953125 0.0380859375
2 0.3427734375 0.5625 0.01953125 0.037109375
2 0.365234375 0.5908203125 0.0234375 0.03515625
2 0.3603515625 0.4365234375 0.021484375 0.033203125
2 0.3603515625 0.3994140625 0.021484375 0.0341796875
2 0.3623046875 0.3720703125 0.0234375 0.037109375
2 0.3603515625 0.3330078125 0.0283203125 0.0400390625
2 0.36328125 0.3046875 0.021484375 0.0322265625
2 0.3623046875 0.2744140625 0.0205078125 0.0361328125
2 0.361328125 0.2421875 0.021484375 0.0380859375
2 0.36328125 0.20703125 0.021484375 0.0380859375
2 0.4072265625 0.2373046875 0.0234375 0.03515625
2 0.4091796875 0.2685546875 0.0185546875 0.0390625
2 0.4091796875 0.302734375 0.021484375 0.0400390625
2 0.41015625 0.333984375 0.0185546875 0.0390625
2 0.4111328125 0.3671875 0.01953125 0.033203125
2 0.4111328125 0.3994140625 0.0185546875 0.0380859375
2 0.4130859375 0.4326171875 0.021484375 0.04296875
2 0.412109375 0.466796875 0.021484375 0.04296875
2 0.412109375 0.5068359375 0.0234375 0.0380859375
2 0.412109375 0.5419921875 0.0205078125 0.0361328125
2 0.4150390625 0.580078125 0.021484375 0.03515625
2 0.4501953125 0.2490234375 0.013671875 0.03125
2 0.46484375 0.283203125 0.0185546875 0.0458984375
2 0.482421875 0.3173828125 0.017578125 0.041015625
2 0.498046875 0.3564453125 0.015625 0.044921875
2 0.513671875 0.388671875 0.013671875 0.04296875
2 0.533203125 0.42578125 0.01953125 0.04296875
2 0.548828125 0.4599609375 0.013671875 0.0361328125
2 0.5693359375 0.4970703125 0.0185546875 0.0380859375
2 0.5849609375 0.5341796875 0.0126953125 0.0400390625
2 0.6015625 0.56640625 0.0146484375 0.033203125
2 0.6142578125 0.6005859375 0.0205078125 0.041015625
2 0.619140625 0.470703125 0.013671875 0.041015625
2 0.6318359375 0.4921875 0.013671875 0.048828125
2 0.6455078125 0.5146484375 0.013671875 0.048828125
2 0.66015625 0.533203125 0.015625 0.04296875
2 0.673828125 0.5517578125 0.017578125 0.041015625
2 0.6904296875 0.57421875 0.015625 0.046875
2 0.7021484375 0.591796875 0.0185546875 0.044921875
2 0.7197265625 0.6162109375 0.01953125 0.0439453125
2 0.7373046875 0.6357421875 0.025390625 0.0439453125
2 0.75 0.6552734375 0.0185546875 0.0400390625