4 0.486328125 0.4384765625 0.908203125 0.734375
1 0.9267578125 0.9169921875 0.076171875 0.111328125
1 0.939453125 0.8505859375 0.064453125 0.0625
1 0.95703125 0.7724609375 0.0703125 0.09375
1 0.9736328125 0.6962890625 0.052734375 0.087890625
1 0.986328125 0.4501953125 0.02734375 0.087890625
1 0.98046875 0.5546875 0.0390625 0.078125
1 0.9765625 0.625 0.046875 0.078125
1 0.9794921875 0.375 0.041015625 0.08984375
1 0.97265625 0.28125 0.0546875 0.08984375
1 0.970703125 0.19921875 0.05859375 0.109375
1 0.9638671875 0.1123046875 0.072265625 0.080078125
1 0.9404296875 0.037109375 0.072265625 0.07421875
1 0.904296875 0.9853515625 0.0859375 0.029296875
1 0.1884765625 0.9228515625 0.15625 0.154296875
1 0.3994140625 0.892578125 0.26953125 0.21484375
1 0.2373046875 0.7109375 0.1953125 0.1953125
1 0.2568359375 0.19921875 0.1953125 0.185546875
1 0.302734375 0.0673828125 0.3125 0.1328125