0 0.5224609375 0.0849609375 0.107421875 0.125
0 0.7021484375 0.1162109375 0.07421875 0.12109375
0 0.291015625 0.099609375 0.09375 0.134765625
0 0.3984375 0.216796875 0.12109375 0.12109375
0 0.6455078125 0.2294921875 0.099609375 0.12109375
0 0.53125 0.3212890625 0.095703125 0.12109375
0 0.2841796875 0.357421875 0.06640625 0.10546875
0 0.408203125 0.4677734375 0.11328125 0.13671875
0 0.638671875 0.4677734375 0.068359375 0.140625
0 0.5263671875 0.580078125 0.10546875 0.12109375
0 0.2841796875 0.61328125 0.083984375 0.125
0 0.2255859375 0.5068359375 0.046875 0.119140625
0 0.228515625 0.384765625 0.0390625 0.12890625
0 0.2275390625 0.2529296875 0.046875 0.125
0 0.3984375 0.724609375 0.111328125 0.12890625
0 0.23828125 0.7333984375 0.064453125 0.126953125
0 0.294921875 0.87109375 0.10546875 0.140625
0 0.5224609375 0.8544921875 0.109375 0.140625
0 0.634765625 0.7294921875 0.08984375 0.1484375
0 0.7119140625 0.6123046875 0.05859375 0.1171875
0 0.705078125 0.3525390625 0.052734375 0.1328125
0 0.388671875 0.96484375 0.119140625 0.0703125
0 0.2294921875 0.974609375 0.068359375 0.05078125
0 0.63671875 0.9580078125 0.08984375 0.083984375