4 0.64453125 0.5087890625 0.3359375 0.19921875
1 0.1748046875 0.0244140625 0.056640625 0.048828125
1 0.1708984375 0.1083984375 0.0625 0.18359375
1 0.1748046875 0.2587890625 0.06640625 0.17578125
1 0.1728515625 0.4267578125 0.064453125 0.18359375
1 0.171875 0.587890625 0.068359375 0.1953125
1 0.1748046875 0.7685546875 0.068359375 0.154296875
1 0.1748046875 0.9150390625 0.05078125 0.1328125
1 0.1767578125 0.9599609375 0.05859375 0.080078125
0 0.22265625 0.98828125 0.021484375 0.0234375
0 0.22265625 0.919921875 0.01953125 0.041015625
0 0.2236328125 0.841796875 0.02734375 0.0390625
0 0.224609375 0.7646484375 0.02734375 0.04296875
0 0.2236328125 0.689453125 0.02734375 0.04296875
0 0.2236328125 0.611328125 0.025390625 0.0546875
0 0.224609375 0.53515625 0.02734375 0.05859375
0 0.2255859375 0.4599609375 0.02734375 0.05078125
0 0.22265625 0.3828125 0.0234375 0.052734375
0 0.2236328125 0.302734375 0.029296875 0.0546875
0 0.22265625 0.2265625 0.02734375 0.056640625
0 0.2216796875 0.1513671875 0.02734375 0.060546875
0 0.22265625 0.076171875 0.02734375 0.046875
0 0.220703125 0.0087890625 0.0234375 0.017578125
0 0.318359375 0.0107421875 0.0546875 0.01953125
0 0.3173828125 0.0615234375 0.05859375 0.08984375
0 0.3173828125 0.15625 0.05859375 0.0859375
0 0.318359375 0.240234375 0.06640625 0.09375
0 0.314453125 0.3310546875 0.0625 0.08984375
0 0.3173828125 0.4169921875 0.0625 0.09765625
0 0.3212890625 0.498046875 0.06640625 0.087890625
0 0.3193359375 0.58984375 0.06640625 0.09765625
0 0.3193359375 0.67578125 0.05859375 0.09765625
0 0.31640625 0.7568359375 0.06640625 0.08984375
0 0.318359375 0.837890625 0.06640625 0.091796875
0 0.3203125 0.9267578125 0.064453125 0.09375
0 0.31640625 0.9833984375 0.06640625 0.033203125
1 0.4013671875 0.107421875 0.0859375 0.189453125
1 0.4150390625 0.34765625 0.1015625 0.3046875
1 0.4033203125 0.677734375 0.095703125 0.27734375
1 0.400390625 0.8896484375 0.0859375 0.12109375
1 0.4619140625 0.890625 0.046875 0.109375
1 0.4951171875 0.8193359375 0.03125 0.1171875
1 0.4990234375 0.9140625 0.04296875 0.078125
1 0.5390625 0.923828125 0.04296875 0.0703125
1 0.5703125 0.9013671875 0.044921875 0.0703125
1 0.5634765625 0.7548828125 0.12109375 0.19140625
1 0.5537109375 0.2568359375 0.11328125 0.251953125
1 0.57421875 0.119140625 0.03515625 0.07421875
1 0.5419921875 0.1015625 0.03515625 0.06640625
1 0.5068359375 0.103515625 0.03515625 0.0546875
1 0.4677734375 0.1220703125 0.04296875 0.126953125
1 0.69921875 0.29296875 0.201171875 0.1875
1 0.720703125 0.7197265625 0.1953125 0.177734375
1 0.68359375 0.041015625 0.09765625 0.08203125
1 0.7421875 0.0458984375 0.0859375 0.091796875
1 0.7900390625 0.064453125 0.087890625 0.12890625
1 0.8330078125 0.1318359375 0.109375 0.12890625
1 0.8662109375 0.2060546875 0.10546875 0.109375
1 0.888671875 0.2900390625 0.1015625 0.11328125
1 0.931640625 0.3828125 0.11328125 0.109375
1 0.921875 0.623046875 0.12109375 0.09765625
1 0.8974609375 0.724609375 0.12109375 0.115234375
1 0.8671875 0.8056640625 0.09375 0.111328125
1 0.8369140625 0.8916015625 0.099609375 0.091796875
1 0.806640625 0.939453125 0.08984375 0.12109375
1 0.755859375 0.95703125 0.103515625 0.0859375
1 0.6875 0.9697265625 0.078125 0.060546875
1 0.6279296875 0.9638671875 0.0390625 0.0703125
1 0.6591796875 0.916015625 0.04296875 0.03125
1 0.6875 0.9208984375 0.033203125 0.04296875
1 0.7138671875 0.912109375 0.0390625 0.041015625
1 0.740234375 0.8916015625 0.04296875 0.046875
1 0.76953125 0.8720703125 0.04296875 0.05078125
1 0.787109375 0.8359375 0.04296875 0.04296875
1 0.810546875 0.7919921875 0.04296875 0.0625
1 0.8310546875 0.7373046875 0.03515625 0.060546875
1 0.8505859375 0.6796875 0.03515625 0.05078125
1 0.578125 0.0068359375 0.044921875 0.013671875
1 0.603515625 0.0185546875 0.04296875 0.037109375
1 0.625 0.0654296875 0.041015625 0.07421875
1 0.662109375 0.1181640625 0.03125 0.068359375
1 0.693359375 0.107421875 0.044921875 0.0546875
1 0.7158203125 0.1142578125 0.037109375 0.044921875
1 0.7431640625 0.126953125 0.0390625 0.0546875
1 0.7666015625 0.1533203125 0.03515625 0.048828125
1 0.7841796875 0.185546875 0.0390625 0.046875
1 0.806640625 0.2255859375 0.03125 0.05859375
1 0.8232421875 0.2724609375 0.03515625 0.052734375
1 0.8388671875 0.32421875 0.03125 0.060546875
1 0.8505859375 0.37109375 0.04296875 0.0625
1 0.865234375 0.4267578125 0.02734375 0.0546875
1 0.876953125 0.5517578125 0.041015625 0.05859375
1 0.8857421875 0.4677734375 0.037109375 0.05078125