4 0.51171875 0.3154296875 0.8837890625 0.630859375
1 0.0400390625 0.9609375 0.06640625 0.060546875
1 0.07421875 0.91796875 0.02734375 0.0302734375
1 0.0556640625 0.8662109375 0.0703125 0.080078125
1 0.0615234375 0.759765625 0.072265625 0.06640625
1 0.06640625 0.8056640625 0.05859375 0.0322265625
1 0.0673828125 0.662109375 0.0634765625 0.142578125
1 0.083984375 0.484375 0.0634765625 0.0458984375
1 0.1318359375 0.4423828125 0.0615234375 0.046875
1 0.0966796875 0.4130859375 0.07421875 0.0546875
1 0.146484375 0.3759765625 0.080078125 0.048828125
1 0.0908203125 0.3349609375 0.0615234375 0.060546875
1 0.2060546875 0.333984375 0.0625 0.0556640625
1 0.1513671875 0.29296875 0.0869140625 0.048828125
4 0.1513671875 0.3330078125 0.0537109375 0.0478515625
1 0.103515625 0.2587890625 0.0732421875 0.0654296875
1 0.2080078125 0.259765625 0.07421875 0.05078125
1 0.2744140625 0.216796875 0.0859375 0.0478515625
4 0.2734375 0.2548828125 0.056640625 0.0537109375
1 0.251953125 0.2919921875 0.0390625 0.0302734375
1 0.15625 0.2236328125 0.083984375 0.0439453125
1 0.1044921875 0.185546875 0.05078125 0.046875
1 0.2216796875 0.1845703125 0.0712890625 0.05078125
1 0.162109375 0.1474609375 0.078125 0.0478515625
4 0.1591796875 0.1845703125 0.0634765625 0.0498046875
1 0.11328125 0.11328125 0.052734375 0.0517578125
1 0.0380859375 0.021484375 0.076171875 0.04296875
1 0.166015625 0.083984375 0.0859375 0.0419921875
1 0.1181640625 0.046875 0.0458984375 0.0537109375
1 0.2314453125 0.044921875 0.0751953125 0.046875
1 0.169921875 0.0166015625 0.08203125 0.033203125
4 0.1669921875 0.0439453125 0.0556640625 0.0458984375
1 0.2890625 0.017578125 0.0849609375 0.03515625
1 0.341796875 0.048828125 0.0712890625 0.046875
1 0.404296875 0.0166015625 0.0859375 0.033203125
1 0.392578125 0.08203125 0.05859375 0.0341796875
1 0.28125 0.0791015625 0.0859375 0.04296875
1 0.220703125 0.11328125 0.0771484375 0.052734375
1 0.34375 0.1171875 0.072265625 0.052734375
1 0.279296875 0.1513671875 0.08984375 0.046875
4 0.283203125 0.111328125 0.05078125 0.048828125
4 0.404296875 0.0498046875 0.048828125 0.0478515625
1 0.326171875 0.189453125 0.0576171875 0.046875
1 0.6416015625 0.017578125 0.078125 0.0341796875
1 0.7001953125 0.048828125 0.064453125 0.0458984375
1 0.6572265625 0.0791015625 0.03515625 0.02734375
1 0.7548828125 0.017578125 0.0966796875 0.0341796875
1 0.8056640625 0.0517578125 0.0576171875 0.0556640625
1 0.8603515625 0.017578125 0.060546875 0.0341796875
1 0.8681640625 0.0908203125 0.07421875 0.044921875
4 0.87109375 0.046875 0.048828125 0.044921875
1 0.7548828125 0.0859375 0.078125 0.04296875
1 0.6962890625 0.1201171875 0.0556640625 0.0517578125
1 0.8154296875 0.12109375 0.064453125 0.048828125
1 0.7568359375 0.1611328125 0.0966796875 0.044921875
1 0.8095703125 0.193359375 0.0673828125 0.0517578125
1 0.869140625 0.1552734375 0.0712890625 0.044921875
1 0.75390625 0.224609375 0.0830078125 0.0439453125
1 0.8720703125 0.2314453125 0.08984375 0.04296875
1 0.8212890625 0.2646484375 0.0732421875 0.0517578125
4 0.7568359375 0.119140625 0.0625 0.0498046875
4 0.87109375 0.189453125 0.0615234375 0.0498046875
4 0.75390625 0.2578125 0.0478515625 0.0439453125
1 0.8720703125 0.30078125 0.078125 0.04296875
1 0.82421875 0.33984375 0.052734375 0.048828125
1 0.880859375 0.3837890625 0.0810546875 0.04296875
4 0.8779296875 0.3369140625 0.0576171875 0.0439453125
4 0.5576171875 0.8916015625 0.1376953125 0.1015625
1 0.125 0.990234375 0.0361328125 0.01953125
1 0.125 0.9716796875 0.0341796875 0.0205078125
1 0.125 0.9521484375 0.0322265625 0.0205078125
1 0.125 0.9326171875 0.029296875 0.0224609375
1 0.12890625 0.91015625 0.037109375 0.0234375
1 0.130859375 0.890625 0.0302734375 0.0244140625
1 0.1318359375 0.869140625 0.033203125 0.02734375
1 0.1357421875 0.84765625 0.0322265625 0.0224609375
1 0.1337890625 0.8291015625 0.033203125 0.0205078125
1 0.13671875 0.8115234375 0.03515625 0.0185546875
1 0.1396484375 0.79296875 0.041015625 0.0205078125
1 0.1396484375 0.7744140625 0.03125 0.0263671875
1 0.138671875 0.748046875 0.037109375 0.0234375
1 0.1416015625 0.724609375 0.0322265625 0.0244140625
1 0.1455078125 0.697265625 0.0361328125 0.025390625
1 0.1484375 0.6728515625 0.03515625 0.0205078125
1 0.154296875 0.65234375 0.0400390625 0.0244140625
1 0.185546875 0.65234375 0.037109375 0.0224609375
1 0.2158203125 0.6513671875 0.0322265625 0.0234375
1 0.2421875 0.65234375 0.03125 0.0263671875
1 0.26953125 0.654296875 0.0390625 0.0244140625
1 0.302734375 0.6513671875 0.041015625 0.0224609375
1 0.3369140625 0.65234375 0.03515625 0.0244140625
1 0.359375 0.65234375 0.0419921875 0.025390625
1 0.390625 0.654296875 0.0390625 0.025390625
1 0.4189453125 0.654296875 0.037109375 0.025390625
1 0.4453125 0.654296875 0.029296875 0.0224609375
1 0.4794921875 0.6533203125 0.048828125 0.0234375
1 0.505859375 0.654296875 0.03515625 0.0205078125
1 0.5419921875 0.654296875 0.041015625 0.025390625
1 0.5693359375 0.654296875 0.04296875 0.0224609375
1 0.603515625 0.654296875 0.041015625 0.0234375
1 0.626953125 0.6552734375 0.0458984375 0.0224609375
1 0.65625 0.6552734375 0.0498046875 0.0224609375
1 0.6826171875 0.6552734375 0.044921875 0.0234375
1 0.7158203125 0.65625 0.0498046875 0.025390625
1 0.748046875 0.6552734375 0.03515625 0.0234375
1 0.7763671875 0.65625 0.04296875 0.0234375
1 0.806640625 0.6552734375 0.041015625 0.0224609375
1 0.8330078125 0.6552734375 0.0361328125 0.021484375
1 0.865234375 0.658203125 0.03125 0.029296875
1 0.8701171875 0.6953125 0.0302734375 0.0341796875
1 0.8671875 0.7275390625 0.0341796875 0.03515625
1 0.87109375 0.75390625 0.037109375 0.037109375
1 0.87109375 0.775390625 0.033203125 0.03515625
1 0.87109375 0.794921875 0.0341796875 0.03125
1 0.8720703125 0.8134765625 0.029296875 0.033203125
1 0.8740234375 0.830078125 0.033203125 0.0322265625
1 0.875 0.8544921875 0.033203125 0.03125
1 0.873046875 0.875 0.0302734375 0.0361328125
1 0.876953125 0.8974609375 0.03125 0.037109375
1 0.87890625 0.931640625 0.0283203125 0.041015625
1 0.8818359375 0.9765625 0.037109375 0.046875