4 0.4609375 0.640625 0.1484375 0.0703125
4 0.4140625 0.5849609375 0.162109375 0.076171875
4 0.390625 0.4892578125 0.1328125 0.10546875
4 0.419921875 0.3857421875 0.138671875 0.05078125
4 0.46875 0.3271484375 0.158203125 0.068359375
4 0.5556640625 0.49609375 0.234375 0.1796875
1 0.42578125 0.751953125 0.060546875 0.06640625
1 0.37890625 0.71875 0.04296875 0.078125
1 0.341796875 0.68359375 0.05078125 0.07421875
1 0.3115234375 0.638671875 0.0546875 0.083984375
1 0.47265625 0.76171875 0.046875 0.080078125
1 0.5185546875 0.7685546875 0.044921875 0.05859375
1 0.55859375 0.763671875 0.046875 0.06640625
1 0.6064453125 0.7548828125 0.06640625 0.046875
1 0.638671875 0.7265625 0.06640625 0.04296875
1 0.6669921875 0.6962890625 0.076171875 0.037109375
1 0.6982421875 0.6630859375 0.0703125 0.041015625
1 0.7119140625 0.6181640625 0.0703125 0.044921875
1 0.7255859375 0.572265625 0.06640625 0.04296875
1 0.7373046875 0.5283203125 0.05859375 0.048828125
1 0.7353515625 0.482421875 0.056640625 0.046875
1 0.736328125 0.4384765625 0.0546875 0.05078125
1 0.720703125 0.3955078125 0.060546875 0.044921875
1 0.708984375 0.3525390625 0.0703125 0.041015625
1 0.68359375 0.3125 0.0625 0.04296875
1 0.6552734375 0.2802734375 0.08203125 0.03515625
1 0.62890625 0.255859375 0.076171875 0.03515625
1 0.5927734375 0.23046875 0.07421875 0.046875
1 0.552734375 0.2197265625 0.068359375 0.05078125
1 0.4140625 0.23828125 0.0546875 0.06640625
1 0.37890625 0.267578125 0.05078125 0.076171875
1 0.33984375 0.306640625 0.048828125 0.078125