4 0.59765625 0.8935546875 0.0556640625 0.1865234375
4 0.3125 0.9375 0.0361328125 0.1240234375
4 0.099609375 0.6474609375 0.0595703125 0.1298828125
4 0.1337890625 0.626953125 0.0380859375 0.1435546875
4 0.1708984375 0.578125 0.046875 0.1650390625
4 0.216796875 0.525390625 0.0380859375 0.1396484375
4 0.2734375 0.49609375 0.060546875 0.181640625
4 0.3349609375 0.4248046875 0.078125 0.1796875
4 0.419921875 0.3525390625 0.091796875 0.224609375
4 0.5302734375 0.2734375 0.107421875 0.2802734375
4 0.65234375 0.0771484375 0.09375 0.154296875
3 0.197265625 0.3515625 0.0556640625 0.1181640625
3 0.060546875 0.51171875 0.0634765625 0.142578125