1 0.8525390625 0.01171875 0.0625 0.0234375
1 0.8798828125 0.009765625 0.15625 0.01953125
1 0.962890625 0.0537109375 0.07421875 0.0234375
1 0.990234375 0.0439453125 0.01953125 0.009765625
1 0.888671875 0.9638671875 0.111328125 0.0234375
1 0.81640625 0.87890625 0.05078125 0.083984375
1 0.859375 0.8701171875 0.056640625 0.08203125
1 0.916015625 0.8564453125 0.05078125 0.07421875
1 0.947265625 0.84765625 0.041015625 0.07421875
1 0.978515625 0.83984375 0.04296875 0.078125
1 0.990234375 0.15234375 0.01953125 0.08984375
1 0.96484375 0.138671875 0.037109375 0.095703125
1 0.9365234375 0.1279296875 0.046875 0.09765625
1 0.89453125 0.1171875 0.046875 0.09765625
1 0.84375 0.099609375 0.05078125 0.09765625
1 0.802734375 0.08984375 0.05078125 0.099609375
1 0.8037109375 0.1708984375 0.0625 0.0546875
1 0.8095703125 0.24609375 0.068359375 0.107421875
1 0.86328125 0.177734375 0.046875 0.046875
1 0.923828125 0.2001953125 0.060546875 0.05078125
1 0.970703125 0.2177734375 0.0546875 0.04296875
1 0.9736328125 0.2626953125 0.05078125 0.07421875
1 0.9130859375 0.2578125 0.0703125 0.072265625
1 0.951171875 0.3212890625 0.046875 0.06640625
1 0.9775390625 0.412109375 0.044921875 0.08984375
1 0.98046875 0.4892578125 0.0390625 0.05859375
1 0.9775390625 0.5419921875 0.044921875 0.064453125
1 0.974609375 0.62109375 0.05078125 0.11328125
1 0.9765625 0.7294921875 0.046875 0.103515625
1 0.9326171875 0.7001953125 0.0546875 0.08984375
1 0.921875 0.771484375 0.076171875 0.0546875
1 0.80859375 0.6962890625 0.0546875 0.05859375
1 0.810546875 0.7958984375 0.04296875 0.06640625
1 0.8544921875 0.7802734375 0.0546875 0.05078125
0 0.76171875 0.671875 0.03515625 0.11328125
0 0.763671875 0.78515625 0.0390625 0.119140625
0 0.765625 0.8955078125 0.03515625 0.1171875
0 0.6953125 0.943359375 0.080078125 0.0703125
0 0.62890625 0.9658203125 0.0859375 0.068359375
0 0.5712890625 0.9716796875 0.0703125 0.056640625
0 0.5048828125 0.982421875 0.08984375 0.03515625
0 0.4033203125 0.9599609375 0.048828125 0.080078125
0 0.404296875 0.849609375 0.05078125 0.1484375
0 0.4033203125 0.7138671875 0.04296875 0.13671875
0 0.3974609375 0.1953125 0.046875 0.15234375
0 0.3916015625 0.0625 0.041015625 0.125
0 0.6689453125 0.0107421875 0.068359375 0.021484375
0 0.728515625 0.013671875 0.060546875 0.02734375
0 0.7421875 0.0478515625 0.044921875 0.09375
0 0.7451171875 0.1513671875 0.04296875 0.119140625
0 0.74609375 0.259765625 0.0390625 0.119140625
0 0.7568359375 0.345703125 0.037109375 0.05859375
0 0.763671875 0.587890625 0.04296875 0.048828125
1 0.6962890625 0.390625 0.0625 0.1015625
1 0.7041015625 0.537109375 0.0625 0.103515625
1 0.703125 0.626953125 0.06640625 0.09375
1 0.70703125 0.71875 0.05859375 0.087890625
1 0.70703125 0.8173828125 0.06640625 0.107421875
1 0.658203125 0.837890625 0.0859375 0.12890625
1 0.6064453125 0.8447265625 0.046875 0.13671875
1 0.5595703125 0.8564453125 0.06640625 0.126953125
1 0.490234375 0.869140625 0.08984375 0.14453125
1 0.4833984375 0.7529296875 0.083984375 0.1171875
1 0.482421875 0.642578125 0.0859375 0.11328125
1 0.4814453125 0.533203125 0.08203125 0.123046875
1 0.478515625 0.4541015625 0.08203125 0.064453125
1 0.478515625 0.373046875 0.08203125 0.1171875
1 0.4765625 0.2587890625 0.08203125 0.1171875
1 0.4765625 0.15234375 0.080078125 0.11328125
1 0.4853515625 0.060546875 0.103515625 0.12109375
1 0.5400390625 0.0654296875 0.078125 0.130859375
1 0.5908203125 0.0751953125 0.056640625 0.125
1 0.6337890625 0.0869140625 0.0546875 0.119140625
1 0.6865234375 0.103515625 0.06640625 0.119140625
1 0.6865234375 0.203125 0.06640625 0.09765625
1 0.697265625 0.2978515625 0.076171875 0.07421875
0 0.6005859375 0.4580078125 0.078125 0.12109375
1 0.6064453125 0.251953125 0.0703125 0.171875
1 0.552734375 0.4580078125 0.044921875 0.306640625
1 0.634765625 0.4560546875 0.05859375 0.29296875
1 0.595703125 0.6875 0.0703125 0.17578125