0 0.0166015625 0.3515625 0.03125 0.0390625
0 0.02734375 0.384765625 0.044921875 0.037109375
0 0.0419921875 0.421875 0.048828125 0.0390625
0 0.04296875 0.4638671875 0.046875 0.04296875
0 0.0390625 0.5048828125 0.046875 0.05078125
0 0.021484375 0.5556640625 0.04296875 0.0390625
0 0.009765625 0.603515625 0.01953125 0.041015625
1 0.021484375 0.2333984375 0.04296875 0.060546875
1 0.0498046875 0.248046875 0.064453125 0.05859375
1 0.0869140625 0.2666015625 0.05859375 0.05078125
1 0.1123046875 0.296875 0.0703125 0.048828125
1 0.1298828125 0.33203125 0.05859375 0.056640625
1 0.140625 0.376953125 0.06640625 0.06640625
1 0.142578125 0.4208984375 0.0625 0.0546875
1 0.134765625 0.4697265625 0.05859375 0.0546875
1 0.1181640625 0.5166015625 0.05859375 0.0390625
1 0.1025390625 0.548828125 0.05078125 0.046875
1 0.0849609375 0.583984375 0.056640625 0.048828125
1 0.0625 0.6220703125 0.046875 0.033203125
1 0.0439453125 0.6513671875 0.048828125 0.041015625
1 0.02734375 0.685546875 0.052734375 0.037109375
1 0.0126953125 0.71484375 0.025390625 0.052734375