2 0.8095703125 0.03125 0.2109375 0.0625
2 0.703125 0.0986328125 0.2109375 0.10546875
2 0.5712890625 0.1640625 0.203125 0.12890625
2 0.3779296875 0.1708984375 0.2265625 0.1171875
2 0.19921875 0.21875 0.23046875 0.111328125
2 0.0966796875 0.2919921875 0.193359375 0.119140625
2 0.7421875 0.9873046875 0.2109375 0.025390625
2 0.6552734375 0.9296875 0.19921875 0.095703125
2 0.533203125 0.8759765625 0.1953125 0.11328125
2 0.35546875 0.857421875 0.232421875 0.107421875
2 0.1826171875 0.80078125 0.234375 0.09765625
2 0.0888671875 0.7197265625 0.177734375 0.091796875
2 0.046875 0.61328125 0.09375 0.109375
2 0.0458984375 0.4033203125 0.091796875 0.1171875
2 0.13671875 0.408203125 0.05859375 0.056640625
2 0.2099609375 0.3134765625 0.072265625 0.0390625
2 0.16015625 0.36328125 0.05859375 0.046875
2 0.2578125 0.275390625 0.08984375 0.033203125
2 0.3291015625 0.2392578125 0.08203125 0.0390625
2 0.404296875 0.22265625 0.078125 0.03125
2 0.4990234375 0.2177734375 0.095703125 0.02734375
2 0.572265625 0.2236328125 0.08203125 0.03515625
2 0.6728515625 0.2421875 0.08984375 0.044921875
2 0.74609375 0.2314453125 0.0625 0.044921875
2 0.7939453125 0.1865234375 0.068359375 0.046875
2 0.818359375 0.1396484375 0.05078125 0.04296875
2 0.853515625 0.0908203125 0.052734375 0.0390625
2 0.91015625 0.0625 0.076171875 0.03125
2 0.9658203125 0.0419921875 0.06640625 0.03515625
2 0.685546875 0.7890625 0.076171875 0.03515625
2 0.7490234375 0.8291015625 0.0625 0.05078125
2 0.7763671875 0.8701171875 0.07421875 0.048828125
2 0.783203125 0.9267578125 0.064453125 0.0625
2 0.8203125 0.9697265625 0.0859375 0.05078125
2 0.8916015625 0.9931640625 0.09375 0.013671875
2 0.935546875 0.7431640625 0.12890625 0.060546875
2 0.955078125 0.7890625 0.08984375 0.05078125
2 0.9541015625 0.3232421875 0.091796875 0.0390625
2 0.9716796875 0.2685546875 0.056640625 0.048828125
2 0.86328125 0.3837890625 0.2734375 0.078125
2 0.865234375 0.6552734375 0.26953125 0.103515625