1 0.755859375 0.646484375 0.125 0.2421875
1 0.6181640625 0.8623046875 0.140625 0.275390625
1 0.630859375 0.546875 0.146484375 0.244140625
1 0.4423828125 0.4755859375 0.244140625 0.3828125
1 0.4443359375 0.89453125 0.216796875 0.2109375
1 0.1630859375 0.3447265625 0.326171875 0.505859375
1 0.96875 0.3740234375 0.0625 0.322265625
1 0.87890625 0.28125 0.12109375 0.279296875
1 0.7392578125 0.1982421875 0.15625 0.28515625
1 0.578125 0.1171875 0.16796875 0.234375
1 0.388671875 0.0595703125 0.20703125 0.119140625