3 0.568359375 0.3525390625 0.041015625 0.02734375
3 0.591796875 0.369140625 0.04296875 0.0234375
3 0.6435546875 0.34375 0.03125 0.01953125
3 0.6259765625 0.333984375 0.02734375 0.015625
3 0.6181640625 0.3876953125 0.03515625 0.0234375
3 0.5712890625 0.4404296875 0.05078125 0.029296875
3 0.54296875 0.419921875 0.046875 0.029296875
3 0.517578125 0.3984375 0.046875 0.03515625
1 0.30859375 0.435546875 0.048828125 0.021484375
1 0.306640625 0.4677734375 0.046875 0.0234375
1 0.3017578125 0.49609375 0.0546875 0.02734375
1 0.298828125 0.529296875 0.046875 0.029296875
1 0.296875 0.560546875 0.052734375 0.02734375
1 0.28515625 0.59765625 0.052734375 0.033203125
1 0.1953125 0.61328125 0.05859375 0.029296875
1 0.19921875 0.576171875 0.0625 0.0234375
1 0.20703125 0.6455078125 0.0625 0.0390625
1 0.232421875 0.40625 0.05078125 0.03515625
1 0.224609375 0.4423828125 0.056640625 0.029296875
1 0.2236328125 0.47265625 0.0546875 0.02734375
1 0.2255859375 0.50390625 0.0546875 0.03515625
3 0.2373046875 0.5390625 0.17578125 0.060546875
3 0.3291015625 0.650390625 0.283203125 0.1640625
3 0.28125 0.7607421875 0.1953125 0.0859375
3 0.2763671875 0.833984375 0.162109375 0.07421875
3 0.298828125 0.98046875 0.10546875 0.0390625
3 0.4697265625 0.9462890625 0.08984375 0.0234375
1 0.35546875 0.7451171875 0.041015625 0.03515625
1 0.3984375 0.7294921875 0.04296875 0.029296875
1 0.4345703125 0.7158203125 0.05078125 0.03515625
1 0.4716796875 0.701171875 0.044921875 0.02734375
1 0.50390625 0.6884765625 0.044921875 0.02734375
1 0.5400390625 0.6708984375 0.0546875 0.03125
1 0.5732421875 0.658203125 0.0390625 0.0234375
1 0.60546875 0.6513671875 0.05078125 0.033203125
2 0.6708984375 0.6728515625 0.21875 0.12890625
2 0.599609375 0.6025390625 0.20703125 0.111328125
3 0.4228515625 0.2890625 0.02734375 0.01953125
3 0.337890625 0.3115234375 0.02734375 0.025390625
2 0.1923828125 0.353515625 0.1953125 0.16796875
2 0.2841796875 0.3759765625 0.115234375 0.107421875
2 0.111328125 0.28515625 0.037109375 0.03515625
2 0.11328125 0.25390625 0.05078125 0.03515625
2 0.1123046875 0.224609375 0.05859375 0.03125
2 0.1162109375 0.189453125 0.06640625 0.02734375
2 0.1240234375 0.15625 0.064453125 0.03515625
2 0.5869140625 0.7470703125 0.0390625 0.033203125
2 0.5576171875 0.787109375 0.0390625 0.03515625
2 0.5234375 0.830078125 0.03515625 0.03515625
2 0.494140625 0.8720703125 0.033203125 0.02734375
2 0.4599609375 0.91796875 0.04296875 0.029296875
2 0.42578125 0.9599609375 0.0390625 0.02734375
2 0.39453125 0.994140625 0.037109375 0.01171875