3 0.3681640625 0.177734375 0.1318359375 0.2080078125
3 0.611328125 0.021484375 0.0771484375 0.04296875
4 0.7421875 0.4716796875 0.2392578125 0.763671875
4 0.31640625 0.7275390625 0.16796875 0.544921875
4 0.12109375 0.81640625 0.09375 0.3662109375
1 0.1865234375 0.966796875 0.0390625 0.0654296875
1 0.2626953125 0.79296875 0.0380859375 0.056640625
1 0.244140625 0.84375 0.01953125 0.041015625
1 0.26953125 0.8330078125 0.025390625 0.033203125
1 0.2734375 0.86328125 0.02734375 0.0380859375
1 0.236328125 0.892578125 0.0205078125 0.04296875
1 0.224609375 0.92578125 0.0185546875 0.029296875
1 0.2138671875 0.947265625 0.015625 0.0361328125
1 0.2822265625 0.896484375 0.0244140625 0.0419921875
1 0.29296875 0.94140625 0.0263671875 0.0498046875
1 0.244140625 0.93359375 0.02734375 0.0458984375
1 0.3896484375 0.8603515625 0.052734375 0.0830078125
1 0.39453125 0.9248046875 0.041015625 0.078125
1 0.388671875 0.7763671875 0.033203125 0.0771484375
1 0.4130859375 0.80078125 0.0234375 0.0556640625
1 0.4267578125 0.841796875 0.029296875 0.0771484375
1 0.423828125 0.9013671875 0.029296875 0.083984375
1 0.416015625 0.9677734375 0.03515625 0.064453125
1 0.45703125 0.8359375 0.0439453125 0.064453125
1 0.45703125 0.748046875 0.0498046875 0.134765625
1 0.486328125 0.66015625 0.044921875 0.130859375
1 0.521484375 0.583984375 0.0439453125 0.1240234375
1 0.5732421875 0.47265625 0.052734375 0.0859375
1 0.544921875 0.5146484375 0.0244140625 0.052734375
1 0.56640625 0.5341796875 0.048828125 0.0615234375
1 0.5810546875 0.572265625 0.0205078125 0.052734375
1 0.5615234375 0.6181640625 0.0380859375 0.0576171875
1 0.61328125 0.490234375 0.025390625 0.05078125
1 0.60546875 0.55859375 0.0341796875 0.0966796875
1 0.646484375 0.552734375 0.0537109375 0.1357421875
1 0.6728515625 0.615234375 0.0654296875 0.14453125
1 0.724609375 0.638671875 0.0771484375 0.15625
1 0.6884765625 0.7451171875 0.03125 0.0849609375
1 0.720703125 0.728515625 0.048828125 0.0966796875
1 0.650390625 0.75390625 0.0419921875 0.0859375
1 0.6845703125 0.8193359375 0.0322265625 0.0732421875
1 0.7197265625 0.8291015625 0.05078125 0.1015625
1 0.87109375 0.4677734375 0.05078125 0.1015625
1 0.90625 0.4912109375 0.0361328125 0.072265625
1 0.8740234375 0.56640625 0.0693359375 0.11328125
1 0.880859375 0.6484375 0.05859375 0.095703125
1 0.875 0.7333984375 0.0693359375 0.103515625
1 0.9296875 0.7060546875 0.0439453125 0.080078125
1 0.9306640625 0.63671875 0.0380859375 0.0869140625
1 0.923828125 0.548828125 0.03515625 0.1162109375
1 0.966796875 0.4873046875 0.06640625 0.20703125
1 0.046875 0.58203125 0.0205078125 0.041015625
1 0.0576171875 0.5703125 0.0166015625 0.0439453125
1 0.0703125 0.564453125 0.01953125 0.04296875
1 0.080078125 0.5498046875 0.017578125 0.04296875
1 0.099609375 0.5322265625 0.0263671875 0.0537109375
1 0.123046875 0.51171875 0.02734375 0.0517578125
1 0.1513671875 0.4912109375 0.0234375 0.0478515625
1 0.1728515625 0.46875 0.0302734375 0.046875
1 0.2001953125 0.44140625 0.02734375 0.0546875
1 0.228515625 0.41796875 0.03125 0.0517578125
1 0.255859375 0.3955078125 0.0322265625 0.0517578125
1 0.2861328125 0.3671875 0.0322265625 0.0478515625
1 0.314453125 0.3427734375 0.0322265625 0.0556640625
1 0.3466796875 0.3134765625 0.0380859375 0.05859375
1 0.375 0.2880859375 0.0322265625 0.052734375
1 0.4091796875 0.2568359375 0.0341796875 0.0615234375
1 0.4423828125 0.2265625 0.0341796875 0.0595703125
1 0.4775390625 0.2001953125 0.0390625 0.0595703125
1 0.515625 0.1640625 0.037109375 0.0732421875
1 0.5498046875 0.1337890625 0.0361328125 0.0712890625
1 0.587890625 0.09765625 0.04296875 0.08203125
1 0.6259765625 0.060546875 0.0439453125 0.072265625
1 0.6689453125 0.0341796875 0.041015625 0.068359375
1 0.060546875 0.6220703125 0.0478515625 0.064453125
1 0.10546875 0.583984375 0.0458984375 0.0703125
1 0.1533203125 0.54296875 0.048828125 0.0771484375
1 0.201171875 0.4990234375 0.0537109375 0.072265625
1 0.2529296875 0.4541015625 0.0546875 0.076171875
1 0.306640625 0.4091796875 0.056640625 0.0810546875
1 0.365234375 0.3583984375 0.0625 0.09375
1 0.427734375 0.3076171875 0.0634765625 0.095703125
1 0.4931640625 0.255859375 0.06640625 0.095703125
1 0.5625 0.19921875 0.07421875 0.1064453125
1 0.6357421875 0.1318359375 0.0703125 0.0947265625
1 0.7080078125 0.0693359375 0.0859375 0.1123046875
1 0.78515625 0.0380859375 0.076171875 0.0751953125
1 0.041015625 0.6865234375 0.0166015625 0.037109375
1 0.056640625 0.67578125 0.0185546875 0.0341796875
1 0.0703125 0.6630859375 0.0185546875 0.0361328125
1 0.0849609375 0.6484375 0.0185546875 0.0380859375
1 0.1015625 0.6357421875 0.017578125 0.0390625
1 0.1162109375 0.625 0.0224609375 0.0341796875
1 0.134765625 0.611328125 0.0205078125 0.0361328125
1 0.1494140625 0.5986328125 0.0224609375 0.0341796875
1 0.1650390625 0.5859375 0.021484375 0.037109375
1 0.1826171875 0.568359375 0.01953125 0.037109375
1 0.1982421875 0.556640625 0.021484375 0.0390625
1 0.216796875 0.5419921875 0.0224609375 0.037109375
1 0.232421875 0.5263671875 0.0205078125 0.0380859375
1 0.248046875 0.5146484375 0.0224609375 0.03515625
1 0.26953125 0.5009765625 0.0234375 0.037109375
1 0.2880859375 0.486328125 0.021484375 0.041015625
1 0.3037109375 0.46875 0.0244140625 0.0380859375
1 0.3232421875 0.45703125 0.0224609375 0.037109375
1 0.34375 0.4384765625 0.0263671875 0.046875
1 0.3623046875 0.42578125 0.0244140625 0.048828125
1 0.3818359375 0.4072265625 0.0244140625 0.048828125
1 0.4033203125 0.390625 0.025390625 0.04296875
1 0.421875 0.373046875 0.0263671875 0.0419921875
1 0.4453125 0.3544921875 0.0283203125 0.0419921875
1 0.466796875 0.337890625 0.0263671875 0.04296875
1 0.4873046875 0.3193359375 0.0302734375 0.0458984375
1 0.51171875 0.3017578125 0.0283203125 0.0439453125
1 0.533203125 0.2802734375 0.02734375 0.0478515625
1 0.5576171875 0.2626953125 0.0302734375 0.0439453125
1 0.5810546875 0.2421875 0.03125 0.0517578125
1 0.607421875 0.2197265625 0.0302734375 0.0458984375
1 0.6298828125 0.2001953125 0.0302734375 0.04296875
1 0.6552734375 0.181640625 0.037109375 0.046875
1 0.6826171875 0.1591796875 0.0322265625 0.0537109375
1 0.7099609375 0.13671875 0.03515625 0.0576171875
1 0.7373046875 0.1142578125 0.033203125 0.05078125
1 0.765625 0.08984375 0.03515625 0.046875
1 0.7958984375 0.064453125 0.0361328125 0.0478515625
1 0.822265625 0.041015625 0.0390625 0.052734375
1 0.85546875 0.021484375 0.0380859375 0.04296875