3 0.697265625 0.08984375 0.60546875 0.1796875
3 0.6865234375 0.9169921875 0.626953125 0.166015625
3 0.4609375 0.6171875 0.30078125 0.1015625
0 0.673828125 0.345703125 0.0546875 0.02734375
0 0.7099609375 0.3701171875 0.05859375 0.02734375
0 0.7490234375 0.3466796875 0.0546875 0.0234375
0 0.7890625 0.369140625 0.0625 0.02734375
0 0.7431640625 0.3876953125 0.0625 0.0234375
0 0.7109375 0.4072265625 0.046875 0.0234375
0 0.681640625 0.3837890625 0.0390625 0.02734375
0 0.7421875 0.4287109375 0.06640625 0.02734375
0 0.7841796875 0.41015625 0.0546875 0.02734375
0 0.7783203125 0.4501953125 0.05859375 0.03125
0 0.8076171875 0.431640625 0.02734375 0.021484375
0 0.8046875 0.4716796875 0.041015625 0.029296875
0 0.787109375 0.490234375 0.0390625 0.0234375
0 0.8095703125 0.5078125 0.03125 0.01953125
0 0.8095703125 0.388671875 0.03125 0.025390625
0 0.810546875 0.34765625 0.03515625 0.01953125
0 0.787109375 0.333984375 0.044921875 0.01171875
1 0.1064453125 0.0849609375 0.0625 0.017578125
1 0.1630859375 0.0830078125 0.0546875 0.015625
1 0.220703125 0.083984375 0.05859375 0.015625
1 0.2685546875 0.0810546875 0.03515625 0.015625
1 0.0537109375 0.0859375 0.04296875 0.021484375
1 0.0751953125 0.28125 0.0625 0.013671875
0 0.0654296875 0.3955078125 0.052734375 0.0234375
0 0.1416015625 0.3955078125 0.048828125 0.01953125
0 0.1044921875 0.4111328125 0.046875 0.017578125
0 0.1015625 0.3818359375 0.046875 0.015625
0 0.177734375 0.3798828125 0.05078125 0.015625
0 0.212890625 0.3955078125 0.04296875 0.01953125
0 0.1796875 0.41015625 0.03125 0.01953125
0 0.0263671875 0.408203125 0.0390625 0.01953125
0 0.033203125 0.3828125 0.046875 0.013671875
0 0.0693359375 0.8037109375 0.0390625 0.0234375
0 0.1103515625 0.7890625 0.046875 0.021484375
0 0.142578125 0.8056640625 0.0390625 0.025390625
0 0.181640625 0.7890625 0.046875 0.01953125
0 0.21484375 0.8076171875 0.05078125 0.0234375
0 0.17578125 0.8212890625 0.041015625 0.017578125
0 0.107421875 0.8193359375 0.046875 0.021484375
0 0.03125 0.818359375 0.046875 0.01953125
0 0.0322265625 0.791015625 0.05078125 0.0234375
1 0.078125 0.8701171875 0.0625 0.015625
1 0.134765625 0.869140625 0.0625 0.015625
1 0.1923828125 0.8720703125 0.0546875 0.013671875
1 0.2578125 0.8720703125 0.07421875 0.015625
1 0.0751953125 0.8515625 0.05859375 0.01171875
1 0.134765625 0.8515625 0.060546875 0.01171875
1 0.1904296875 0.8544921875 0.064453125 0.01171875
1 0.259765625 0.8544921875 0.078125 0.015625
1 0.078125 0.685546875 0.05859375 0.01171875
1 0.078125 0.66796875 0.05859375 0.01171875
1 0.13671875 0.685546875 0.056640625 0.01171875
1 0.1328125 0.669921875 0.056640625 0.01171875
1 0.193359375 0.6875 0.05859375 0.01171875
1 0.1884765625 0.669921875 0.0625 0.013671875
1 0.259765625 0.6875 0.07421875 0.015625
1 0.2548828125 0.671875 0.078125 0.015625
1 0.0859375 0.52734375 0.0625 0.013671875
1 0.087890625 0.5087890625 0.0625 0.01171875
1 0.1435546875 0.5283203125 0.05078125 0.013671875
1 0.1474609375 0.509765625 0.056640625 0.015625
1 0.2001953125 0.51171875 0.0546875 0.015625
1 0.197265625 0.5283203125 0.056640625 0.015625
1 0.259765625 0.525390625 0.0625 0.01171875
1 0.2607421875 0.5107421875 0.072265625 0.015625