2 0.7001953125 0.9462890625 0.13671875 0.10546875
2 0.572265625 0.94140625 0.13671875 0.1015625
2 0.4775390625 0.9482421875 0.13671875 0.103515625
2 0.318359375 0.9482421875 0.1328125 0.103515625
2 0.2138671875 0.9541015625 0.130859375 0.091796875
2 0.11328125 0.95703125 0.13671875 0.0859375
2 0.0283203125 0.921875 0.056640625 0.1015625
2 0.0595703125 0.84765625 0.0703125 0.11328125
2 0.1123046875 0.765625 0.083984375 0.111328125
2 0.166015625 0.6875 0.0859375 0.12109375
2 0.216796875 0.61328125 0.09765625 0.1171875
2 0.267578125 0.544921875 0.09765625 0.109375
2 0.3232421875 0.4599609375 0.078125 0.12109375
2 0.3720703125 0.390625 0.0703125 0.109375
2 0.4267578125 0.3076171875 0.09375 0.111328125
2 0.5693359375 0.291015625 0.09375 0.11328125
2 0.603515625 0.3603515625 0.09375 0.11328125
2 0.6357421875 0.443359375 0.10546875 0.1171875
2 0.6689453125 0.51171875 0.09375 0.109375
2 0.708984375 0.5888671875 0.1015625 0.109375
2 0.7392578125 0.654296875 0.0859375 0.109375
2 0.763671875 0.732421875 0.1015625 0.126953125
2 0.8076171875 0.794921875 0.095703125 0.109375
2 0.8310546875 0.8876953125 0.09375 0.1015625
2 0.8818359375 0.9443359375 0.087890625 0.107421875
2 0.7802734375 0.2998046875 0.0625 0.10546875
2 0.662109375 0.0576171875 0.080078125 0.10546875
2 0.7041015625 0.1455078125 0.0703125 0.10546875
2 0.75 0.21484375 0.0703125 0.1015625
2 0.8310546875 0.3798828125 0.0703125 0.107421875
2 0.869140625 0.455078125 0.072265625 0.1171875
2 0.9130859375 0.5361328125 0.07421875 0.1015625
2 0.95703125 0.6201171875 0.0703125 0.09375
2 0.9775390625 0.7041015625 0.044921875 0.1015625
2 0.2158203125 0.0380859375 0.0546875 0.072265625
2 0.1689453125 0.109375 0.076171875 0.10546875
2 0.1181640625 0.2021484375 0.06640625 0.09375
2 0.0732421875 0.283203125 0.06640625 0.10546875
2 0.0263671875 0.375 0.052734375 0.1015625