0 0.2470703125 0.537109375 0.189453125 0.21875
0 0.453125 0.5205078125 0.19921875 0.20703125
0 0.7041015625 0.53125 0.19140625 0.201171875
0 0.9228515625 0.5302734375 0.15234375 0.2265625
0 0.841796875 0.41015625 0.169921875 0.13671875
0 0.611328125 0.4033203125 0.1796875 0.1484375
0 0.599609375 0.6513671875 0.1953125 0.130859375
0 0.376953125 0.4091796875 0.16796875 0.119140625
0 0.3720703125 0.66015625 0.17578125 0.125
1 0.05859375 0.791015625 0.10546875 0.08203125
1 0.1923828125 0.78515625 0.177734375 0.078125
1 0.3681640625 0.791015625 0.1796875 0.08203125
1 0.5517578125 0.7958984375 0.19921875 0.06640625
1 0.755859375 0.802734375 0.203125 0.076171875
1 0.923828125 0.8134765625 0.15234375 0.078125
1 0.3115234375 0.0693359375 0.171875 0.05078125
1 0.46484375 0.0546875 0.1484375 0.0625
1 0.625 0.046875 0.16796875 0.08203125
1 0.7978515625 0.033203125 0.15234375 0.0625
1 0.9423828125 0.0263671875 0.115234375 0.052734375