1 0.849609375 0.5185546875 0.30078125 0.4375
1 0.595703125 0.51953125 0.2578125 0.40625
1 0.341796875 0.517578125 0.287109375 0.416015625
1 0.34375 0.8056640625 0.296875 0.388671875
1 0.931640625 0.052734375 0.13671875 0.10546875
1 0.9296875 0.1591796875 0.140625 0.099609375
1 0.7890625 0.0498046875 0.140625 0.099609375
1 0.7919921875 0.1591796875 0.1328125 0.109375
1 0.61328125 0.0576171875 0.1328125 0.10546875
1 0.6162109375 0.1669921875 0.125 0.1015625
1 0.48046875 0.048828125 0.14453125 0.09765625
1 0.4853515625 0.1591796875 0.12890625 0.10546875
1 0.3046875 0.0478515625 0.14453125 0.09375
1 0.306640625 0.154296875 0.125 0.11328125
1 0.16796875 0.0498046875 0.140625 0.099609375
1 0.1806640625 0.1591796875 0.125 0.11328125
1 0.0224609375 0.0517578125 0.041015625 0.103515625
1 0.0673828125 0.3232421875 0.076171875 0.189453125
1 0.0166015625 0.326171875 0.033203125 0.19921875
1 0.0771484375 0.50390625 0.0625 0.1796875
1 0.0166015625 0.515625 0.033203125 0.1875
1 0.091796875 0.7255859375 0.07421875 0.16796875
1 0.0234375 0.73046875 0.046875 0.17578125
1 0.10546875 0.8759765625 0.0625 0.13671875
1 0.02734375 0.875 0.0546875 0.15234375
0 0.06640625 0.9501953125 0.1328125 0.099609375
0 0.0556640625 0.615234375 0.111328125 0.2109375
0 0.046875 0.2099609375 0.09375 0.224609375
0 0.0830078125 0.1123046875 0.15625 0.224609375
0 0.3935546875 0.109375 0.16015625 0.21875
0 0.7001953125 0.107421875 0.15625 0.21484375