0 0.8369140625 0.015625 0.125 0.03125
1 0.70703125 0.017578125 0.13671875 0.03515625
1 0.6484375 0.01171875 0.125 0.0234375
0 0.4970703125 0.0126953125 0.240234375 0.025390625
1 0.3408203125 0.0107421875 0.123046875 0.021484375
1 0.24609375 0.015625 0.171875 0.03125
0 0.1494140625 0.0107421875 0.125 0.021484375
1 0.65234375 0.1533203125 0.35546875 0.21484375
1 0.3115234375 0.1455078125 0.35546875 0.20703125
4 0.4599609375 0.4365234375 0.51953125 0.119140625
1 0.5908203125 0.6259765625 0.2578125 0.11328125
1 0.333984375 0.625 0.248046875 0.1171875
1 0.7578125 0.728515625 0.0703125 0.078125
0 0.69140625 0.7119140625 0.07421875 0.046875
1 0.6201171875 0.6982421875 0.087890625 0.01953125
1 0.6103515625 0.724609375 0.09375 0.01953125
1 0.556640625 0.7099609375 0.078125 0.04296875
0 0.4677734375 0.7099609375 0.13671875 0.04296875
0 0.37109375 0.708984375 0.0703125 0.04296875
1 0.3125 0.6904296875 0.09765625 0.015625
1 0.3173828125 0.71875 0.109375 0.01953125
0 0.2353515625 0.705078125 0.09765625 0.041015625
1 0.5732421875 0.7802734375 0.220703125 0.087890625
1 0.3525390625 0.775390625 0.2265625 0.08984375
1 0.5458984375 0.947265625 0.201171875 0.07421875
1 0.35546875 0.9462890625 0.18359375 0.072265625
0 0.6357421875 0.9912109375 0.056640625 0.017578125
1 0.57421875 0.9892578125 0.068359375 0.015625
1 0.533203125 0.9921875 0.0546875 0.015625
1 0.3828125 0.9921875 0.056640625 0.015625
1 0.3251953125 0.9892578125 0.08203125 0.015625
0 0.455078125 0.9912109375 0.119140625 0.015625
0 0.2783203125 0.9921875 0.06640625 0.015625