1 0.408203125 0.314453125 0.44921875 0.39453125
1 0.625 0.884765625 0.390625 0.23046875
1 0.87890625 0.0078125 0.220703125 0.015625
1 0.88671875 0.05859375 0.2265625 0.11328125
1 0.8876953125 0.1669921875 0.224609375 0.126953125
1 0.9033203125 0.275390625 0.19140625 0.10546875
1 0.9091796875 0.3583984375 0.1796875 0.12890625
1 0.919921875 0.4814453125 0.15234375 0.138671875
1 0.9326171875 0.6201171875 0.134765625 0.140625
1 0.9541015625 0.7265625 0.091796875 0.078125
1 0.1845703125 0.9619140625 0.365234375 0.076171875
1 0.15234375 0.8837890625 0.3046875 0.087890625
1 0.140625 0.814453125 0.28125 0.1328125
1 0.1064453125 0.650390625 0.2109375 0.173828125
1 0.0732421875 0.4326171875 0.146484375 0.255859375