1 0.5595703125 0.546875 0.21875 0.373046875
1 0.34765625 0.8232421875 0.140625 0.193359375
1 0.1376953125 0.052734375 0.12890625 0.10546875
1 0.2529296875 0.9677734375 0.1015625 0.064453125
1 0.22265625 0.8427734375 0.109375 0.158203125
1 0.1845703125 0.6748046875 0.109375 0.138671875
1 0.1416015625 0.501953125 0.111328125 0.1484375
1 0.1103515625 0.3583984375 0.08203125 0.1171875
1 0.060546875 0.17578125 0.087890625 0.10546875
1 0.0322265625 0.0419921875 0.064453125 0.083984375
1 0.048828125 0.275390625 0.09765625 0.1640625
1 0.0341796875 0.4501953125 0.068359375 0.22265625
1 0.052734375 0.8974609375 0.10546875 0.205078125
1 0.5283203125 0.9541015625 0.091796875 0.091796875
1 0.4921875 0.833984375 0.091796875 0.15234375
1 0.4482421875 0.6748046875 0.1015625 0.138671875
1 0.4208984375 0.5556640625 0.07421875 0.08984375
1 0.3388671875 0.23046875 0.1015625 0.14453125
1 0.2978515625 0.0732421875 0.1015625 0.146484375
1 0.2841796875 0.4169921875 0.33984375 0.57421875