1 0.990234375 0.025390625 0.01953125 0.0390625
0 0.9453125 0.01953125 0.05859375 0.0390625
1 0.8076171875 0.0068359375 0.060546875 0.01171875
1 0.8310546875 0.056640625 0.05078125 0.044921875
1 0.650390625 0.005859375 0.078125 0.01171875
1 0.626953125 0.0361328125 0.0625 0.048828125
1 0.6044921875 0.0908203125 0.10546875 0.03125
1 0.603515625 0.1328125 0.09765625 0.05078125
1 0.623046875 0.173828125 0.0546875 0.046875
1 0.6396484375 0.224609375 0.06640625 0.04296875
1 0.587890625 0.251953125 0.07421875 0.0703125
1 0.5751953125 0.310546875 0.0546875 0.046875
1 0.5634765625 0.43359375 0.05859375 0.0390625
1 0.66796875 0.3984375 0.06640625 0.0390625
0 0.740234375 0.341796875 0.091796875 0.07421875
1 0.7880859375 0.291015625 0.1015625 0.04296875
1 0.8095703125 0.3271484375 0.08984375 0.03515625
1 0.7958984375 0.236328125 0.060546875 0.0625
1 0.8212890625 0.1748046875 0.056640625 0.044921875
0 0.9375 0.2119140625 0.0703125 0.046875
1 0.8779296875 0.2568359375 0.064453125 0.05078125
1 0.927734375 0.2939453125 0.080078125 0.0390625
1 0.96875 0.255859375 0.0625 0.05078125
1 0.98828125 0.20703125 0.0234375 0.046875
1 0.525390625 0.0087890625 0.0625 0.017578125
1 0.51953125 0.0390625 0.056640625 0.048828125
1 0.51953125 0.08203125 0.05859375 0.044921875
1 0.521484375 0.1201171875 0.052734375 0.041015625
1 0.517578125 0.1552734375 0.0546875 0.04296875
1 0.513671875 0.197265625 0.05078125 0.046875
1 0.51171875 0.2373046875 0.052734375 0.0390625
1 0.5078125 0.2744140625 0.048828125 0.04296875
1 0.5107421875 0.3134765625 0.046875 0.041015625
1 0.509765625 0.3525390625 0.046875 0.03515625
1 0.5087890625 0.388671875 0.0546875 0.04296875
1 0.5087890625 0.4296875 0.048828125 0.046875
1 0.50390625 0.470703125 0.04296875 0.0390625
1 0.984375 0.302734375 0.03125 0.0390625
1 0.9638671875 0.31640625 0.056640625 0.0390625
1 0.9267578125 0.3369140625 0.06640625 0.04296875
1 0.8818359375 0.353515625 0.048828125 0.0390625
1 0.85546875 0.369140625 0.076171875 0.046875
1 0.8046875 0.3857421875 0.05859375 0.0390625
1 0.76953125 0.408203125 0.072265625 0.04296875
1 0.7236328125 0.42578125 0.064453125 0.041015625
1 0.6796875 0.447265625 0.068359375 0.04296875
1 0.6416015625 0.4619140625 0.05859375 0.044921875
1 0.603515625 0.482421875 0.05859375 0.046875
1 0.5634765625 0.4990234375 0.06640625 0.05078125
2 0.9794921875 0.4580078125 0.041015625 0.0390625
2 0.953125 0.4765625 0.08203125 0.0390625
2 0.9111328125 0.4970703125 0.091796875 0.0390625
2 0.8603515625 0.51953125 0.0859375 0.033203125
2 0.8212890625 0.5439453125 0.09375 0.041015625
2 0.77734375 0.5673828125 0.08203125 0.0390625
2 0.728515625 0.58984375 0.09375 0.04296875
2 0.6845703125 0.6103515625 0.0859375 0.03515625
2 0.64453125 0.6328125 0.078125 0.03515625
3 0.7177734375 0.703125 0.30078125 0.1171875
1 0.994140625 0.396484375 0.01171875 0.0390625
1 0.984375 0.40625 0.03125 0.046875
1 0.9697265625 0.4169921875 0.044921875 0.046875
1 0.9443359375 0.4287109375 0.0546875 0.046875
1 0.923828125 0.4365234375 0.05078125 0.046875
1 0.9013671875 0.4501953125 0.05078125 0.046875
1 0.8818359375 0.4619140625 0.05859375 0.04296875
1 0.8515625 0.4736328125 0.0546875 0.046875
1 0.8359375 0.4794921875 0.0546875 0.056640625
1 0.8076171875 0.4892578125 0.052734375 0.0546875
1 0.7822265625 0.50390625 0.05078125 0.04296875
1 0.76171875 0.5185546875 0.05859375 0.048828125
1 0.7373046875 0.5263671875 0.05859375 0.044921875
1 0.71484375 0.5390625 0.0546875 0.046875
1 0.6884765625 0.5537109375 0.052734375 0.046875
1 0.6640625 0.56640625 0.0625 0.048828125
1 0.6416015625 0.578125 0.05859375 0.048828125
1 0.6240234375 0.587890625 0.064453125 0.052734375
1 0.59375 0.5986328125 0.0703125 0.046875
2 0.353515625 0.783203125 0.103515625 0.046875
2 0.353515625 0.8173828125 0.09375 0.037109375
2 0.3515625 0.857421875 0.10546875 0.04296875
2 0.3564453125 0.904296875 0.09765625 0.04296875
2 0.3525390625 0.943359375 0.09765625 0.041015625
2 0.359375 0.982421875 0.10546875 0.03515625
0 0.423828125 0.013671875 0.029296875 0.02734375
0 0.4228515625 0.0419921875 0.0390625 0.03515625
0 0.4248046875 0.068359375 0.033203125 0.033203125
0 0.4228515625 0.0966796875 0.037109375 0.03125
0 0.4208984375 0.1259765625 0.03515625 0.033203125
0 0.423828125 0.15234375 0.03515625 0.025390625
0 0.4248046875 0.1787109375 0.037109375 0.03125
0 0.419921875 0.2109375 0.0390625 0.029296875
0 0.4189453125 0.236328125 0.033203125 0.03125
0 0.416015625 0.265625 0.037109375 0.03125
0 0.41796875 0.2919921875 0.03515625 0.029296875
0 0.4169921875 0.3193359375 0.03515625 0.03125
0 0.41796875 0.345703125 0.03515625 0.029296875
0 0.4130859375 0.373046875 0.03125 0.03125
0 0.412109375 0.4013671875 0.03515625 0.02734375
0 0.412109375 0.427734375 0.0390625 0.02734375
0 0.416015625 0.453125 0.0390625 0.02734375
0 0.4140625 0.4814453125 0.03125 0.02734375
0 0.412109375 0.5078125 0.03125 0.02734375
0 0.4091796875 0.537109375 0.03125 0.029296875
0 0.4111328125 0.564453125 0.033203125 0.03125
0 0.412109375 0.5908203125 0.03515625 0.033203125
0 0.4111328125 0.6162109375 0.0390625 0.03125
0 0.4052734375 0.642578125 0.03515625 0.03125
0 0.4072265625 0.6669921875 0.03125 0.02734375
0 0.3994140625 0.6943359375 0.033203125 0.02734375
0 0.3994140625 0.7216796875 0.03125 0.029296875
0 0.3740234375 0.005859375 0.056640625 0.01171875
0 0.373046875 0.017578125 0.068359375 0.033203125
0 0.37109375 0.041015625 0.068359375 0.029296875
0 0.37109375 0.068359375 0.0625 0.03515625
0 0.369140625 0.091796875 0.06640625 0.03515625
0 0.3671875 0.1171875 0.064453125 0.037109375
0 0.3662109375 0.134765625 0.0625 0.03515625
0 0.365234375 0.1572265625 0.05859375 0.04296875
0 0.3671875 0.18359375 0.06640625 0.03515625
0 0.3623046875 0.2060546875 0.06640625 0.041015625
0 0.361328125 0.23046875 0.064453125 0.03515625
0 0.359375 0.2548828125 0.06640625 0.033203125
0 0.359375 0.275390625 0.0703125 0.03125
0 0.359375 0.2978515625 0.068359375 0.03515625
0 0.3603515625 0.3203125 0.064453125 0.037109375
0 0.357421875 0.345703125 0.0703125 0.03515625
0 0.3564453125 0.369140625 0.06640625 0.04296875
0 0.357421875 0.3935546875 0.06640625 0.037109375
0 0.3544921875 0.4140625 0.068359375 0.03125
0 0.3583984375 0.4345703125 0.0625 0.0390625
0 0.3564453125 0.4609375 0.068359375 0.037109375
0 0.3564453125 0.484375 0.0625 0.03125
0 0.359375 0.5068359375 0.06640625 0.037109375
0 0.353515625 0.5283203125 0.060546875 0.02734375
0 0.3564453125 0.5498046875 0.07421875 0.0390625
0 0.357421875 0.5712890625 0.06640625 0.03125
0 0.353515625 0.5966796875 0.05859375 0.03515625
0 0.3525390625 0.619140625 0.068359375 0.03125
0 0.3466796875 0.640625 0.0703125 0.037109375
0 0.34765625 0.666015625 0.076171875 0.03515625
0 0.3505859375 0.68359375 0.0703125 0.0234375
0 0.3466796875 0.703125 0.07421875 0.03515625
0 0.34765625 0.7265625 0.0546875 0.03515625
1 0.2529296875 0.029296875 0.12109375 0.05859375
1 0.251953125 0.0908203125 0.12109375 0.08984375
1 0.244140625 0.173828125 0.125 0.09375
1 0.2431640625 0.255859375 0.1328125 0.09375
1 0.2412109375 0.3359375 0.125 0.09375
1 0.2431640625 0.4140625 0.1328125 0.08984375
1 0.2412109375 0.490234375 0.115234375 0.09375
1 0.2431640625 0.5771484375 0.1328125 0.09765625
1 0.2392578125 0.65234375 0.119140625 0.09375
1 0.2373046875 0.728515625 0.11328125 0.08984375
1 0.2353515625 0.8056640625 0.125 0.091796875
1 0.2275390625 0.876953125 0.10546875 0.0859375
1 0.2275390625 0.955078125 0.103515625 0.08984375
0 0.150390625 0.0244140625 0.064453125 0.048828125
0 0.1484375 0.083984375 0.06640625 0.05859375
0 0.146484375 0.13671875 0.0546875 0.046875
0 0.1494140625 0.1875 0.0625 0.04296875
0 0.1494140625 0.2421875 0.05859375 0.052734375
0 0.150390625 0.3017578125 0.0546875 0.0546875
0 0.1494140625 0.3505859375 0.05859375 0.05078125
0 0.146484375 0.4033203125 0.05859375 0.056640625
0 0.1513671875 0.45703125 0.05859375 0.0546875
0 0.1533203125 0.5087890625 0.076171875 0.060546875
0 0.1484375 0.560546875 0.06640625 0.052734375
0 0.140625 0.611328125 0.06640625 0.05859375
0 0.140625 0.6640625 0.0703125 0.05859375
0 0.1474609375 0.7119140625 0.072265625 0.048828125
0 0.138671875 0.7685546875 0.0703125 0.0625
0 0.138671875 0.8212890625 0.06640625 0.0546875
0 0.1376953125 0.8740234375 0.0703125 0.05859375
0 0.1357421875 0.923828125 0.06640625 0.056640625
0 0.1337890625 0.97265625 0.0546875 0.0546875
0 0.0546875 0.0234375 0.109375 0.046875
0 0.0517578125 0.0595703125 0.103515625 0.06640625
0 0.052734375 0.103515625 0.10546875 0.06640625
0 0.0546875 0.1513671875 0.109375 0.064453125
0 0.0576171875 0.19140625 0.11328125 0.076171875
0 0.0546875 0.240234375 0.109375 0.07421875
0 0.0595703125 0.2900390625 0.119140625 0.072265625
0 0.0546875 0.3359375 0.109375 0.06640625
0 0.0498046875 0.37890625 0.099609375 0.056640625
0 0.05859375 0.4208984375 0.1171875 0.07421875
0 0.0595703125 0.4580078125 0.119140625 0.072265625
0 0.052734375 0.5078125 0.10546875 0.0703125
0 0.0498046875 0.5556640625 0.099609375 0.083984375
0 0.0498046875 0.599609375 0.099609375 0.0703125
0 0.0498046875 0.6396484375 0.099609375 0.056640625
0 0.046875 0.681640625 0.09375 0.076171875
0 0.0546875 0.7275390625 0.109375 0.0546875
0 0.0498046875 0.775390625 0.099609375 0.064453125
0 0.044921875 0.8173828125 0.08984375 0.05859375
0 0.0478515625 0.8623046875 0.09375 0.060546875
0 0.0498046875 0.8994140625 0.099609375 0.060546875
0 0.05078125 0.9462890625 0.1015625 0.078125
0 0.044921875 0.9765625 0.08984375 0.046875