1 0.2724609375 0.173828125 0.48828125 0.34765625
1 0.740234375 0.173828125 0.44921875 0.34765625
1 0.24609375 0.7939453125 0.4921875 0.412109375
1 0.7470703125 0.7958984375 0.505859375 0.408203125
0 0.0478515625 0.4609375 0.095703125 0.205078125
1 0.193359375 0.39453125 0.203125 0.0703125
1 0.1962890625 0.51953125 0.203125 0.1015625
1 0.2763671875 0.4638671875 0.17578125 0.2109375
0 0.4931640625 0.46484375 0.283203125 0.19921875
1 0.677734375 0.4716796875 0.1796875 0.20703125
1 0.7958984375 0.4140625 0.259765625 0.0859375
1 0.802734375 0.5283203125 0.2421875 0.11328125
0 0.9375 0.4697265625 0.125 0.1953125