3 0.849609375 0.9453125 0.1875 0.109375
2 0.4375 0.634765625 0.193359375 0.09375
2 0.2607421875 0.4306640625 0.23046875 0.10546875
0 0.607421875 0.4482421875 0.05078125 0.0625
2 0.85546875 0.892578125 0.03515625 0.0390625
2 0.833984375 0.8818359375 0.03515625 0.041015625
2 0.8134765625 0.86328125 0.03515625 0.0390625
2 0.79296875 0.8525390625 0.03515625 0.03515625
2 0.7724609375 0.837890625 0.03515625 0.02734375
2 0.755859375 0.822265625 0.0390625 0.037109375
2 0.732421875 0.81640625 0.03515625 0.0390625
2 0.712890625 0.802734375 0.03515625 0.037109375
2 0.6953125 0.7900390625 0.03515625 0.02734375
2 0.6748046875 0.779296875 0.0390625 0.03515625
2 0.658203125 0.763671875 0.03515625 0.033203125
2 0.640625 0.7529296875 0.03515625 0.03125
2 0.6220703125 0.7373046875 0.037109375 0.03515625
2 0.6044921875 0.7294921875 0.03125 0.03125
2 0.5859375 0.7158203125 0.03515625 0.04296875
2 0.5654296875 0.708984375 0.0390625 0.033203125
2 0.5498046875 0.6962890625 0.03125 0.03125
2 0.5341796875 0.68359375 0.033203125 0.03125
2 0.513671875 0.6787109375 0.02734375 0.03515625
2 0.498046875 0.6630859375 0.03125 0.0390625
2 0.8623046875 0.85546875 0.0390625 0.0390625
2 0.8818359375 0.884765625 0.03515625 0.041015625
1 0.8984375 0.8466796875 0.02734375 0.046875
1 0.8642578125 0.8017578125 0.033203125 0.041015625
1 0.83984375 0.7744140625 0.037109375 0.04296875
2 0.833984375 0.8271484375 0.041015625 0.0390625
2 0.81640625 0.7978515625 0.02734375 0.03515625
2 0.7939453125 0.779296875 0.025390625 0.03515625
1 0.814453125 0.75390625 0.03125 0.037109375
1 0.787109375 0.73046875 0.03125 0.041015625
1 0.7626953125 0.71484375 0.033203125 0.04296875
2 0.765625 0.7548828125 0.02734375 0.03515625
2 0.740234375 0.7451171875 0.03125 0.037109375
2 0.7177734375 0.7236328125 0.02734375 0.03515625
1 0.734375 0.7001953125 0.03125 0.0390625
2 0.6875 0.7119140625 0.03125 0.03125
2 0.6650390625 0.69140625 0.03515625 0.04296875
2 0.6455078125 0.677734375 0.02734375 0.0390625
2 0.619140625 0.6640625 0.03125 0.0390625
1 0.6845703125 0.669921875 0.03125 0.0390625
1 0.7138671875 0.6796875 0.029296875 0.04296875
2 0.59375 0.650390625 0.03125 0.03515625
1 0.6357421875 0.6396484375 0.02734375 0.029296875
1 0.61328125 0.6181640625 0.029296875 0.037109375
1 0.591796875 0.603515625 0.03125 0.029296875
1 0.5703125 0.59375 0.029296875 0.037109375
2 0.5751953125 0.6357421875 0.033203125 0.0390625
2 0.5458984375 0.623046875 0.033203125 0.0390625
2 0.5244140625 0.6064453125 0.03515625 0.03125
2 0.501953125 0.595703125 0.0390625 0.0390625
2 0.482421875 0.58203125 0.0390625 0.0390625
2 0.4638671875 0.5654296875 0.03515625 0.04296875
2 0.4384765625 0.55859375 0.03515625 0.02734375
1 0.546875 0.578125 0.03125 0.03515625
1 0.5263671875 0.564453125 0.03125 0.03125
1 0.5029296875 0.5498046875 0.03125 0.0390625
1 0.484375 0.537109375 0.02734375 0.0390625
1 0.462890625 0.5283203125 0.033203125 0.03515625
1 0.44140625 0.51171875 0.02734375 0.0390625
2 0.419921875 0.5419921875 0.029296875 0.0234375
2 0.400390625 0.5244140625 0.03515625 0.03515625
2 0.3818359375 0.5146484375 0.0390625 0.03515625
2 0.359375 0.5 0.03515625 0.0390625
2 0.3408203125 0.4912109375 0.03125 0.033203125
2 0.318359375 0.4814453125 0.02734375 0.03125
1 0.421875 0.4970703125 0.029296875 0.033203125
1 0.400390625 0.4873046875 0.03125 0.03125
1 0.3798828125 0.4755859375 0.03125 0.029296875
1 0.3623046875 0.4619140625 0.0234375 0.03125
2 0.3291015625 0.4072265625 0.0390625 0.03125
2 0.357421875 0.3876953125 0.033203125 0.025390625
1 0.3759765625 0.4130859375 0.03125 0.0390625
2 0.375 0.369140625 0.03515625 0.029296875
1 0.390625 0.3984375 0.0234375 0.03125
2 0.396484375 0.3525390625 0.03125 0.03125
2 0.421875 0.337890625 0.03125 0.03125
1 0.4130859375 0.3798828125 0.03515625 0.0390625
1 0.4345703125 0.3662109375 0.02734375 0.037109375
2 0.439453125 0.3193359375 0.033203125 0.03125
1 0.458984375 0.349609375 0.02734375 0.044921875
2 0.462890625 0.3017578125 0.03125 0.03515625
1 0.482421875 0.3310546875 0.03125 0.046875
2 0.48828125 0.287109375 0.03515625 0.03515625
1 0.5078125 0.3076171875 0.029296875 0.044921875
2 0.509765625 0.2646484375 0.03515625 0.037109375
1 0.53125 0.2919921875 0.02734375 0.04296875
2 0.5341796875 0.2490234375 0.03125 0.037109375
1 0.5537109375 0.2705078125 0.025390625 0.0390625
2 0.55859375 0.23046875 0.0390625 0.03515625
1 0.5771484375 0.2529296875 0.02734375 0.0390625
2 0.5830078125 0.212890625 0.03515625 0.03125
1 0.5986328125 0.240234375 0.025390625 0.046875
2 0.607421875 0.19140625 0.033203125 0.03125
1 0.6259765625 0.2197265625 0.02734375 0.0390625
2 0.6328125 0.171875 0.033203125 0.03125
1 0.6533203125 0.1953125 0.02734375 0.041015625
2 0.654296875 0.1533203125 0.037109375 0.02734375
1 0.6767578125 0.177734375 0.02734375 0.05078125
2 0.68359375 0.1328125 0.03515625 0.0390625
1 0.7021484375 0.158203125 0.029296875 0.044921875
2 0.7060546875 0.1162109375 0.03125 0.03125
1 0.728515625 0.140625 0.02734375 0.03515625
2 0.7353515625 0.0966796875 0.03515625 0.03515625
1 0.7509765625 0.123046875 0.03125 0.04296875
1 0.7587890625 0.072265625 0.03515625 0.03515625
1 0.7802734375 0.09765625 0.029296875 0.0390625
1 0.8076171875 0.078125 0.025390625 0.03515625
1 0.8330078125 0.0576171875 0.02734375 0.0390625
1 0.8662109375 0.0244140625 0.02734375 0.0390625
1 0.8876953125 0.0087890625 0.029296875 0.017578125
2 0.837890625 0.009765625 0.04296875 0.01953125
2 0.8134765625 0.0302734375 0.041015625 0.03125
2 0.7890625 0.0517578125 0.04296875 0.033203125