0 0.357421875 0.8984375 0.4619140625 0.203125
1 0.0654296875 0.4677734375 0.130859375 0.3896484375
1 0.1708984375 0.4833984375 0.146484375 0.40234375
1 0.2666015625 0.4892578125 0.09765625 0.3193359375
1 0.3603515625 0.4951171875 0.1220703125 0.3076171875
1 0.4296875 0.4970703125 0.10546875 0.2880859375
1 0.4931640625 0.5166015625 0.0771484375 0.3154296875
1 0.546875 0.5126953125 0.0634765625 0.306640625
1 0.607421875 0.5185546875 0.07421875 0.2861328125
1 0.654296875 0.5224609375 0.076171875 0.2685546875
1 0.6923828125 0.5458984375 0.0595703125 0.271484375
1 0.7255859375 0.5380859375 0.0537109375 0.2666015625
1 0.7587890625 0.57421875 0.0458984375 0.27734375
1 0.8017578125 0.583984375 0.044921875 0.2353515625
1 0.8486328125 0.5947265625 0.0556640625 0.234375
1 0.890625 0.615234375 0.037109375 0.197265625
1 0.92578125 0.642578125 0.0341796875 0.18359375
1 0.0908203125 0.0908203125 0.181640625 0.181640625
1 0.3193359375 0.1259765625 0.3115234375 0.251953125
1 0.5751953125 0.171875 0.20703125 0.34375
1 0.755859375 0.25390625 0.1455078125 0.30859375
1 0.6533203125 0.88671875 0.130859375 0.2265625
1 0.7890625 0.9013671875 0.095703125 0.189453125
1 0.9072265625 0.8994140625 0.134765625 0.2001953125