0 0.318359375 0.2294921875 0.03515625 0.056640625
0 0.3642578125 0.2294921875 0.0390625 0.0546875
0 0.412109375 0.2421875 0.0390625 0.0546875
0 0.45703125 0.2568359375 0.03515625 0.05859375
0 0.5009765625 0.291015625 0.033203125 0.056640625
0 0.54296875 0.330078125 0.033203125 0.05078125
0 0.578125 0.37109375 0.03515625 0.052734375
0 0.609375 0.423828125 0.03515625 0.060546875
0 0.6328125 0.47265625 0.03125 0.064453125
0 0.650390625 0.53515625 0.03515625 0.05859375
0 0.66015625 0.5888671875 0.03515625 0.05859375
0 0.6591796875 0.646484375 0.0390625 0.0546875
0 0.650390625 0.7001953125 0.03515625 0.0546875
0 0.6318359375 0.7470703125 0.0390625 0.0546875
0 0.603515625 0.783203125 0.03515625 0.056640625
0 0.57421875 0.8134765625 0.046875 0.060546875
0 0.5322265625 0.8291015625 0.037109375 0.05859375
0 0.4853515625 0.8359375 0.041015625 0.064453125
0 0.4365234375 0.8291015625 0.044921875 0.0625
0 0.3876953125 0.8076171875 0.0390625 0.0703125
0 0.3369140625 0.77734375 0.04296875 0.0703125
0 0.291015625 0.7373046875 0.04296875 0.0703125
0 0.251953125 0.6875 0.0390625 0.068359375
0 0.216796875 0.6298828125 0.04296875 0.064453125
0 0.197265625 0.572265625 0.05078125 0.06640625
0 0.177734375 0.505859375 0.04296875 0.0703125
0 0.171875 0.4453125 0.0390625 0.060546875
0 0.1767578125 0.3896484375 0.04296875 0.056640625
0 0.189453125 0.34375 0.0390625 0.05078125
0 0.2138671875 0.3017578125 0.03125 0.046875
0 0.2431640625 0.2685546875 0.03515625 0.05859375
0 0.279296875 0.2470703125 0.03515625 0.05859375
0 0.01171875 0.8984375 0.0234375 0.048828125
0 0.0615234375 0.91015625 0.046875 0.072265625
0 0.119140625 0.9208984375 0.05078125 0.0703125
0 0.1826171875 0.93359375 0.05078125 0.0703125
0 0.2412109375 0.94921875 0.04296875 0.068359375
0 0.3017578125 0.9609375 0.0546875 0.0625
0 0.359375 0.9716796875 0.04296875 0.056640625
0 0.423828125 0.982421875 0.044921875 0.03515625
0 0.48046875 0.9873046875 0.0390625 0.025390625