4 0.6728515625 0.7744140625 0.3984375 0.138671875
4 0.6044921875 0.2294921875 0.5 0.162109375
2 0.4189453125 0.806640625 0.265625 0.21484375
0 0.9482421875 0.04296875 0.103515625 0.0859375
0 0.8447265625 0.0712890625 0.10546875 0.0390625
0 0.8251953125 0.02734375 0.099609375 0.0546875
0 0.712890625 0.04296875 0.103515625 0.05859375
0 0.6728515625 0.0107421875 0.107421875 0.021484375
0 0.5556640625 0.015625 0.142578125 0.03125
0 0.951171875 0.9775390625 0.09375 0.044921875
0 0.958984375 0.9267578125 0.078125 0.046875
0 0.8466796875 0.955078125 0.115234375 0.048828125
0 0.8232421875 0.9892578125 0.09765625 0.021484375
0 0.7119140625 0.9755859375 0.126953125 0.048828125
4 0.9658203125 0.4990234375 0.068359375 0.072265625
2 0.966796875 0.4296875 0.06640625 0.0703125
2 0.9638671875 0.5712890625 0.0703125 0.0703125