3 0.4970703125 0.482421875 0.560546875 0.884765625
2 0.974609375 0.19140625 0.05078125 0.125
2 0.962890625 0.2841796875 0.07421875 0.13671875
2 0.9443359375 0.373046875 0.109375 0.13671875
2 0.8876953125 0.4375 0.154296875 0.158203125
2 0.8212890625 0.5244140625 0.1484375 0.1328125
2 0.8388671875 0.6552734375 0.16015625 0.140625
2 0.8115234375 0.7646484375 0.10546875 0.09375
2 0.806640625 0.85546875 0.0703125 0.080078125
2 0.9853515625 0.544921875 0.029296875 0.04296875
2 0.9423828125 0.5732421875 0.046875 0.0703125
2 0.9375 0.6298828125 0.03515625 0.0546875
2 0.9287109375 0.689453125 0.03515625 0.068359375
2 0.931640625 0.7529296875 0.041015625 0.05859375
2 0.9150390625 0.814453125 0.046875 0.06640625
2 0.89453125 0.8798828125 0.05859375 0.0703125
2 0.8740234375 0.9345703125 0.04296875 0.064453125
2 0.826171875 0.935546875 0.078125 0.0546875