4 0.5185546875 0.5380859375 0.365234375 0.4462890625
1 0.4150390625 0.205078125 0.1015625 0.1318359375
1 0.3291015625 0.2529296875 0.091796875 0.1328125
1 0.2392578125 0.318359375 0.0947265625 0.13671875
1 0.1650390625 0.3837890625 0.1064453125 0.1142578125
1 0.099609375 0.4541015625 0.1318359375 0.111328125
1 0.099609375 0.5810546875 0.1318359375 0.1611328125
1 0.1689453125 0.708984375 0.1708984375 0.107421875
1 0.302734375 0.796875 0.126953125 0.095703125
1 0.7265625 0.791015625 0.1455078125 0.0986328125
1 0.85546875 0.7099609375 0.1953125 0.103515625
1 0.619140625 0.1923828125 0.1123046875 0.1162109375
1 0.5126953125 0.1181640625 0.1298828125 0.1533203125
1 0.716796875 0.2587890625 0.1005859375 0.125
1 0.796875 0.326171875 0.130859375 0.1337890625
1 0.8505859375 0.384765625 0.12890625 0.1298828125
1 0.90234375 0.46875 0.1123046875 0.0966796875
1 0.931640625 0.587890625 0.1142578125 0.171875
1 0.51171875 0.8564453125 0.326171875 0.1982421875