4 0.171875 0.4404296875 0.1298828125 0.357421875
4 0.2626953125 0.1142578125 0.05859375 0.1201171875
4 0.392578125 0.2333984375 0.05078125 0.091796875
4 0.484375 0.310546875 0.0439453125 0.0703125
0 0.2265625 0.1162109375 0.0126953125 0.017578125
0 0.2236328125 0.1435546875 0.017578125 0.029296875
0 0.220703125 0.1796875 0.017578125 0.02734375
0 0.2158203125 0.21484375 0.017578125 0.0283203125
0 0.2275390625 0.2392578125 0.0166015625 0.033203125
0 0.2138671875 0.251953125 0.0205078125 0.0263671875
0 0.2255859375 0.2744140625 0.0146484375 0.0341796875
0 0.2236328125 0.3134765625 0.01171875 0.0322265625
0 0.2060546875 0.2353515625 0.01171875 0.02734375
0 0.2080078125 0.1982421875 0.0078125 0.02734375
0 0.212890625 0.1650390625 0.0078125 0.02734375
0 0.361328125 0.2421875 0.009765625 0.01953125
0 0.3671875 0.2548828125 0.01171875 0.0224609375
0 0.359375 0.267578125 0.0126953125 0.0185546875
0 0.365234375 0.2861328125 0.0126953125 0.021484375
0 0.35546875 0.298828125 0.0126953125 0.0185546875
0 0.37109375 0.298828125 0.0078125 0.013671875
0 0.2255859375 0.337890625 0.0068359375 0.015625
0 0.2119140625 0.333984375 0.009765625 0.013671875
0 0.462890625 0.400390625 0.009765625 0.021484375
0 0.4541015625 0.3916015625 0.0078125 0.0146484375
0 0.4677734375 0.390625 0.0078125 0.0166015625
0 0.4619140625 0.3759765625 0.0107421875 0.0224609375
0 0.4609375 0.349609375 0.0107421875 0.0244140625
0 0.455078125 0.3662109375 0.0068359375 0.0185546875
0 0.4619140625 0.3271484375 0.0126953125 0.01953125
0 0.46875 0.314453125 0.009765625 0.017578125
0 0.455078125 0.31640625 0.0107421875 0.017578125
0 0.455078125 0.3408203125 0.0078125 0.0185546875
0 0.4658203125 0.341796875 0.0078125 0.0166015625
4 0.2724609375 0.2919921875 0.03515625 0.0791015625
4 0.267578125 0.40625 0.0322265625 0.0751953125