1 0.9482421875 0.908203125 0.103515625 0.18359375
1 0.9443359375 0.7275390625 0.109375 0.1796875
1 0.9462890625 0.5556640625 0.107421875 0.169921875
1 0.9501953125 0.38671875 0.099609375 0.171875
1 0.9521484375 0.2119140625 0.095703125 0.171875
1 0.94921875 0.064453125 0.1015625 0.12890625
4 0.5625 0.12109375 0.6796875 0.2421875
1 0.5556640625 0.8017578125 0.1953125 0.21484375
1 0.3349609375 0.7890625 0.228515625 0.24609375
1 0.111328125 0.783203125 0.22265625 0.244140625
3 0.55078125 0.4765625 0.32421875 0.216796875
2 0.8037109375 0.556640625 0.158203125 0.5546875
2 0.5703125 0.3017578125 0.330078125 0.12890625