0 0.5283203125 0.765625 0.1416015625 0.1416015625
0 0.5283203125 0.958984375 0.09375 0.0810546875
0 0.6171875 0.884765625 0.1044921875 0.123046875
0 0.4482421875 0.8759765625 0.1083984375 0.111328125
1 0.853515625 0.0732421875 0.291015625 0.1455078125
1 0.1923828125 0.0771484375 0.384765625 0.154296875
0 0.2529296875 0.41796875 0.15625 0.16015625
0 0.2685546875 0.6591796875 0.130859375 0.1376953125
0 0.3486328125 0.796875 0.1142578125 0.142578125
0 0.958984375 0.529296875 0.08203125 0.13671875
0 0.9130859375 0.6318359375 0.1337890625 0.1796875
0 0.9453125 0.7763671875 0.109375 0.162109375
0 0.935546875 0.8857421875 0.12890625 0.201171875