2 0.244140625 0.0625 0.0771484375 0.125
2 0.2236328125 0.142578125 0.09765625 0.1396484375
2 0.1953125 0.234375 0.0791015625 0.140625
2 0.1669921875 0.3349609375 0.0986328125 0.1376953125
2 0.1513671875 0.4248046875 0.0908203125 0.1416015625
2 0.1142578125 0.53125 0.083984375 0.150390625
2 0.087890625 0.6201171875 0.08203125 0.1572265625
2 0.0595703125 0.7275390625 0.09375 0.1494140625
2 0.037109375 0.8173828125 0.0712890625 0.1455078125
1 0.0986328125 0.970703125 0.0615234375 0.0576171875
1 0.119140625 0.90234375 0.08203125 0.095703125
1 0.1484375 0.7880859375 0.0859375 0.1181640625
1 0.185546875 0.685546875 0.087890625 0.1044921875
1 0.208984375 0.5927734375 0.076171875 0.1025390625
1 0.2373046875 0.5 0.0634765625 0.0849609375
1 0.2646484375 0.4052734375 0.0771484375 0.1025390625
1 0.2900390625 0.3076171875 0.0888671875 0.1025390625
1 0.3173828125 0.2099609375 0.078125 0.0986328125
1 0.3447265625 0.109375 0.0830078125 0.0859375
1 0.3603515625 0.0341796875 0.068359375 0.068359375
1 0.63671875 0.0693359375 0.1298828125 0.138671875
1 0.6064453125 0.15625 0.1103515625 0.1630859375
1 0.5732421875 0.2666015625 0.1103515625 0.17578125
1 0.5458984375 0.373046875 0.0986328125 0.162109375
1 0.5185546875 0.4873046875 0.1044921875 0.18359375
1 0.484375 0.59765625 0.109375 0.1953125
1 0.4345703125 0.765625 0.14453125 0.1123046875
1 0.4072265625 0.875 0.14453125 0.0927734375
1 0.3798828125 0.970703125 0.115234375 0.0576171875
1 0.669921875 0.763671875 0.306640625 0.4716796875
1 0.91015625 0.7666015625 0.1796875 0.462890625
1 0.7333984375 0.33984375 0.177734375 0.376953125
1 0.912109375 0.3447265625 0.171875 0.3798828125
1 0.8203125 0.080078125 0.1171875 0.16015625