3 0.794921875 0.60546875 0.212890625 0.5615234375
2 0.306640625 0.3154296875 0.208984375 0.4130859375
2 0.099609375 0.34375 0.19921875 0.44140625
2 0.390625 0.392578125 0.029296875 0.0859375
2 0.421875 0.408203125 0.033203125 0.0908203125
2 0.4482421875 0.4189453125 0.025390625 0.0888671875
2 0.4775390625 0.4267578125 0.0244140625 0.095703125
2 0.5078125 0.447265625 0.021484375 0.111328125
2 0.533203125 0.4609375 0.01953125 0.0888671875
2 0.5673828125 0.4765625 0.0224609375 0.0966796875
2 0.59765625 0.490234375 0.0224609375 0.0966796875
2 0.630859375 0.5009765625 0.02734375 0.0888671875
2 0.6630859375 0.517578125 0.02734375 0.0947265625
2 0.693359375 0.5322265625 0.025390625 0.091796875
2 0.7255859375 0.5400390625 0.0234375 0.076171875
2 0.1787109375 0.4365234375 0.0283203125 0.09375
2 0.208984375 0.4482421875 0.03125 0.1015625
2 0.2412109375 0.4609375 0.0302734375 0.0947265625
2 0.2724609375 0.4765625 0.0234375 0.1064453125
2 0.3056640625 0.494140625 0.0234375 0.10546875
2 0.3388671875 0.5078125 0.0283203125 0.099609375
2 0.375 0.5263671875 0.0283203125 0.0947265625
2 0.40625 0.5361328125 0.0283203125 0.10546875
2 0.439453125 0.5576171875 0.0244140625 0.1103515625
2 0.4755859375 0.572265625 0.02734375 0.09765625
2 0.5185546875 0.591796875 0.0341796875 0.1064453125
2 0.546875 0.6064453125 0.0361328125 0.111328125
2 0.5859375 0.6259765625 0.0400390625 0.115234375
2 0.626953125 0.638671875 0.0419921875 0.0927734375
2 0.6650390625 0.65625 0.03125 0.111328125
2 0.70703125 0.67578125 0.0322265625 0.107421875
0 0.5556640625 0.3603515625 0.068359375 0.126953125
0 0.5986328125 0.29296875 0.07421875 0.1240234375
0 0.6455078125 0.2265625 0.06640625 0.126953125
0 0.697265625 0.1650390625 0.06640625 0.1171875
0 0.7421875 0.08984375 0.078125 0.14453125
0 0.7939453125 0.0458984375 0.0830078125 0.091796875
0 0.8798828125 0.046875 0.0830078125 0.09375
0 0.828125 0.1083984375 0.080078125 0.1259765625
0 0.9189453125 0.1015625 0.078125 0.1416015625
0 0.865234375 0.18359375 0.076171875 0.125
0 0.9521484375 0.1904296875 0.08984375 0.140625
0 0.9013671875 0.2666015625 0.07421875 0.1484375
0 0.810546875 0.2509765625 0.072265625 0.12890625
0 0.7763671875 0.17578125 0.0771484375 0.111328125
0 0.7265625 0.2470703125 0.0654296875 0.1103515625
0 0.6767578125 0.3115234375 0.0673828125 0.1220703125
0 0.7548828125 0.3115234375 0.083984375 0.1142578125
0 0.7109375 0.3837890625 0.0712890625 0.1181640625
0 0.630859375 0.375 0.078125 0.119140625
0 0.578125 0.4189453125 0.0673828125 0.0869140625
0 0.654296875 0.42578125 0.0751953125 0.095703125
0 0.8779296875 0.4111328125 0.078125 0.12890625
0 0.845703125 0.328125 0.0693359375 0.1171875
0 0.9365234375 0.33984375 0.072265625 0.1455078125
0 0.9794921875 0.2802734375 0.041015625 0.1201171875
0 0.962890625 0.4267578125 0.07421875 0.1474609375
0 0.9130859375 0.509765625 0.076171875 0.1220703125
0 0.9501953125 0.595703125 0.087890625 0.14453125
0 0.9873046875 0.525390625 0.0244140625 0.0986328125