2 0.9287109375 0.083984375 0.09765625 0.056640625
2 0.7958984375 0.5009765625 0.123046875 0.02734375
2 0.7900390625 0.529296875 0.13671875 0.03125
2 0.90234375 0.7822265625 0.10546875 0.046875
3 0.46484375 0.3955078125 0.0703125 0.029296875
3 0.4453125 0.4287109375 0.076171875 0.041015625
3 0.4501953125 0.6318359375 0.0546875 0.02734375
3 0.453125 0.6689453125 0.1015625 0.03515625
3 0.59765625 0.8115234375 0.10546875 0.03125
3 0.603515625 0.11328125 0.0859375 0.037109375
3 0.5703125 0.9052734375 0.138671875 0.041015625
4 0.306640625 0.0048828125 0.076171875 0.009765625
4 0.2392578125 0.0654296875 0.05078125 0.01953125
4 0.3056640625 0.1357421875 0.087890625 0.03515625
4 0.2431640625 0.1982421875 0.04296875 0.0234375
4 0.3095703125 0.291015625 0.08203125 0.03125
4 0.248046875 0.3388671875 0.04296875 0.01953125
4 0.322265625 0.4208984375 0.0703125 0.03125
4 0.333984375 0.462890625 0.0625 0.02734375