2 0.2109375 0.251953125 0.37890625 0.50390625
2 0.421875 0.12890625 0.3828125 0.2578125
2 0.876953125 0.123046875 0.24609375 0.24609375
2 0.623046875 0.306640625 0.3515625 0.423828125
2 0.9462890625 0.2841796875 0.107421875 0.173828125
2 0.8662109375 0.4521484375 0.26171875 0.375
2 0.92578125 0.64453125 0.1328125 0.216796875
2 0.6064453125 0.7666015625 0.34765625 0.42578125
2 0.19140625 0.771484375 0.3828125 0.45703125
2 0.40234375 0.896484375 0.27734375 0.20703125
2 0.8525390625 0.8154296875 0.271484375 0.3203125
2 0.400390625 0.53125 0.427734375 0.513671875