3 0.2021484375 0.9033203125 0.16015625 0.140625
3 0.1904296875 0.0927734375 0.15625 0.16015625
1 0.0576171875 0.9013671875 0.03515625 0.0390625
1 0.060546875 0.8759765625 0.03515625 0.03125
1 0.060546875 0.849609375 0.03515625 0.0390625
1 0.060546875 0.826171875 0.0390625 0.03125
1 0.05859375 0.794921875 0.03515625 0.05078125
1 0.0576171875 0.7626953125 0.0390625 0.0390625
1 0.0576171875 0.7421875 0.037109375 0.033203125
1 0.0556640625 0.716796875 0.041015625 0.0390625
1 0.0576171875 0.69140625 0.03515625 0.03125
1 0.0576171875 0.6650390625 0.0390625 0.044921875
1 0.056640625 0.6416015625 0.03515625 0.03125
1 0.0556640625 0.6171875 0.0390625 0.05078125
1 0.0556640625 0.5869140625 0.033203125 0.03125
1 0.0537109375 0.5615234375 0.03515625 0.044921875
1 0.0546875 0.537109375 0.03515625 0.02734375
1 0.0537109375 0.51171875 0.03515625 0.041015625
1 0.0537109375 0.4833984375 0.033203125 0.03125
1 0.05078125 0.45703125 0.03515625 0.037109375
1 0.052734375 0.4326171875 0.03125 0.02734375
1 0.05078125 0.404296875 0.037109375 0.04296875
1 0.052734375 0.3798828125 0.033203125 0.025390625
1 0.05078125 0.35546875 0.03515625 0.03515625
1 0.0517578125 0.3291015625 0.03515625 0.02734375
1 0.0517578125 0.3037109375 0.0390625 0.0390625
1 0.0498046875 0.275390625 0.037109375 0.029296875
1 0.0478515625 0.2490234375 0.0390625 0.03515625
1 0.0498046875 0.220703125 0.037109375 0.03125
1 0.0546875 0.193359375 0.03125 0.0234375
1 0.05078125 0.169921875 0.037109375 0.0390625
1 0.05078125 0.138671875 0.03515625 0.03515625
1 0.0517578125 0.1142578125 0.03515625 0.0390625
1 0.05078125 0.08203125 0.03515625 0.03125
1 0.09375 0.138671875 0.0234375 0.03515625
1 0.09375 0.0810546875 0.021484375 0.03515625
1 0.0947265625 0.1767578125 0.01953125 0.02734375
1 0.091796875 0.234375 0.021484375 0.03125
1 0.091796875 0.296875 0.0234375 0.03515625
1 0.0927734375 0.330078125 0.0234375 0.03125
1 0.0927734375 0.3896484375 0.021484375 0.029296875
1 0.095703125 0.4208984375 0.021484375 0.03125
1 0.0947265625 0.4853515625 0.0234375 0.029296875
1 0.0966796875 0.517578125 0.021484375 0.037109375
1 0.0986328125 0.580078125 0.0234375 0.02734375
1 0.0966796875 0.61328125 0.0234375 0.03125
1 0.0986328125 0.6748046875 0.021484375 0.02734375
1 0.09765625 0.712890625 0.0234375 0.03515625
1 0.1025390625 0.822265625 0.021484375 0.02734375
1 0.103515625 0.8544921875 0.02734375 0.03515625
1 0.103515625 0.9189453125 0.021484375 0.0390625
0 0.1025390625 0.8857421875 0.01953125 0.03515625
0 0.103515625 0.7900390625 0.0234375 0.03515625
0 0.0986328125 0.7421875 0.021484375 0.03515625
0 0.09765625 0.64453125 0.0234375 0.033203125
0 0.0966796875 0.5517578125 0.021484375 0.03125
0 0.0947265625 0.4541015625 0.0234375 0.03125
0 0.09375 0.3603515625 0.0234375 0.03125
0 0.09375 0.263671875 0.021484375 0.03515625
0 0.095703125 0.2060546875 0.0234375 0.0390625
0 0.0947265625 0.1123046875 0.0234375 0.03515625
1 0.1435546875 0.78125 0.0390625 0.05078125
1 0.1591796875 0.75 0.05078125 0.05859375
1 0.1845703125 0.720703125 0.060546875 0.068359375
1 0.2158203125 0.7021484375 0.0625 0.0703125
1 0.2509765625 0.69140625 0.05859375 0.078125
1 0.2841796875 0.6904296875 0.0546875 0.08203125
1 0.3193359375 0.7041015625 0.0546875 0.0859375
1 0.3505859375 0.7177734375 0.06640625 0.08203125
1 0.388671875 0.7275390625 0.0703125 0.076171875
1 0.423828125 0.7099609375 0.05078125 0.0625
1 0.4423828125 0.681640625 0.05859375 0.05859375
1 0.455078125 0.6611328125 0.05078125 0.046875
1 0.4541015625 0.3359375 0.0390625 0.048828125
1 0.435546875 0.3125 0.05078125 0.046875
1 0.408203125 0.2958984375 0.056640625 0.0625
1 0.376953125 0.28515625 0.05078125 0.072265625
1 0.3388671875 0.29296875 0.0546875 0.0703125
1 0.3076171875 0.3056640625 0.05078125 0.07421875
1 0.2685546875 0.3095703125 0.060546875 0.07421875
1 0.2373046875 0.3056640625 0.0625 0.068359375
1 0.2041015625 0.2890625 0.0625 0.05859375
1 0.173828125 0.2646484375 0.076171875 0.0625
1 0.1484375 0.234375 0.05859375 0.048828125
1 0.1318359375 0.1982421875 0.046875 0.0390625
1 0.1337890625 0.1650390625 0.04296875 0.0390625
0 0.482421875 0.541015625 0.02734375 0.05078125
0 0.482421875 0.4453125 0.02734375 0.048828125
1 0.484375 0.6005859375 0.029296875 0.08203125
1 0.482421875 0.4951171875 0.03125 0.0625
1 0.4814453125 0.392578125 0.029296875 0.0703125
1 0.5234375 0.625 0.03125 0.046875
1 0.5517578125 0.634765625 0.01953125 0.03515625
1 0.5478515625 0.5830078125 0.0234375 0.05859375
1 0.546875 0.4169921875 0.021484375 0.05859375
1 0.54296875 0.3701171875 0.02734375 0.046875
1 0.515625 0.3720703125 0.0234375 0.05078125
1 0.580078125 0.6142578125 0.017578125 0.01953125
1 0.580078125 0.5830078125 0.01953125 0.03125
1 0.580078125 0.546875 0.01953125 0.03515625
1 0.5791015625 0.5126953125 0.01953125 0.033203125
1 0.578125 0.4755859375 0.0234375 0.033203125
1 0.5771484375 0.4423828125 0.0234375 0.0390625
1 0.5771484375 0.40625 0.01953125 0.03515625
1 0.5751953125 0.3720703125 0.01953125 0.03515625
1 0.62890625 0.6201171875 0.0234375 0.029296875
1 0.625 0.5908203125 0.021484375 0.0390625
1 0.625 0.5537109375 0.0234375 0.03515625
1 0.6259765625 0.515625 0.02734375 0.03515625
1 0.625 0.482421875 0.02734375 0.0390625
1 0.6259765625 0.447265625 0.0234375 0.03515625
1 0.6240234375 0.4130859375 0.0234375 0.03515625
1 0.623046875 0.37109375 0.0234375 0.0390625
1 0.66015625 0.40625 0.0390625 0.046875
1 0.677734375 0.43359375 0.048828125 0.05078125
1 0.7109375 0.4423828125 0.052734375 0.0546875
1 0.7138671875 0.5673828125 0.056640625 0.0625
1 0.68359375 0.5732421875 0.05078125 0.05078125
1 0.6640625 0.59375 0.0390625 0.0625
0 0.7197265625 0.4990234375 0.01953125 0.03125
1 0.720703125 0.5263671875 0.01953125 0.02734375
1 0.7197265625 0.474609375 0.01953125 0.01953125
1 0.751953125 0.5537109375 0.03125 0.02734375
1 0.755859375 0.5224609375 0.03515625 0.03125
1 0.755859375 0.486328125 0.0390625 0.03515625
1 0.7490234375 0.45703125 0.0390625 0.02734375
1 0.74609375 0.4345703125 0.02734375 0.017578125
0 0.7861328125 0.490234375 0.015625 0.02734375
0 0.837890625 0.501953125 0.021484375 0.025390625
0 0.783203125 0.533203125 0.015625 0.0234375
0 0.7783203125 0.455078125 0.015625 0.02734375
0 0.767578125 0.4345703125 0.01171875 0.013671875
0 0.7724609375 0.564453125 0.015625 0.015625
0 0.796875 0.5439453125 0.021484375 0.01953125
0 0.7978515625 0.458984375 0.01953125 0.0234375
1 0.8779296875 0.546875 0.033203125 0.0234375
1 0.8828125 0.5224609375 0.03515625 0.03515625
1 0.8876953125 0.486328125 0.03515625 0.033203125
1 0.8818359375 0.4599609375 0.033203125 0.01953125
4 0.947265625 0.5048828125 0.10546875 0.119140625
4 0.9169921875 0.5361328125 0.033203125 0.03125
4 0.92578125 0.5048828125 0.03125 0.041015625
4 0.919921875 0.474609375 0.0390625 0.02734375