0 0.2421875 0.40625 0.0654296875 0.2666015625
0 0.31640625 0.408203125 0.0693359375 0.3017578125
0 0.3994140625 0.42578125 0.06640625 0.361328125
0 0.5771484375 0.4228515625 0.107421875 0.392578125
0 0.763671875 0.4296875 0.1572265625 0.4638671875
0 0.958984375 0.4287109375 0.08203125 0.6005859375
0 0.5068359375 0.0517578125 0.03125 0.076171875
0 0.55078125 0.033203125 0.0322265625 0.0654296875
0 0.5986328125 0.025390625 0.033203125 0.05078125
0 0.46875 0.0615234375 0.021484375 0.064453125
1 0.98046875 0.8251953125 0.0390625 0.1064453125
1 0.9404296875 0.810546875 0.0498046875 0.095703125
1 0.8974609375 0.7890625 0.0478515625 0.0927734375
1 0.8603515625 0.783203125 0.044921875 0.09375
1 0.8193359375 0.7666015625 0.0517578125 0.0849609375
1 0.7822265625 0.7568359375 0.05078125 0.087890625
1 0.7509765625 0.7490234375 0.046875 0.0908203125
1 0.7177734375 0.73828125 0.04296875 0.0859375
1 0.6826171875 0.72265625 0.046875 0.0830078125
1 0.6552734375 0.7158203125 0.044921875 0.080078125