4 0.591796875 0.5185546875 0.1953125 0.20703125
0 0.6552734375 0.7431640625 0.046875 0.078125
0 0.515625 0.634765625 0.05078125 0.078125
0 0.4521484375 0.5380859375 0.0703125 0.076171875
0 0.3271484375 0.541015625 0.0625 0.08984375
0 0.6640625 0.306640625 0.05078125 0.0703125
0 0.5185546875 0.4306640625 0.05859375 0.0703125
2 0.0830078125 0.5224609375 0.166015625 0.103515625
2 0.564453125 0.982421875 0.05078125 0.03515625
2 0.529296875 0.95703125 0.046875 0.04296875
2 0.5009765625 0.9365234375 0.052734375 0.046875
2 0.470703125 0.912109375 0.05078125 0.046875
2 0.44140625 0.880859375 0.052734375 0.0546875
2 0.4130859375 0.8544921875 0.05859375 0.0390625
2 0.384765625 0.828125 0.046875 0.05078125
2 0.349609375 0.80078125 0.056640625 0.04296875
2 0.3271484375 0.7802734375 0.046875 0.052734375
2 0.298828125 0.7509765625 0.0546875 0.041015625
2 0.2685546875 0.728515625 0.048828125 0.048828125
2 0.236328125 0.70703125 0.044921875 0.046875
2 0.20703125 0.67578125 0.0390625 0.044921875
2 0.1875 0.6474609375 0.05078125 0.056640625
2 0.1611328125 0.6240234375 0.04296875 0.05078125
2 0.1337890625 0.5966796875 0.0390625 0.05859375
2 0.111328125 0.5771484375 0.04296875 0.041015625
2 0.1044921875 0.4755859375 0.048828125 0.041015625
2 0.1298828125 0.455078125 0.044921875 0.04296875
2 0.1552734375 0.431640625 0.04296875 0.052734375
2 0.18359375 0.40625 0.046875 0.05078125
2 0.2080078125 0.3818359375 0.0546875 0.041015625
2 0.2470703125 0.3486328125 0.052734375 0.037109375
2 0.2744140625 0.318359375 0.0546875 0.0390625
2 0.3037109375 0.2919921875 0.05859375 0.0390625
2 0.3330078125 0.265625 0.046875 0.0390625
2 0.3603515625 0.2421875 0.05859375 0.046875
2 0.39453125 0.2080078125 0.0546875 0.05078125
2 0.4169921875 0.1796875 0.0546875 0.046875
1 0.4521484375 0.1474609375 0.05078125 0.0546875
2 0.4814453125 0.1220703125 0.05078125 0.046875
2 0.5166015625 0.095703125 0.0625 0.05859375
2 0.5439453125 0.0625 0.052734375 0.04296875
2 0.576171875 0.0322265625 0.05078125 0.04296875
2 0.611328125 0.01171875 0.0625 0.0234375
1 0.6279296875 0.978515625 0.044921875 0.04296875
1 0.591796875 0.955078125 0.046875 0.052734375
1 0.5634765625 0.9228515625 0.04296875 0.04296875
1 0.529296875 0.8955078125 0.04296875 0.048828125
1 0.5048828125 0.8740234375 0.03515625 0.046875
1 0.4716796875 0.83984375 0.046875 0.0390625
1 0.4404296875 0.8134765625 0.041015625 0.044921875
1 0.4130859375 0.7880859375 0.044921875 0.0546875
1 0.3828125 0.759765625 0.037109375 0.037109375
1 0.3525390625 0.7353515625 0.0390625 0.046875
1 0.322265625 0.7021484375 0.04296875 0.04296875
1 0.298828125 0.677734375 0.04296875 0.046875
1 0.26953125 0.6640625 0.0390625 0.033203125
1 0.2451171875 0.6318359375 0.03515625 0.0390625
1 0.2099609375 0.6171875 0.03125 0.041015625
1 0.1826171875 0.58984375 0.03515625 0.04296875
1 0.1591796875 0.5673828125 0.029296875 0.0390625
1 0.1611328125 0.4775390625 0.041015625 0.05078125
1 0.18359375 0.4638671875 0.044921875 0.052734375
1 0.2158203125 0.4345703125 0.04296875 0.046875
1 0.2451171875 0.41015625 0.041015625 0.0546875
1 0.265625 0.3837890625 0.0390625 0.0546875
1 0.2978515625 0.3564453125 0.044921875 0.0546875
1 0.328125 0.330078125 0.046875 0.056640625
1 0.3603515625 0.2998046875 0.041015625 0.046875
1 0.392578125 0.267578125 0.044921875 0.05859375
1 0.4140625 0.25 0.03515625 0.048828125
1 0.447265625 0.22265625 0.046875 0.0546875
1 0.482421875 0.193359375 0.0390625 0.056640625
1 0.5126953125 0.158203125 0.041015625 0.0625
1 0.5439453125 0.1298828125 0.0390625 0.05859375
1 0.572265625 0.107421875 0.05078125 0.05859375
1 0.6083984375 0.0712890625 0.041015625 0.056640625
1 0.6357421875 0.0419921875 0.0390625 0.05078125
1 0.671875 0.0166015625 0.0546875 0.033203125
4 0.828125 0.9267578125 0.203125 0.146484375