1 0.83984375 0.978515625 0.14453125 0.04296875
1 0.8359375 0.9443359375 0.130859375 0.037109375
1 0.8388671875 0.888671875 0.125 0.0625
1 0.830078125 0.84375 0.125 0.037109375
1 0.8359375 0.787109375 0.130859375 0.072265625
1 0.826171875 0.7431640625 0.12890625 0.0390625
1 0.837890625 0.693359375 0.130859375 0.07421875
1 0.830078125 0.646484375 0.1171875 0.033203125
1 0.8359375 0.5966796875 0.12890625 0.07421875
1 0.8291015625 0.5498046875 0.12890625 0.0390625
1 0.8359375 0.5 0.125 0.0625
1 0.830078125 0.4501953125 0.125 0.046875
1 0.8369140625 0.40234375 0.126953125 0.0625
1 0.8291015625 0.3544921875 0.12109375 0.046875
1 0.8330078125 0.302734375 0.12890625 0.0703125
1 0.8310546875 0.2578125 0.125 0.046875
1 0.837890625 0.2060546875 0.12890625 0.0703125
1 0.828125 0.1572265625 0.134765625 0.04296875
1 0.83984375 0.1025390625 0.134765625 0.07421875
1 0.828125 0.060546875 0.1171875 0.0390625
1 0.8349609375 0.0224609375 0.1328125 0.044921875
1 0.5703125 0.0224609375 0.17578125 0.04296875
1 0.57421875 0.0556640625 0.16015625 0.111328125
1 0.5693359375 0.1171875 0.17578125 0.109375
1 0.5732421875 0.171875 0.173828125 0.1171875
1 0.5751953125 0.2333984375 0.1640625 0.125
1 0.572265625 0.30078125 0.171875 0.109375
1 0.5732421875 0.359375 0.16796875 0.109375
1 0.5732421875 0.4189453125 0.166015625 0.11328125
1 0.5693359375 0.4775390625 0.16796875 0.109375
1 0.572265625 0.9638671875 0.19140625 0.072265625
1 0.5771484375 0.9140625 0.1796875 0.109375
1 0.572265625 0.8525390625 0.16796875 0.1015625
1 0.5732421875 0.791015625 0.17578125 0.12109375
1 0.572265625 0.7294921875 0.17578125 0.1015625
1 0.5693359375 0.6669921875 0.162109375 0.1171875
1 0.5703125 0.6025390625 0.166015625 0.10546875
1 0.572265625 0.5458984375 0.16796875 0.109375
1 0.181640625 0.982421875 0.056640625 0.03515625
1 0.177734375 0.9560546875 0.044921875 0.025390625
1 0.177734375 0.927734375 0.05078125 0.041015625
1 0.1767578125 0.8974609375 0.048828125 0.021484375
1 0.185546875 0.8671875 0.046875 0.037109375
1 0.1796875 0.8408203125 0.05078125 0.01171875
1 0.18359375 0.810546875 0.05859375 0.04296875
1 0.1845703125 0.78125 0.04296875 0.01953125
1 0.1845703125 0.7548828125 0.05078125 0.041015625
1 0.18359375 0.724609375 0.05078125 0.017578125
1 0.1796875 0.693359375 0.046875 0.0390625
1 0.1787109375 0.6669921875 0.0546875 0.015625
1 0.1826171875 0.6396484375 0.0546875 0.04296875
1 0.1826171875 0.609375 0.048828125 0.01953125
1 0.1865234375 0.580078125 0.048828125 0.04296875
1 0.18359375 0.5537109375 0.05078125 0.01953125
1 0.18359375 0.521484375 0.05859375 0.0390625
1 0.1826171875 0.4970703125 0.05078125 0.013671875
1 0.1826171875 0.4677734375 0.048828125 0.041015625
1 0.1845703125 0.439453125 0.04296875 0.013671875
1 0.1865234375 0.41015625 0.041015625 0.046875
1 0.1826171875 0.380859375 0.056640625 0.013671875
1 0.185546875 0.3515625 0.0546875 0.04296875
1 0.1865234375 0.32421875 0.046875 0.017578125
1 0.1845703125 0.294921875 0.044921875 0.04296875
1 0.1865234375 0.2666015625 0.05078125 0.021484375
1 0.1845703125 0.2353515625 0.048828125 0.0390625
1 0.18359375 0.2109375 0.05078125 0.01953125
1 0.1865234375 0.1787109375 0.0546875 0.03515625
1 0.1845703125 0.15234375 0.0546875 0.01953125
1 0.1845703125 0.1220703125 0.056640625 0.041015625
1 0.185546875 0.095703125 0.056640625 0.021484375
1 0.1826171875 0.064453125 0.05859375 0.041015625
1 0.1845703125 0.0380859375 0.0546875 0.01953125
1 0.1845703125 0.0146484375 0.0546875 0.02734375