0 0.1630859375 0.1904296875 0.30078125 0.1875
0 0.3349609375 0.0625 0.291015625 0.125
0 0.4853515625 0.115234375 0.25390625 0.140625
0 0.1337890625 0.96875 0.140625 0.0625
1 0.705078125 0.884765625 0.48828125 0.23046875
1 0.3544921875 0.9267578125 0.2421875 0.142578125
1 0.7578125 0.236328125 0.396484375 0.22265625
1 0.408203125 0.2607421875 0.23046875 0.1328125
1 0.826171875 0.060546875 0.27734375 0.12109375
2 0.0732421875 0.359375 0.103515625 0.03515625
2 0.03125 0.4033203125 0.0625 0.05859375
2 0.03125 0.8623046875 0.060546875 0.046875