3 0.421875 0.8017578125 0.25390625 0.396484375
0 0.96875 0.2568359375 0.0625 0.09375
0 0.7978515625 0.25390625 0.15234375 0.158203125
0 0.6123046875 0.2578125 0.09375 0.09375
0 0.4326171875 0.2626953125 0.1640625 0.16015625
1 0.216796875 0.0166015625 0.0625 0.033203125
1 0.203125 0.087890625 0.08203125 0.13671875
1 0.193359375 0.203125 0.08203125 0.12890625
1 0.1845703125 0.326171875 0.09375 0.13671875
1 0.1650390625 0.4658203125 0.0859375 0.14453125
1 0.1552734375 0.587890625 0.087890625 0.1328125
1 0.1455078125 0.708984375 0.09375 0.146484375
1 0.1357421875 0.8779296875 0.083984375 0.16796875
1 0.673828125 0.4931640625 0.154296875 0.15625
1 0.5732421875 0.5068359375 0.12109375 0.177734375
1 0.4775390625 0.490234375 0.12109375 0.16015625
1 0.388671875 0.486328125 0.12890625 0.126953125
1 0.2939453125 0.501953125 0.09375 0.140625
1 0.2578125 0.6328125 0.0859375 0.12890625
1 0.2587890625 0.7607421875 0.09765625 0.146484375
1 0.275390625 0.9111328125 0.15234375 0.177734375