0 0.2431640625 0.46484375 0.18359375 0.212890625
0 0.44140625 0.4814453125 0.193359375 0.19921875
0 0.6845703125 0.470703125 0.185546875 0.1953125
0 0.9111328125 0.4716796875 0.177734375 0.21875
0 0.818359375 0.587890625 0.1640625 0.1328125
0 0.5947265625 0.5947265625 0.17578125 0.142578125
0 0.583984375 0.3544921875 0.189453125 0.126953125
0 0.3681640625 0.5888671875 0.162109375 0.115234375
0 0.36328125 0.345703125 0.171875 0.12109375
1 0.0595703125 0.21875 0.103515625 0.078125
1 0.189453125 0.224609375 0.171875 0.07421875
1 0.3603515625 0.21875 0.17578125 0.078125
1 0.5380859375 0.2138671875 0.19140625 0.064453125
1 0.7353515625 0.2080078125 0.19921875 0.07421875
1 0.912109375 0.197265625 0.17578125 0.076171875
1 0.3046875 0.91796875 0.16796875 0.048828125
1 0.453125 0.931640625 0.142578125 0.060546875
1 0.6083984375 0.939453125 0.1640625 0.080078125
1 0.7763671875 0.953125 0.146484375 0.060546875
1 0.9296875 0.966796875 0.140625 0.06640625