4 0.791015625 0.638671875 0.41796875 0.72265625
4 0.462890625 0.283203125 0.158203125 0.38671875
4 0.2353515625 0.5927734375 0.1328125 0.3046875
4 0.103515625 0.7578125 0.13671875 0.20703125
4 0.404296875 0.8564453125 0.060546875 0.15625
3 0.068359375 0.4091796875 0.09375 0.2109375
0 0.1826171875 0.990234375 0.03515625 0.01953125
0 0.1669921875 0.9716796875 0.021484375 0.056640625
0 0.2109375 0.970703125 0.03125 0.05859375
0 0.1904296875 0.9306640625 0.03515625 0.0546875
0 0.17578125 0.89453125 0.01953125 0.046875
0 0.19921875 0.853515625 0.03125 0.056640625
0 0.216796875 0.896484375 0.029296875 0.0546875
0 0.2255859375 0.8193359375 0.03125 0.05078125
0 0.23828125 0.8671875 0.021484375 0.05078125
0 0.2041015625 0.7802734375 0.0390625 0.05078125
0 0.189453125 0.74609375 0.01953125 0.046875
0 0.2119140625 0.7177734375 0.0390625 0.0234375
0 0.232421875 0.748046875 0.037109375 0.052734375
0 0.3330078125 0.580078125 0.04296875 0.037109375
0 0.30859375 0.611328125 0.0234375 0.05859375
0 0.3564453125 0.6103515625 0.03515625 0.06640625
0 0.330078125 0.64453125 0.05078125 0.052734375
0 0.3740234375 0.662109375 0.021484375 0.056640625
0 0.349609375 0.6904296875 0.04296875 0.0546875
0 0.3037109375 0.6904296875 0.029296875 0.05078125
0 0.3203125 0.7255859375 0.0390625 0.05859375
0 0.3662109375 0.75 0.033203125 0.0625
0 0.3427734375 0.771484375 0.046875 0.0625
0 0.2978515625 0.775390625 0.029296875 0.048828125
0 0.314453125 0.8125 0.0390625 0.0625
0 0.337890625 0.8603515625 0.0390625 0.072265625
0 0.3603515625 0.8271484375 0.01953125 0.05078125
0 0.2890625 0.8623046875 0.02734375 0.048828125
0 0.3046875 0.90234375 0.0390625 0.0625
0 0.279296875 0.9443359375 0.0390625 0.08203125
0 0.3291015625 0.951171875 0.04296875 0.0703125
0 0.3544921875 0.9228515625 0.01953125 0.0703125
0 0.2998046875 0.98046875 0.048828125 0.0390625
0 0.3515625 0.98828125 0.0234375 0.0234375
0 0.4521484375 0.8134765625 0.037109375 0.03515625
0 0.4345703125 0.83203125 0.01953125 0.0546875
0 0.474609375 0.83203125 0.0390625 0.06640625
0 0.447265625 0.8681640625 0.02734375 0.0546875
0 0.470703125 0.8994140625 0.029296875 0.0625
0 0.4462890625 0.9365234375 0.03515625 0.0546875
0 0.4228515625 0.9736328125 0.021484375 0.052734375
0 0.4638671875 0.97265625 0.0390625 0.0546875
0 0.4384765625 0.990234375 0.02734375 0.01953125
0 0.5341796875 0.98046875 0.04296875 0.0390625
0 0.60546875 0.974609375 0.048828125 0.05078125
0 0.568359375 0.9345703125 0.0625 0.08984375
0 0.6318359375 0.94140625 0.03125 0.0859375
0 0.609375 0.87109375 0.0546875 0.08984375
0 0.5400390625 0.8837890625 0.041015625 0.0859375
0 0.572265625 0.810546875 0.0546875 0.0859375
0 0.63671875 0.8232421875 0.03125 0.08984375
0 0.544921875 0.7607421875 0.0390625 0.076171875
0 0.57421875 0.693359375 0.04296875 0.078125
0 0.544921875 0.6416015625 0.0390625 0.06640625
0 0.576171875 0.5791015625 0.05859375 0.06640625
0 0.5771484375 0.4736328125 0.048828125 0.0703125
0 0.611328125 0.52734375 0.048828125 0.0859375
0 0.61328125 0.427734375 0.046875 0.0703125
0 0.6181640625 0.326171875 0.05078125 0.08203125
0 0.58203125 0.3701171875 0.046875 0.072265625
0 0.552734375 0.3349609375 0.037109375 0.076171875
0 0.5810546875 0.2958984375 0.04296875 0.046875