1 0.2578125 0.3251953125 0.4384765625 0.326171875
1 0.7021484375 0.326171875 0.427734375 0.326171875
1 0.2958984375 0.7685546875 0.3759765625 0.2470703125
1 0.658203125 0.7685546875 0.3544921875 0.244140625
1 0.2041015625 0.533203125 0.216796875 0.060546875
1 0.23046875 0.607421875 0.189453125 0.05859375
0 0.1025390625 0.568359375 0.130859375 0.123046875
1 0.3369140625 0.5703125 0.171875 0.1259765625
0 0.4619140625 0.568359375 0.2119140625 0.1162109375
1 0.6064453125 0.568359375 0.134765625 0.1142578125
1 0.734375 0.525390625 0.2568359375 0.04296875
1 0.7197265625 0.611328125 0.189453125 0.0556640625
1 0.84375 0.568359375 0.177734375 0.126953125