1 0.0576171875 0.1826171875 0.115234375 0.166015625
1 0.02734375 0.3359375 0.0546875 0.177734375
1 0.1162109375 0.4580078125 0.1328125 0.15234375
1 0.17578125 0.333984375 0.1171875 0.1953125
1 0.0771484375 0.552734375 0.1328125 0.1328125
1 0.0478515625 0.666015625 0.095703125 0.10546875
1 0.029296875 0.7646484375 0.05859375 0.111328125
1 0.1220703125 0.85546875 0.11328125 0.12890625
1 0.154296875 0.7783203125 0.12109375 0.1484375
1 0.265625 0.8740234375 0.14453125 0.125
1 0.3251953125 0.7783203125 0.11328125 0.177734375
1 0.2080078125 0.6650390625 0.13671875 0.1328125
1 0.2421875 0.568359375 0.1171875 0.173828125
1 0.3056640625 0.4423828125 0.16015625 0.166015625
1 0.3671875 0.677734375 0.142578125 0.1484375
1 0.4453125 0.5625 0.140625 0.171875
1 0.212890625 0.1904296875 0.15234375 0.1796875
1 0.3642578125 0.3232421875 0.13671875 0.203125
1 0.443359375 0.1875 0.16015625 0.1953125
1 0.4970703125 0.474609375 0.15234375 0.169921875
1 0.5859375 0.3212890625 0.14453125 0.26953125
1 0.6611328125 0.193359375 0.193359375 0.20703125
1 0.7255859375 0.4296875 0.14453125 0.19140625
1 0.625 0.560546875 0.140625 0.193359375
1 0.5693359375 0.6708984375 0.15234375 0.146484375
1 0.484375 0.7802734375 0.12109375 0.140625
1 0.4365234375 0.87890625 0.1171875 0.125
1 0.544921875 0.951171875 0.11328125 0.09765625
1 0.6162109375 0.9140625 0.140625 0.14453125
1 0.70703125 0.8193359375 0.1328125 0.16796875
1 0.736328125 0.96484375 0.08203125 0.0703125
1 0.828125 0.9189453125 0.13671875 0.1328125
1 0.896484375 0.81640625 0.14453125 0.21484375
1 0.9580078125 0.703125 0.083984375 0.140625
1 0.7626953125 0.7158203125 0.1640625 0.1484375
1 0.861328125 0.5986328125 0.15625 0.189453125
1 0.8017578125 0.3251953125 0.126953125 0.236328125
1 0.908203125 0.1630859375 0.18359375 0.185546875
1 0.9375 0.4619140625 0.125 0.193359375
4 0.9140625 0.3212890625 0.171875 0.15234375
4 0.9609375 0.822265625 0.078125 0.109375
4 0.837890625 0.9765625 0.12109375 0.046875
4 0.734375 0.5888671875 0.171875 0.11328125
4 0.5791015625 0.80078125 0.1484375 0.130859375
4 0.4609375 0.322265625 0.16015625 0.1328125
4 0.3271484375 0.5615234375 0.13671875 0.134765625
4 0.2353515625 0.763671875 0.11328125 0.107421875
4 0.0693359375 0.328125 0.1328125 0.150390625
4 0.0234375 0.5673828125 0.046875 0.09765625