1 0.2255859375 0.634765625 0.203125 0.125
1 0.4384765625 0.6396484375 0.21484375 0.10546875
1 0.6328125 0.638671875 0.17578125 0.1171875
1 0.822265625 0.6298828125 0.1484375 0.1171875
0 0.3388671875 0.5107421875 0.259765625 0.119140625
0 0.2294921875 0.4384765625 0.1328125 0.20703125
0 0.5029296875 0.4384765625 0.2734375 0.1875
0 0.607421875 0.5087890625 0.130859375 0.109375
0 0.341796875 0.3095703125 0.296875 0.1953125
0 0.2060546875 0.1904296875 0.17578125 0.212890625
0 0.330078125 0.072265625 0.25 0.14453125
0 0.4921875 0.0185546875 0.18359375 0.037109375
0 0.607421875 0.076171875 0.173828125 0.15234375
0 0.5009765625 0.181640625 0.28125 0.2265625
0 0.6064453125 0.3125 0.1328125 0.1953125