4 0.4521484375 0.4775390625 0.46484375 0.3828125
1 0.7998046875 0.5849609375 0.13671875 0.10546875
1 0.75 0.67578125 0.138671875 0.09765625
1 0.6806640625 0.76953125 0.142578125 0.099609375
1 0.6123046875 0.8466796875 0.119140625 0.111328125
1 0.5400390625 0.9150390625 0.1171875 0.13671875
1 0.4072265625 0.9150390625 0.16796875 0.13671875
1 0.2744140625 0.8427734375 0.11328125 0.1796875
1 0.1826171875 0.7021484375 0.099609375 0.130859375
1 0.1875 0.259765625 0.103515625 0.15234375
1 0.2724609375 0.125 0.109375 0.203125
1 0.8125 0.373046875 0.12109375 0.1171875
1 0.8896484375 0.4833984375 0.16015625 0.13671875
1 0.7431640625 0.2705078125 0.12890625 0.10546875
1 0.6728515625 0.1865234375 0.140625 0.13671875
1 0.611328125 0.130859375 0.13671875 0.134765625
1 0.5244140625 0.076171875 0.1015625 0.1171875
1 0.400390625 0.052734375 0.1796875 0.10546875
1 0.1201171875 0.484375 0.20703125 0.33984375