1 0.8779296875 0.681640625 0.16796875 0.16796875
1 0.912109375 0.265625 0.13671875 0.15234375
1 0.7109375 0.2158203125 0.25 0.1640625
1 0.6708984375 0.74609375 0.275390625 0.13671875
1 0.4150390625 0.7998046875 0.21484375 0.3046875
1 0.4609375 0.2216796875 0.234375 0.2421875
1 0.095703125 0.6845703125 0.19140625 0.263671875
1 0.10546875 0.35546875 0.2109375 0.29296875
1 0.125 0.927734375 0.25 0.14453125
1 0.1513671875 0.0771484375 0.302734375 0.15234375
1 0.703125 0.0400390625 0.06640625 0.04296875
1 0.7646484375 0.03125 0.05859375 0.046875
1 0.8203125 0.0341796875 0.072265625 0.0390625
1 0.8740234375 0.0546875 0.07421875 0.033203125
1 0.9228515625 0.078125 0.078125 0.041015625
1 0.9599609375 0.1142578125 0.06640625 0.03515625
1 0.982421875 0.162109375 0.03515625 0.044921875
1 0.982421875 0.7099609375 0.03515625 0.068359375
1 0.9609375 0.771484375 0.072265625 0.048828125
1 0.9208984375 0.8193359375 0.0625 0.0390625
1 0.8798828125 0.861328125 0.05859375 0.03515625
1 0.83203125 0.8896484375 0.0703125 0.037109375
1 0.77734375 0.9150390625 0.06640625 0.0390625
1 0.7177734375 0.9248046875 0.05859375 0.04296875
1 0.6611328125 0.923828125 0.0625 0.046875
1 0.5771484375 0.98046875 0.068359375 0.0390625
1 0.916015625 0.94921875 0.13671875 0.1015625
1 0.966796875 0.87109375 0.06640625 0.08203125
1 0.8134765625 0.9736328125 0.119140625 0.052734375
1 0.986328125 0.05078125 0.02734375 0.1015625
1 0.50390625 0.052734375 0.080078125 0.03125
1 0.4248046875 0.0400390625 0.0859375 0.052734375
1 0.3447265625 0.0517578125 0.078125 0.080078125
1 0.9873046875 0.46484375 0.025390625 0.04296875
1 0.9716796875 0.4326171875 0.0390625 0.01953125
1 0.943359375 0.4091796875 0.044921875 0.02734375
1 0.892578125 0.380859375 0.04296875 0.025390625
1 0.853515625 0.376953125 0.03125 0.029296875
1 0.8203125 0.3837890625 0.03515625 0.03515625
1 0.791015625 0.3662109375 0.03515625 0.029296875
1 0.75390625 0.3642578125 0.03515625 0.02734375
1 0.72265625 0.365234375 0.0390625 0.029296875
1 0.685546875 0.3662109375 0.037109375 0.02734375
1 0.6513671875 0.3662109375 0.03515625 0.02734375
1 0.6201171875 0.3671875 0.0390625 0.029296875
1 0.583984375 0.3681640625 0.03125 0.033203125
1 0.55078125 0.3701171875 0.037109375 0.029296875
1 0.5126953125 0.3720703125 0.03515625 0.02734375
1 0.4814453125 0.37109375 0.046875 0.0390625
1 0.4423828125 0.3740234375 0.04296875 0.03125
1 0.4013671875 0.3740234375 0.044921875 0.0390625
1 0.353515625 0.375 0.046875 0.03515625
1 0.3447265625 0.6337890625 0.0625 0.03515625
1 0.3984375 0.62890625 0.056640625 0.03515625
1 0.43359375 0.623046875 0.0546875 0.033203125
1 0.470703125 0.6181640625 0.046875 0.033203125
1 0.5029296875 0.6142578125 0.046875 0.033203125
1 0.5361328125 0.6123046875 0.04296875 0.03515625
1 0.5712890625 0.6064453125 0.044921875 0.03125
1 0.6064453125 0.603515625 0.0390625 0.03125
1 0.646484375 0.6005859375 0.044921875 0.033203125
1 0.68359375 0.5986328125 0.04296875 0.03125
1 0.716796875 0.5986328125 0.041015625 0.03125
1 0.75390625 0.59375 0.046875 0.03125
1 0.787109375 0.5859375 0.0390625 0.02734375
1 0.96484375 0.5 0.03125 0.02734375
1 0.9423828125 0.5224609375 0.0390625 0.0234375
1 0.91796875 0.5419921875 0.0390625 0.025390625
1 0.8857421875 0.5595703125 0.03515625 0.0234375
1 0.8564453125 0.568359375 0.046875 0.02734375
1 0.8173828125 0.5693359375 0.046875 0.029296875
4 0.6201171875 0.4853515625 0.6953125 0.19140625