4 0.892578125 0.4150390625 0.16015625 0.1171875
1 0.853515625 0.314453125 0.171875 0.10546875
1 0.9716796875 0.4091796875 0.0546875 0.171875
1 0.9189453125 0.5751953125 0.16015625 0.20703125
1 0.755859375 0.4150390625 0.16796875 0.201171875
1 0.8408203125 0.671875 0.166015625 0.259765625
1 0.7236328125 0.8056640625 0.24609375 0.091796875
1 0.666015625 0.513671875 0.2109375 0.208984375
1 0.5322265625 0.6708984375 0.212890625 0.248046875
4 0.701171875 0.6748046875 0.19140625 0.1640625
1 0.6181640625 0.2880859375 0.19140625 0.1640625
1 0.517578125 0.373046875 0.18359375 0.244140625
1 0.384765625 0.5234375 0.22265625 0.23046875
1 0.3408203125 0.2314453125 0.197265625 0.150390625
1 0.2021484375 0.337890625 0.1953125 0.244140625
4 0.357421875 0.3466796875 0.1640625 0.16796875
1 0.08203125 0.2255859375 0.1640625 0.14453125
1 0.263671875 0.6494140625 0.212890625 0.23828125
1 0.09375 0.462890625 0.1875 0.25390625
1 0.119140625 0.7470703125 0.23828125 0.12890625
4 0.1025390625 0.626953125 0.205078125 0.18359375
1 0.4853515625 0.083984375 0.3046875 0.16796875
1 0.7294921875 0.087890625 0.337890625 0.17578125
1 0.904296875 0.126953125 0.19140625 0.138671875
1 0.240234375 0.0576171875 0.26953125 0.11328125
1 0.404296875 0.7705078125 0.2109375 0.12890625
1 0.0419921875 0.931640625 0.083984375 0.13671875
1 0.12109375 0.935546875 0.080078125 0.12890625
1 0.212890625 0.943359375 0.107421875 0.11328125
1 0.302734375 0.943359375 0.078125 0.11328125
1 0.37890625 0.9462890625 0.09765625 0.107421875
1 0.453125 0.943359375 0.0703125 0.11328125
1 0.5244140625 0.9453125 0.083984375 0.109375
1 0.6005859375 0.94921875 0.072265625 0.1015625
1 0.6796875 0.94921875 0.09375 0.1015625
1 0.763671875 0.953125 0.07421875 0.09375
1 0.8330078125 0.9560546875 0.078125 0.087890625
1 0.9013671875 0.9609375 0.064453125 0.078125
1 0.96484375 0.9619140625 0.0703125 0.076171875