4 0.5478515625 0.53515625 0.904296875 0.248046875
1 0.0576171875 0.96875 0.115234375 0.0625
1 0.10546875 0.9052734375 0.2109375 0.07421875
1 0.1826171875 0.8447265625 0.203125 0.0625
1 0.306640625 0.78515625 0.24609375 0.080078125
1 0.4833984375 0.7353515625 0.2109375 0.05859375
1 0.6005859375 0.75 0.123046875 0.056640625
1 0.8154296875 0.6923828125 0.130859375 0.0390625
1 0.693359375 0.7021484375 0.140625 0.044921875
1 0.625 0.705078125 0.111328125 0.037109375
1 0.5751953125 0.693359375 0.10546875 0.0390625
1 0.560546875 0.6533203125 0.09765625 0.05078125
1 0.67578125 0.64453125 0.13671875 0.08203125
1 0.7587890625 0.658203125 0.1484375 0.0625
1 0.8642578125 0.6474609375 0.10546875 0.0546875
1 0.953125 0.734375 0.09375 0.150390625
1 0.943359375 0.6357421875 0.11328125 0.056640625
1 0.849609375 0.5166015625 0.1328125 0.03515625
1 0.912109375 0.4912109375 0.103515625 0.03125
1 0.935546875 0.462890625 0.12890625 0.04296875
1 0.923828125 0.4345703125 0.1484375 0.052734375
1 0.89453125 0.4130859375 0.138671875 0.052734375
1 0.8955078125 0.3916015625 0.134765625 0.0390625
1 0.9091796875 0.361328125 0.1328125 0.0390625
1 0.919921875 0.333984375 0.12109375 0.037109375
1 0.9619140625 0.2822265625 0.07421875 0.048828125
1 0.01171875 0.599609375 0.0234375 0.03515625
1 0.037109375 0.5732421875 0.07421875 0.044921875
1 0.0859375 0.5439453125 0.05859375 0.02734375
1 0.126953125 0.5205078125 0.0703125 0.03515625
1 0.1708984375 0.4931640625 0.078125 0.0390625
1 0.220703125 0.4677734375 0.0703125 0.037109375
1 0.2626953125 0.4462890625 0.0546875 0.02734375
1 0.296875 0.4248046875 0.06640625 0.03515625
1 0.3369140625 0.40625 0.0625 0.03515625
1 0.3759765625 0.3828125 0.0625 0.02734375
1 0.419921875 0.359375 0.0703125 0.03125
1 0.4541015625 0.3408203125 0.05859375 0.02734375
1 0.4873046875 0.322265625 0.05859375 0.0234375
1 0.5234375 0.2978515625 0.08203125 0.03125
1 0.5595703125 0.28125 0.0625 0.025390625
1 0.58984375 0.265625 0.05078125 0.02734375
1 0.6181640625 0.244140625 0.05859375 0.03125
1 0.66015625 0.224609375 0.0546875 0.02734375
1 0.6865234375 0.208984375 0.0546875 0.025390625
1 0.7216796875 0.1875 0.0546875 0.0234375
1 0.75390625 0.173828125 0.05078125 0.02734375
1 0.775390625 0.1591796875 0.044921875 0.0234375
1 0.806640625 0.14453125 0.0546875 0.025390625
1 0.8349609375 0.126953125 0.05078125 0.0234375
1 0.8623046875 0.11328125 0.056640625 0.02734375
1 0.8896484375 0.0966796875 0.0546875 0.025390625
1 0.91796875 0.08203125 0.0546875 0.025390625
1 0.943359375 0.06640625 0.056640625 0.0234375
1 0.9638671875 0.0537109375 0.0546875 0.0234375
1 0.9833984375 0.03515625 0.03125 0.021484375
1 0.0869140625 0.5107421875 0.173828125 0.080078125
1 0.224609375 0.4404296875 0.150390625 0.072265625
1 0.3349609375 0.376953125 0.14453125 0.06640625
1 0.4501953125 0.31640625 0.125 0.05859375
1 0.5439453125 0.2607421875 0.1484375 0.0546875
1 0.640625 0.205078125 0.140625 0.052734375
1 0.7470703125 0.1474609375 0.15625 0.06640625
1 0.873046875 0.078125 0.15234375 0.0703125
1 0.958984375 0.021484375 0.08203125 0.04296875