0 0.76953125 0.5263671875 0.142578125 0.142578125
0 0.9619140625 0.5263671875 0.076171875 0.09375
0 0.8896484375 0.6162109375 0.125 0.10546875
0 0.8798828125 0.4462890625 0.11328125 0.109375
1 0.0732421875 0.853515625 0.146484375 0.29296875
1 0.078125 0.19140625 0.15625 0.3828125
0 0.419921875 0.25 0.16015625 0.15625
0 0.6630859375 0.265625 0.13671875 0.1328125
0 0.8017578125 0.3466796875 0.142578125 0.115234375
0 0.533203125 0.9599609375 0.13671875 0.080078125
0 0.6357421875 0.9140625 0.181640625 0.1328125
0 0.7802734375 0.9453125 0.1640625 0.109375
0 0.8916015625 0.9365234375 0.201171875 0.126953125