2 0.8701171875 0.1494140625 0.044921875 0.0947265625
2 0.85546875 0.2158203125 0.0478515625 0.1005859375
2 0.8349609375 0.28125 0.0380859375 0.1005859375
2 0.8173828125 0.349609375 0.0498046875 0.0966796875
2 0.7998046875 0.4140625 0.0390625 0.1083984375
2 0.7763671875 0.4775390625 0.0380859375 0.091796875
2 0.7509765625 0.5390625 0.04296875 0.1015625
2 0.71875 0.6025390625 0.0439453125 0.0986328125
2 0.69140625 0.640625 0.0361328125 0.09765625
3 0.1640625 0.51171875 0.130859375 0.6591796875
3 0.60546875 0.5234375 0.130859375 0.38671875
1 0.939453125 0.1025390625 0.037109375 0.0458984375
1 0.9248046875 0.150390625 0.0341796875 0.0712890625
1 0.908203125 0.220703125 0.037109375 0.0751953125
1 0.892578125 0.2919921875 0.0322265625 0.0703125
1 0.875 0.34765625 0.0322265625 0.0693359375
1 0.8583984375 0.4228515625 0.033203125 0.0693359375
1 0.833984375 0.49609375 0.0380859375 0.0703125
1 0.8095703125 0.5556640625 0.0390625 0.068359375
1 0.78515625 0.62109375 0.033203125 0.0693359375
1 0.75390625 0.6806640625 0.037109375 0.06640625