1 0.9716796875 0.5048828125 0.056640625 0.41796875
1 0.787109375 0.4794921875 0.25390625 0.3984375
1 0.48046875 0.44140625 0.306640625 0.3828125
1 0.189453125 0.4150390625 0.271484375 0.40625
0 0.9501953125 0.1669921875 0.099609375 0.14453125
0 0.828125 0.146484375 0.1328125 0.125
0 0.6904296875 0.1396484375 0.13671875 0.11328125
0 0.5458984375 0.115234375 0.123046875 0.1171875
0 0.388671875 0.09765625 0.12890625 0.13671875
0 0.251953125 0.0693359375 0.12890625 0.1015625
0 0.1005859375 0.0546875 0.134765625 0.095703125