0 0.9091796875 0.666015625 0.046875 0.05859375
0 0.6923828125 0.6611328125 0.0390625 0.05859375
0 0.474609375 0.65234375 0.046875 0.064453125
0 0.2578125 0.6455078125 0.05078125 0.0546875
0 0.03515625 0.638671875 0.05078125 0.06640625
1 0.9697265625 0.7509765625 0.05859375 0.07421875
1 0.912109375 0.7548828125 0.046875 0.07421875
1 0.8642578125 0.7529296875 0.046875 0.0703125
1 0.8056640625 0.7509765625 0.05078125 0.07421875
1 0.7509765625 0.7490234375 0.05078125 0.078125
1 0.6962890625 0.7509765625 0.060546875 0.08203125
1 0.642578125 0.7490234375 0.05078125 0.076171875
1 0.58984375 0.744140625 0.05078125 0.078125
1 0.033203125 0.7255859375 0.046875 0.07421875
1 0.0908203125 0.7255859375 0.05859375 0.08203125
1 0.1494140625 0.728515625 0.05859375 0.080078125
1 0.2060546875 0.736328125 0.05078125 0.08203125
1 0.259765625 0.7373046875 0.048828125 0.08203125
1 0.314453125 0.7412109375 0.0546875 0.078125
1 0.369140625 0.73828125 0.052734375 0.08984375
1 0.42578125 0.73828125 0.052734375 0.078125
1 0.4794921875 0.740234375 0.05078125 0.08203125
1 0.53125 0.7412109375 0.0546875 0.0859375
0 0.150390625 0.640625 0.05078125 0.0625
0 0.3681640625 0.6474609375 0.05859375 0.0625
0 0.5869140625 0.65234375 0.064453125 0.0546875
0 0.80078125 0.666015625 0.05859375 0.05078125
0 0.994140625 0.6708984375 0.01171875 0.056640625
1 0.9609375 0.66796875 0.0546875 0.0625
1 0.8603515625 0.6630859375 0.0546875 0.0625
1 0.7431640625 0.6640625 0.05859375 0.0546875
1 0.6455078125 0.6533203125 0.0546875 0.05859375
1 0.529296875 0.6533203125 0.0546875 0.064453125
1 0.4228515625 0.6474609375 0.0546875 0.05859375
1 0.310546875 0.6484375 0.0546875 0.05859375
1 0.205078125 0.642578125 0.0546875 0.05859375
1 0.0908203125 0.6396484375 0.060546875 0.0625
1 0.056640625 0.41796875 0.11328125 0.15625
1 0.1806640625 0.421875 0.095703125 0.1640625
1 0.2998046875 0.427734375 0.08984375 0.15625
1 0.43359375 0.4189453125 0.0859375 0.13671875
1 0.5751953125 0.4365234375 0.08984375 0.15234375
1 0.7021484375 0.4296875 0.0859375 0.140625
1 0.9619140625 0.4501953125 0.076171875 0.154296875
1 0.8369140625 0.4462890625 0.09765625 0.150390625
1 0.9541015625 0.576171875 0.091796875 0.0859375
1 0.8505859375 0.5732421875 0.11328125 0.08984375
1 0.7431640625 0.56640625 0.1015625 0.09375
1 0.6396484375 0.5673828125 0.09765625 0.08203125
1 0.53515625 0.55859375 0.10546875 0.08984375
1 0.4267578125 0.5556640625 0.1015625 0.08203125
1 0.31640625 0.556640625 0.12109375 0.078125
1 0.203125 0.5546875 0.099609375 0.078125
1 0.0986328125 0.5478515625 0.109375 0.0859375
1 0.017578125 0.5390625 0.03515625 0.08984375