4 0.41015625 0.552734375 0.66015625 0.484375
2 0.2275390625 0.462890625 0.09765625 0.08203125
2 0.185546875 0.515625 0.08984375 0.0625
2 0.1220703125 0.5625 0.0703125 0.0703125
2 0.048828125 0.2177734375 0.05859375 0.068359375
2 0.1259765625 0.259765625 0.083984375 0.060546875
2 0.173828125 0.3466796875 0.07421875 0.064453125
2 0.314453125 0.927734375 0.087890625 0.0703125
2 0.228515625 0.869140625 0.087890625 0.080078125
2 0.12890625 0.8583984375 0.078125 0.068359375
2 0.0927734375 0.80859375 0.076171875 0.05859375
2 0.4267578125 0.9892578125 0.0703125 0.021484375
1 0.9755859375 0.6767578125 0.046875 0.060546875
1 0.943359375 0.634765625 0.0546875 0.05078125
1 0.919921875 0.58984375 0.05078125 0.05078125
1 0.876953125 0.5537109375 0.046875 0.0625
1 0.8505859375 0.5166015625 0.048828125 0.056640625
1 0.82421875 0.4765625 0.0546875 0.046875
1 0.7890625 0.4375 0.046875 0.0546875
1 0.76171875 0.396484375 0.04296875 0.05078125
1 0.7353515625 0.365234375 0.04296875 0.0390625
1 0.708984375 0.3330078125 0.05078125 0.05859375
1 0.6767578125 0.298828125 0.04296875 0.05078125
1 0.64453125 0.2724609375 0.04296875 0.048828125
1 0.6220703125 0.2353515625 0.044921875 0.046875
1 0.5986328125 0.2099609375 0.046875 0.044921875
1 0.56640625 0.1806640625 0.044921875 0.046875
1 0.548828125 0.1396484375 0.046875 0.052734375
1 0.521484375 0.1142578125 0.0390625 0.044921875
1 0.501953125 0.0869140625 0.041015625 0.05078125
1 0.4736328125 0.056640625 0.0390625 0.046875
1 0.455078125 0.029296875 0.0390625 0.04296875
1 0.4326171875 0.0126953125 0.041015625 0.025390625