4 0.3232421875 0.6181640625 0.1708984375 0.396484375
4 0.5830078125 0.435546875 0.1865234375 0.4326171875
0 0.3310546875 0.9814453125 0.0244140625 0.037109375
0 0.38671875 0.97265625 0.0634765625 0.0537109375
0 0.4248046875 0.96484375 0.037109375 0.0703125
0 0.3623046875 0.931640625 0.0556640625 0.0712890625
0 0.3984375 0.8955078125 0.052734375 0.0771484375
0 0.435546875 0.8837890625 0.0380859375 0.08203125
0 0.3759765625 0.84765625 0.0498046875 0.07421875
0 0.3876953125 0.7666015625 0.0478515625 0.0576171875
0 0.41796875 0.8115234375 0.0458984375 0.07421875
0 0.44921875 0.7998046875 0.041015625 0.0732421875
0 0.4248046875 0.732421875 0.0439453125 0.0751953125
0 0.4580078125 0.724609375 0.0400390625 0.07421875
0 0.3994140625 0.6953125 0.0458984375 0.0615234375
0 0.4326171875 0.6640625 0.0390625 0.06640625
0 0.4111328125 0.626953125 0.048828125 0.05859375
0 0.443359375 0.6005859375 0.0380859375 0.0556640625
1 0.5830078125 0.7666015625 0.0517578125 0.1162109375
1 0.576171875 0.869140625 0.046875 0.1181640625
1 0.568359375 0.955078125 0.0498046875 0.08984375
1 0.6484375 0.68359375 0.037109375 0.1064453125
1 0.6396484375 0.783203125 0.0419921875 0.11328125
1 0.6337890625 0.8828125 0.0361328125 0.1201171875
1 0.6259765625 0.9677734375 0.0400390625 0.064453125
0 0.2392578125 0.3515625 0.0263671875 0.02734375
0 0.275390625 0.3330078125 0.0244140625 0.02734375
0 0.310546875 0.3076171875 0.0263671875 0.0283203125
0 0.3466796875 0.28125 0.025390625 0.03125
0 0.380859375 0.2568359375 0.0263671875 0.03515625
0 0.421875 0.228515625 0.02734375 0.029296875
0 0.4638671875 0.2021484375 0.0341796875 0.029296875
0 0.49609375 0.173828125 0.025390625 0.0263671875
0 0.5419921875 0.146484375 0.025390625 0.033203125
0 0.5830078125 0.119140625 0.03125 0.037109375
0 0.6220703125 0.087890625 0.0185546875 0.0234375
0 0.6640625 0.05859375 0.0263671875 0.0263671875
0 0.705078125 0.0302734375 0.0234375 0.0283203125
0 0.748046875 0.0078125 0.0244140625 0.015625
1 0.2080078125 0.4189453125 0.0400390625 0.0869140625
1 0.2705078125 0.376953125 0.0703125 0.0859375
1 0.3408203125 0.3232421875 0.0751953125 0.0888671875
1 0.412109375 0.283203125 0.0693359375 0.08203125
1 0.4970703125 0.2158203125 0.0625 0.0849609375
1 0.5830078125 0.1708984375 0.0625 0.0908203125
1 0.66796875 0.1103515625 0.0810546875 0.0927734375
1 0.74609375 0.05078125 0.0771484375 0.0771484375