4 0.5322265625 0.3310546875 0.177734375 0.2998046875
1 0.029296875 0.9794921875 0.05859375 0.0361328125
1 0.091796875 0.978515625 0.0771484375 0.0419921875
1 0.1689453125 0.98046875 0.0712890625 0.0361328125
1 0.240234375 0.978515625 0.0673828125 0.0419921875
1 0.3076171875 0.9794921875 0.0712890625 0.0400390625
1 0.376953125 0.978515625 0.08203125 0.04296875
1 0.4560546875 0.9765625 0.0810546875 0.0439453125
1 0.521484375 0.9794921875 0.0732421875 0.0400390625
1 0.5966796875 0.9755859375 0.0693359375 0.04296875
1 0.6650390625 0.9765625 0.0693359375 0.046875
1 0.7353515625 0.974609375 0.0751953125 0.041015625
1 0.8115234375 0.9794921875 0.0712890625 0.041015625
1 0.8828125 0.9765625 0.0693359375 0.044921875
1 0.9541015625 0.9814453125 0.064453125 0.037109375
1 0.939453125 0.9306640625 0.1201171875 0.052734375
1 0.7734375 0.9267578125 0.216796875 0.0478515625
1 0.55859375 0.9296875 0.208984375 0.044921875
1 0.3447265625 0.927734375 0.22265625 0.044921875
1 0.1337890625 0.9267578125 0.208984375 0.0478515625
1 0.060546875 0.751953125 0.12109375 0.05078125
1 0.173828125 0.75390625 0.1650390625 0.056640625
1 0.3076171875 0.7509765625 0.158203125 0.060546875
1 0.4580078125 0.7529296875 0.1630859375 0.0576171875
1 0.6025390625 0.75390625 0.173828125 0.060546875
1 0.763671875 0.7509765625 0.1396484375 0.060546875
1 0.89453125 0.7509765625 0.119140625 0.046875
1 0.94921875 0.7490234375 0.1005859375 0.0517578125
0 0.966796875 0.7080078125 0.0341796875 0.01953125
0 0.8994140625 0.7080078125 0.0361328125 0.0185546875
0 0.8291015625 0.70703125 0.03515625 0.0234375
0 0.759765625 0.7060546875 0.0380859375 0.0234375
0 0.693359375 0.70703125 0.0380859375 0.0244140625
0 0.623046875 0.70703125 0.048828125 0.0224609375
0 0.5556640625 0.7060546875 0.0517578125 0.025390625
0 0.4873046875 0.705078125 0.0458984375 0.025390625
0 0.4189453125 0.7080078125 0.046875 0.021484375
0 0.34765625 0.70703125 0.048828125 0.0263671875
0 0.279296875 0.7080078125 0.05078125 0.0234375
0 0.2119140625 0.708984375 0.0546875 0.0244140625
0 0.14453125 0.7080078125 0.041015625 0.0244140625
0 0.0732421875 0.7099609375 0.0380859375 0.0205078125
0 0.015625 0.708984375 0.025390625 0.01953125
0 0.0556640625 0.623046875 0.0791015625 0.0498046875
0 0.1318359375 0.623046875 0.0810546875 0.0517578125
0 0.2158203125 0.6240234375 0.076171875 0.05078125
0 0.291015625 0.6220703125 0.083984375 0.060546875
0 0.3720703125 0.6259765625 0.080078125 0.056640625
0 0.44921875 0.623046875 0.087890625 0.0556640625
0 0.5224609375 0.619140625 0.078125 0.05859375
0 0.603515625 0.6220703125 0.0869140625 0.05859375
0 0.6806640625 0.62109375 0.0859375 0.0517578125
0 0.7529296875 0.625 0.0810546875 0.0595703125
0 0.826171875 0.623046875 0.08203125 0.0595703125
0 0.904296875 0.6201171875 0.08203125 0.0576171875
0 0.970703125 0.6240234375 0.05859375 0.05859375
1 0.171875 0.548828125 0.169921875 0.076171875
1 0.38671875 0.5361328125 0.271484375 0.0908203125
1 0.6826171875 0.546875 0.2470703125 0.0859375
1 0.8720703125 0.548828125 0.107421875 0.078125
1 0.8720703125 0.494140625 0.09765625 0.04296875
1 0.80859375 0.46484375 0.10546875 0.029296875
1 0.8935546875 0.4609375 0.0693359375 0.037109375
1 0.90234375 0.4248046875 0.0625 0.0380859375
1 0.8828125 0.3974609375 0.0625 0.0400390625
1 0.7509765625 0.4033203125 0.169921875 0.1083984375
1 0.3056640625 0.412109375 0.2255859375 0.1025390625
1 0.1826171875 0.3935546875 0.06640625 0.03125
1 0.1669921875 0.4228515625 0.05859375 0.03125
1 0.1689453125 0.4541015625 0.048828125 0.03125
1 0.185546875 0.4892578125 0.11328125 0.0390625
1 0.337890625 0.2822265625 0.16796875 0.1796875
1 0.7197265625 0.2626953125 0.158203125 0.17578125
1 0.041015625 0.333984375 0.0810546875 0.0771484375
1 0.0791015625 0.296875 0.1435546875 0.0869140625
1 0.0966796875 0.2431640625 0.1240234375 0.076171875
1 0.1298828125 0.201171875 0.123046875 0.078125
1 0.1943359375 0.162109375 0.1162109375 0.0966796875
1 0.2607421875 0.1328125 0.0966796875 0.0947265625
1 0.3359375 0.1123046875 0.1015625 0.091796875
1 0.4189453125 0.0732421875 0.0966796875 0.1015625
1 0.6337890625 0.08203125 0.087890625 0.1083984375
1 0.724609375 0.1044921875 0.1025390625 0.107421875
1 0.796875 0.1318359375 0.099609375 0.083984375
1 0.873046875 0.1591796875 0.08203125 0.0888671875
1 0.9169921875 0.185546875 0.109375 0.080078125
1 0.9462890625 0.2314453125 0.1064453125 0.091796875
1 0.9580078125 0.2919921875 0.0830078125 0.0693359375
1 0.986328125 0.3662109375 0.02734375 0.0439453125
1 0.9384765625 0.345703125 0.0615234375 0.0341796875
1 0.8955078125 0.318359375 0.0283203125 0.0380859375
1 0.8994140625 0.29296875 0.0380859375 0.0302734375
1 0.8916015625 0.26953125 0.037109375 0.0361328125
1 0.8740234375 0.2451171875 0.041015625 0.0390625
1 0.85546875 0.2197265625 0.044921875 0.0400390625
1 0.8232421875 0.203125 0.0390625 0.0390625
1 0.7841796875 0.1826171875 0.0556640625 0.0380859375
1 0.736328125 0.1640625 0.052734375 0.03125
1 0.68359375 0.1474609375 0.0458984375 0.0302734375
1 0.021484375 0.505859375 0.0400390625 0.0390625
1 0.041015625 0.478515625 0.0439453125 0.0380859375
1 0.048828125 0.44921875 0.0390625 0.0361328125
1 0.0556640625 0.4189453125 0.0517578125 0.0419921875
1 0.0654296875 0.390625 0.0458984375 0.0400390625
1 0.0869140625 0.3681640625 0.0458984375 0.0390625
1 0.134765625 0.34765625 0.0654296875 0.0361328125
1 0.181640625 0.3154296875 0.0615234375 0.029296875
1 0.1728515625 0.287109375 0.0478515625 0.0400390625
1 0.177734375 0.2666015625 0.0400390625 0.033203125
1 0.1904296875 0.2421875 0.0498046875 0.0361328125
1 0.2138671875 0.2216796875 0.0439453125 0.0322265625
1 0.2421875 0.2060546875 0.041015625 0.0361328125
1 0.2783203125 0.185546875 0.0517578125 0.029296875
1 0.3203125 0.171875 0.0478515625 0.0322265625
1 0.3662109375 0.1572265625 0.0537109375 0.029296875
1 0.408203125 0.146484375 0.0556640625 0.0390625
1 0.4580078125 0.1337890625 0.0498046875 0.025390625
1 0.5693359375 0.123046875 0.0537109375 0.037109375
1 0.4951171875 0.115234375 0.044921875 0.033203125