4 0.5419921875 0.640625 0.298828125 0.0703125
4 0.5146484375 0.248046875 0.22265625 0.09375
4 0.439453125 0.025390625 0.171875 0.05078125
3 0.87109375 0.2900390625 0.25390625 0.1015625
2 0.7724609375 0.060546875 0.046875 0.015625
2 0.759765625 0.080078125 0.046875 0.015625
2 0.7509765625 0.099609375 0.044921875 0.015625
2 0.7392578125 0.1201171875 0.046875 0.013671875
2 0.724609375 0.1416015625 0.044921875 0.015625
2 0.7138671875 0.162109375 0.046875 0.015625
2 0.7841796875 0.0390625 0.046875 0.013671875
2 0.798828125 0.0166015625 0.041015625 0.015625
1 0.6826171875 0.00390625 0.03125 0.0078125
1 0.6787109375 0.015625 0.03125 0.013671875
1 0.6708984375 0.0302734375 0.03125 0.015625
1 0.6650390625 0.0439453125 0.029296875 0.013671875
1 0.6591796875 0.0576171875 0.03125 0.015625
1 0.650390625 0.0712890625 0.029296875 0.015625
1 0.646484375 0.0849609375 0.029296875 0.01171875
1 0.640625 0.0986328125 0.029296875 0.015625
1 0.634765625 0.11328125 0.02734375 0.015625
1 0.6279296875 0.126953125 0.029296875 0.013671875
1 0.6142578125 0.158203125 0.033203125 0.01953125
1 0.6064453125 0.173828125 0.03515625 0.01171875
1 0.5986328125 0.1865234375 0.03515625 0.01171875
1 0.5966796875 0.1982421875 0.03125 0.01171875
1 0.572265625 0.25 0.02734375 0.01171875
1 0.5654296875 0.2607421875 0.03125 0.01171875
1 0.5634765625 0.2724609375 0.03515625 0.01171875
1 0.5546875 0.0087890625 0.0390625 0.017578125
1 0.5478515625 0.025390625 0.0390625 0.017578125
1 0.5439453125 0.041015625 0.037109375 0.017578125
1 0.5341796875 0.05859375 0.037109375 0.015625
1 0.5263671875 0.0732421875 0.04296875 0.015625
1 0.51953125 0.08984375 0.04296875 0.015625
1 0.5126953125 0.10546875 0.04296875 0.015625
1 0.5078125 0.1201171875 0.04296875 0.015625
1 0.5 0.13671875 0.044921875 0.015625
1 0.494140625 0.1513671875 0.04296875 0.015625
1 0.4873046875 0.1669921875 0.04296875 0.017578125
1 0.4814453125 0.1826171875 0.04296875 0.013671875
1 0.4755859375 0.1962890625 0.0390625 0.01171875
1 0.4697265625 0.2099609375 0.0390625 0.017578125
1 0.4638671875 0.224609375 0.0390625 0.015625
1 0.4599609375 0.240234375 0.0390625 0.015625
1 0.474609375 0.048828125 0.05078125 0.015625
1 0.482421875 0.064453125 0.046875 0.01953125
1 0.478515625 0.080078125 0.04296875 0.01953125
1 0.474609375 0.0947265625 0.0390625 0.0234375
1 0.4697265625 0.1083984375 0.03515625 0.01953125
1 0.4638671875 0.1201171875 0.0390625 0.0234375
1 0.4609375 0.1357421875 0.0390625 0.01953125
1 0.4541015625 0.1513671875 0.03515625 0.021484375
1 0.4482421875 0.1689453125 0.03515625 0.01953125
1 0.439453125 0.1884765625 0.0390625 0.01171875
1 0.43359375 0.19921875 0.04296875 0.0078125
1 0.4296875 0.2099609375 0.04296875 0.01171875
1 0.423828125 0.224609375 0.044921875 0.01171875
1 0.41796875 0.2373046875 0.046875 0.01171875
1 0.412109375 0.25 0.05078125 0.01171875
1 0.693359375 0.1845703125 0.03515625 0.01953125
1 0.697265625 0.205078125 0.037109375 0.01953125
1 0.703125 0.2216796875 0.04296875 0.01953125
1 0.705078125 0.2431640625 0.03125 0.021484375
1 0.70703125 0.263671875 0.037109375 0.01953125
1 0.7099609375 0.28125 0.03515625 0.017578125
1 0.712890625 0.3017578125 0.037109375 0.0234375
1 0.7177734375 0.3232421875 0.04296875 0.0234375
1 0.72265625 0.341796875 0.0390625 0.0234375
1 0.7236328125 0.361328125 0.0390625 0.01953125
1 0.7265625 0.380859375 0.0390625 0.02734375
1 0.73046875 0.40234375 0.03515625 0.0234375
1 0.7353515625 0.4248046875 0.03515625 0.0234375
1 0.734375 0.4423828125 0.03515625 0.0234375
1 0.736328125 0.4638671875 0.03515625 0.0234375
1 0.7431640625 0.4853515625 0.033203125 0.01953125
1 0.7548828125 0.568359375 0.037109375 0.0234375
1 0.75390625 0.546875 0.037109375 0.01953125
1 0.751953125 0.5283203125 0.037109375 0.01953125
1 0.748046875 0.5078125 0.04296875 0.0234375
1 0.7763671875 0.72265625 0.0390625 0.0234375
1 0.7734375 0.701171875 0.04296875 0.0234375
1 0.76953125 0.677734375 0.0390625 0.0234375
1 0.767578125 0.6572265625 0.04296875 0.0234375
1 0.7587890625 0.6328125 0.03515625 0.0234375
1 0.7578125 0.611328125 0.033203125 0.01953125
1 0.7587890625 0.591796875 0.044921875 0.0234375
1 0.80078125 0.90625 0.033203125 0.0234375
1 0.8173828125 0.99609375 0.04296875 0.0078125
1 0.8154296875 0.9794921875 0.04296875 0.02734375
1 0.8037109375 0.9541015625 0.03125 0.0234375
1 0.8076171875 0.9306640625 0.0390625 0.0234375
1 0.80078125 0.8837890625 0.0390625 0.0234375
1 0.7978515625 0.8603515625 0.044921875 0.025390625
1 0.794921875 0.8359375 0.04296875 0.01953125
1 0.7919921875 0.8134765625 0.041015625 0.021484375
1 0.7880859375 0.7890625 0.046875 0.0234375
1 0.783203125 0.7685546875 0.04296875 0.0234375
1 0.78125 0.74609375 0.04296875 0.025390625