4 0.423828125 0.55859375 0.84765625 0.38671875
2 0.3388671875 0.962890625 0.283203125 0.07421875
2 0.4365234375 0.8828125 0.244140625 0.10546875
2 0.5615234375 0.8173828125 0.21484375 0.09765625
2 0.73046875 0.7734375 0.20703125 0.083984375
2 0.9130859375 0.7724609375 0.171875 0.091796875
2 0.0537109375 0.1064453125 0.10546875 0.103515625
2 0.041015625 0.185546875 0.08203125 0.09375
2 0.0458984375 0.267578125 0.091796875 0.0859375
2 0.498046875 0.3623046875 0.171875 0.064453125
2 0.3876953125 0.333984375 0.154296875 0.0859375
3 0.4921875 0.2705078125 0.67578125 0.228515625
3 0.505859375 0.7216796875 0.6484375 0.173828125
1 0.474609375 0.060546875 0.296875 0.12109375
1 0.8037109375 0.0654296875 0.392578125 0.12890625