2 0.2373046875 0.0390625 0.056640625 0.0546875
2 0.1875 0.0927734375 0.0703125 0.05859375
2 0.1376953125 0.146484375 0.0546875 0.0546875
2 0.0947265625 0.212890625 0.05078125 0.046875
2 0.0341796875 0.2685546875 0.06640625 0.056640625
2 0.7197265625 0.0341796875 0.05078125 0.0546875
2 0.775390625 0.107421875 0.05859375 0.05859375
2 0.8291015625 0.18359375 0.05078125 0.0546875
2 0.8798828125 0.2568359375 0.0546875 0.05859375
2 0.9287109375 0.33203125 0.06640625 0.05078125
2 0.978515625 0.4111328125 0.04296875 0.05859375
3 0.701171875 0.603515625 0.109375 0.16015625
3 0.3154296875 0.5244140625 0.13671875 0.162109375
1 0.392578125 0.1806640625 0.08984375 0.12109375
1 0.5390625 0.22265625 0.125 0.130859375
1 0.283203125 0.3251953125 0.138671875 0.080078125
1 0.6064453125 0.3349609375 0.134765625 0.078125
1 0.6865234375 0.4228515625 0.115234375 0.076171875
1 0.2080078125 0.4228515625 0.12890625 0.12890625
1 0.1796875 0.6171875 0.30859375 0.1328125
1 0.8271484375 0.736328125 0.2265625 0.12890625
1 0.8203125 0.6142578125 0.11328125 0.07421875
1 0.123046875 0.5205078125 0.109375 0.0703125
1 0.7607421875 0.517578125 0.09765625 0.08203125