0 0.2802734375 0.5068359375 0.26171875 0.173828125
1 0.04296875 0.22265625 0.0859375 0.095703125
1 0.1748046875 0.5126953125 0.140625 0.494140625
1 0.4521484375 0.494140625 0.1015625 0.13671875
1 0.353515625 0.3955078125 0.220703125 0.095703125
1 0.3193359375 0.619140625 0.21875 0.09765625
1 0.4208984375 0.826171875 0.244140625 0.08984375
1 0.541015625 0.71484375 0.265625 0.1171875
1 0.6396484375 0.609375 0.2421875 0.134765625
1 0.7041015625 0.4765625 0.21484375 0.126953125
1 0.673828125 0.361328125 0.20703125 0.078125
1 0.607421875 0.2578125 0.220703125 0.1015625
1 0.5302734375 0.1533203125 0.23828125 0.087890625
3 0.28125 0.166015625 0.171875 0.154296875
3 0.1728515625 0.849609375 0.177734375 0.123046875
1 0.2275390625 0.93359375 0.359375 0.1328125
1 0.3642578125 0.0654296875 0.353515625 0.123046875