3 0.5537109375 0.5009765625 0.0126953125 0.0263671875
3 0.5400390625 0.4931640625 0.0126953125 0.025390625
3 0.486328125 0.4833984375 0.01171875 0.0234375
3 0.4775390625 0.5283203125 0.015625 0.02734375
3 0.4736328125 0.48828125 0.0126953125 0.0205078125
3 0.462890625 0.5361328125 0.0146484375 0.0302734375
3 0.462890625 0.4951171875 0.0107421875 0.0185546875
3 0.447265625 0.5478515625 0.0146484375 0.0302734375
3 0.4638671875 0.5693359375 0.017578125 0.0361328125
3 0.44140625 0.578125 0.015625 0.0400390625
3 0.4228515625 0.5927734375 0.0185546875 0.03515625
2 0.990234375 0.4970703125 0.01953125 0.056640625
2 0.978515625 0.4775390625 0.0107421875 0.033203125
2 0.96875 0.439453125 0.0263671875 0.052734375
2 0.9541015625 0.421875 0.015625 0.029296875
2 0.9453125 0.3857421875 0.0205078125 0.052734375
1 0.9912109375 0.55859375 0.017578125 0.0673828125
1 0.97265625 0.5048828125 0.025390625 0.072265625
1 0.947265625 0.4482421875 0.02734375 0.076171875
1 0.92578125 0.39453125 0.0234375 0.07421875
2 0.9287109375 0.3662109375 0.0107421875 0.02734375
1 0.8994140625 0.3388671875 0.0263671875 0.0654296875
1 0.87890625 0.287109375 0.025390625 0.0693359375
2 0.9052734375 0.3125 0.0126953125 0.02734375
2 0.919921875 0.3310546875 0.01953125 0.0517578125
2 0.8974609375 0.2783203125 0.0205078125 0.0498046875
2 0.8759765625 0.228515625 0.0224609375 0.0380859375
2 0.814453125 0.203125 0.017578125 0.025390625
2 0.8037109375 0.208984375 0.0244140625 0.0498046875
2 0.80078125 0.240234375 0.017578125 0.0244140625
2 0.791015625 0.2470703125 0.02734375 0.0517578125
1 0.8232421875 0.2353515625 0.017578125 0.0263671875
1 0.818359375 0.2734375 0.033203125 0.0654296875
1 0.8076171875 0.3134765625 0.0283203125 0.0654296875
2 0.794921875 0.2841796875 0.0166015625 0.0244140625
2 0.78125 0.2880859375 0.029296875 0.0546875
2 0.7802734375 0.3203125 0.01953125 0.025390625
2 0.7685546875 0.33203125 0.0322265625 0.0537109375
1 0.796875 0.3623046875 0.0302734375 0.056640625
1 0.783203125 0.40625 0.037109375 0.060546875
2 0.7666015625 0.3662109375 0.013671875 0.0205078125
2 0.75390625 0.3759765625 0.0283203125 0.048828125
2 0.75390625 0.41015625 0.0126953125 0.01953125
2 0.7421875 0.4248046875 0.0302734375 0.048828125
1 0.7744140625 0.4501953125 0.0322265625 0.0615234375
1 0.7578125 0.4990234375 0.03515625 0.05859375
2 0.7412109375 0.45703125 0.0146484375 0.0244140625
2 0.7294921875 0.46875 0.0283203125 0.0458984375
1 0.7470703125 0.5458984375 0.0361328125 0.0625
1 0.7333984375 0.5927734375 0.0361328125 0.0546875
1 0.71875 0.6513671875 0.0361328125 0.0634765625
1 0.7041015625 0.705078125 0.03515625 0.0634765625
2 0.7158203125 0.515625 0.0283203125 0.0498046875
2 0.7138671875 0.5537109375 0.015625 0.025390625
2 0.703125 0.5673828125 0.033203125 0.0537109375
2 0.701171875 0.60546875 0.0185546875 0.0244140625
2 0.689453125 0.619140625 0.029296875 0.0556640625
2 0.6875 0.65625 0.025390625 0.03125
2 0.673828125 0.6669921875 0.029296875 0.056640625
1 0.861328125 0.4287109375 0.01171875 0.0205078125
1 0.8681640625 0.44140625 0.0107421875 0.0244140625
1 0.875 0.455078125 0.0087890625 0.0234375
1 0.8818359375 0.46875 0.01171875 0.0185546875
1 0.8857421875 0.4814453125 0.013671875 0.0205078125
1 0.8935546875 0.49609375 0.009765625 0.0224609375
1 0.900390625 0.5126953125 0.0107421875 0.017578125
1 0.908203125 0.525390625 0.0126953125 0.0224609375
1 0.9150390625 0.541015625 0.0107421875 0.017578125
1 0.9208984375 0.5546875 0.01171875 0.0205078125
1 0.927734375 0.5703125 0.0126953125 0.01953125
1 0.9345703125 0.5849609375 0.0126953125 0.01953125
1 0.94140625 0.5986328125 0.0107421875 0.0205078125
1 0.9482421875 0.615234375 0.0126953125 0.017578125
1 0.955078125 0.630859375 0.0087890625 0.0185546875
1 0.962890625 0.646484375 0.013671875 0.017578125
1 0.9716796875 0.6640625 0.01171875 0.0205078125
1 0.9775390625 0.6787109375 0.0126953125 0.021484375
1 0.984375 0.693359375 0.0078125 0.017578125
1 0.9912109375 0.7099609375 0.0146484375 0.01953125
3 0.94921875 0.7431640625 0.0576171875 0.1806640625
3 0.8095703125 0.72265625 0.0771484375 0.1962890625
1 0.923828125 0.6171875 0.0439453125 0.0634765625
1 0.810546875 0.5244140625 0.0390625 0.04296875
1 0.7998046875 0.6005859375 0.046875 0.06640625
1 0.736328125 0.8408203125 0.05078125 0.068359375
1 0.7607421875 0.703125 0.0341796875 0.0517578125
1 0.9921875 0.9931640625 0.0146484375 0.0126953125
1 0.9736328125 0.9912109375 0.0185546875 0.017578125
1 0.9560546875 0.9892578125 0.01953125 0.021484375
1 0.935546875 0.9873046875 0.0224609375 0.025390625
1 0.9150390625 0.984375 0.021484375 0.0302734375
1 0.8974609375 0.98046875 0.0166015625 0.0341796875
1 0.8779296875 0.9755859375 0.0234375 0.0380859375
1 0.859375 0.9736328125 0.0205078125 0.0361328125
1 0.837890625 0.9658203125 0.0205078125 0.03515625
1 0.818359375 0.9609375 0.0166015625 0.037109375
1 0.7998046875 0.9541015625 0.01953125 0.0380859375
1 0.78125 0.9521484375 0.0185546875 0.037109375
1 0.76171875 0.9482421875 0.01953125 0.0380859375
1 0.740234375 0.94140625 0.01953125 0.0380859375
1 0.720703125 0.9375 0.0166015625 0.0380859375
1 0.7001953125 0.9326171875 0.0205078125 0.0400390625
1 0.6796875 0.91796875 0.0166015625 0.0244140625
3 0.6103515625 0.7421875 0.185546875 0.2646484375
2 0.6669921875 0.4755859375 0.0244140625 0.048828125
2 0.66796875 0.505859375 0.013671875 0.0234375
2 0.6552734375 0.515625 0.0234375 0.044921875
2 0.6533203125 0.544921875 0.0126953125 0.0234375
2 0.6435546875 0.5537109375 0.025390625 0.041015625
2 0.642578125 0.5859375 0.015625 0.01953125
2 0.630859375 0.59765625 0.0244140625 0.0458984375
1 0.626953125 0.6279296875 0.0078125 0.0166015625
2 0.619140625 0.6357421875 0.0234375 0.041015625
1 0.6806640625 0.5478515625 0.025390625 0.0361328125
1 0.666015625 0.58984375 0.025390625 0.0400390625
1 0.654296875 0.6298828125 0.0283203125 0.0439453125
1 0.6416015625 0.673828125 0.029296875 0.0439453125
1 0.603515625 0.80859375 0.025390625 0.0380859375
1 0.587890625 0.8525390625 0.03125 0.033203125
1 0.5791015625 0.7734375 0.0244140625 0.037109375
1 0.57421875 0.80859375 0.01171875 0.0263671875
1 0.5634765625 0.8203125 0.0234375 0.0419921875
1 0.55859375 0.8564453125 0.0107421875 0.0234375
1 0.5478515625 0.7451171875 0.0224609375 0.033203125
1 0.556640625 0.73046875 0.01171875 0.0166015625
1 0.5458984375 0.771484375 0.0107421875 0.0166015625
1 0.5341796875 0.7861328125 0.01953125 0.033203125
1 0.53125 0.814453125 0.0166015625 0.0146484375
1 0.5390625 0.6923828125 0.0107421875 0.0234375
1 0.529296875 0.7021484375 0.021484375 0.0390625
1 0.5263671875 0.7333984375 0.0126953125 0.01953125
1 0.517578125 0.73828125 0.017578125 0.041015625
1 0.513671875 0.7685546875 0.0107421875 0.0166015625
1 0.50390625 0.7783203125 0.0185546875 0.0478515625
1 0.4638671875 0.70703125 0.0107421875 0.021484375
1 0.4765625 0.6953125 0.013671875 0.0224609375
1 0.490234375 0.701171875 0.01171875 0.02734375
1 0.501953125 0.701171875 0.013671875 0.025390625
1 0.515625 0.7060546875 0.01171875 0.021484375
1 0.443359375 0.6708984375 0.0107421875 0.0205078125
1 0.4580078125 0.6640625 0.0146484375 0.0224609375
1 0.4716796875 0.65234375 0.0107421875 0.021484375
1 0.4814453125 0.6552734375 0.0087890625 0.0234375
1 0.490234375 0.65625 0.009765625 0.025390625
1 0.5009765625 0.658203125 0.0107421875 0.0234375
1 0.5146484375 0.662109375 0.0107421875 0.0234375
1 0.52734375 0.6640625 0.0087890625 0.0234375
3 0.4326171875 0.7177734375 0.162109375 0.375
3 0.294921875 0.7265625 0.1484375 0.3046875
1 0.08984375 0.9326171875 0.041015625 0.0546875
1 0.1650390625 0.947265625 0.1044921875 0.0634765625
1 0.2607421875 0.96484375 0.08984375 0.0615234375
1 0.34765625 0.97265625 0.0830078125 0.0546875
1 0.08203125 0.9755859375 0.033203125 0.033203125
1 0.111328125 0.982421875 0.0244140625 0.0263671875
1 0.140625 0.9833984375 0.03125 0.0263671875
1 0.16796875 0.9873046875 0.02734375 0.025390625
1 0.091796875 0.8701171875 0.0380859375 0.060546875
1 0.1337890625 0.876953125 0.0380859375 0.0546875
1 0.185546875 0.8818359375 0.041015625 0.0634765625
1 0.236328125 0.8935546875 0.041015625 0.05859375
1 0.2783203125 0.900390625 0.0380859375 0.0576171875
1 0.33203125 0.916015625 0.046875 0.0625
1 0.375 0.9228515625 0.04296875 0.060546875
1 0.4228515625 0.9345703125 0.0458984375 0.05859375
1 0.466796875 0.9453125 0.0400390625 0.0595703125
1 0.515625 0.9541015625 0.04296875 0.0615234375
1 0.5556640625 0.9580078125 0.0341796875 0.0634765625
1 0.580078125 0.966796875 0.033203125 0.05859375
1 0.6240234375 0.97265625 0.04296875 0.0546875
2 0.8466796875 0.1474609375 0.0439453125 0.2490234375
2 0.70703125 0.4130859375 0.046875 0.2294921875
2 0.8818359375 0.2626953125 0.0146484375 0.0263671875