2 0.072265625 0.1259765625 0.046875 0.1015625
2 0.087890625 0.1982421875 0.05078125 0.109375
2 0.1103515625 0.267578125 0.041015625 0.107421875
2 0.12890625 0.341796875 0.0546875 0.10546875
2 0.1474609375 0.4111328125 0.04296875 0.1171875
2 0.1728515625 0.478515625 0.041015625 0.099609375
2 0.2001953125 0.544921875 0.046875 0.109375
2 0.234375 0.6142578125 0.046875 0.10546875
2 0.2646484375 0.654296875 0.0390625 0.10546875
3 0.8310546875 0.515625 0.140625 0.708984375
3 0.3564453125 0.5283203125 0.140625 0.416015625
1 0.009765625 0.07421875 0.01953125 0.05078125
1 0.0166015625 0.1259765625 0.033203125 0.07421875
1 0.03125 0.203125 0.0390625 0.08203125
1 0.0478515625 0.279296875 0.03515625 0.07421875
1 0.0673828125 0.33984375 0.03515625 0.07421875
1 0.0849609375 0.419921875 0.03515625 0.07421875
1 0.111328125 0.4990234375 0.041015625 0.07421875
1 0.13671875 0.5625 0.04296875 0.07421875
1 0.1630859375 0.6328125 0.03515625 0.07421875
1 0.197265625 0.697265625 0.0390625 0.0703125