1 0.50390625 0.5595703125 0.38671875 0.33203125
1 0.0478515625 0.376953125 0.095703125 0.12890625
1 0.087890625 0.728515625 0.17578125 0.259765625
1 0.345703125 0.712890625 0.26171875 0.244140625
1 0.18359375 0.45703125 0.216796875 0.26171875
1 0.4345703125 0.3916015625 0.064453125 0.09375
1 0.5087890625 0.3681640625 0.07421875 0.0859375
1 0.578125 0.380859375 0.060546875 0.10546875
1 0.693359375 0.3720703125 0.099609375 0.140625
1 0.7724609375 0.359375 0.123046875 0.11328125
1 0.8896484375 0.3603515625 0.11328125 0.140625
1 0.8408203125 0.478515625 0.2109375 0.228515625
1 0.751953125 0.685546875 0.08984375 0.16796875
1 0.9033203125 0.68359375 0.109375 0.21875