4 0.501953125 0.591796875 0.5546875 0.8154296875
4 0.0283203125 0.72265625 0.056640625 0.0859375
0 0.9638671875 0.625 0.072265625 0.0390625
0 0.849609375 0.6279296875 0.068359375 0.041015625
0 0.791015625 0.626953125 0.064453125 0.037109375
0 0.720703125 0.6279296875 0.064453125 0.0380859375
0 0.6513671875 0.630859375 0.0673828125 0.03515625
0 0.171875 0.6357421875 0.1005859375 0.0419921875
0 0.2470703125 0.634765625 0.0546875 0.0390625
4 0.4638671875 0.1103515625 0.1044921875 0.1416015625
1 0.009765625 0.8271484375 0.01953125 0.0400390625
1 0.056640625 0.8251953125 0.052734375 0.0361328125
1 0.111328125 0.826171875 0.046875 0.033203125
1 0.1748046875 0.8251953125 0.041015625 0.0390625
1 0.8759765625 0.8076171875 0.0341796875 0.02734375
1 0.9638671875 0.8046875 0.0498046875 0.03125
0 0.9794921875 0.8642578125 0.041015625 0.0283203125
0 0.873046875 0.8671875 0.04296875 0.0234375
0 0.166015625 0.8818359375 0.03515625 0.033203125
0 0.0537109375 0.8857421875 0.052734375 0.0283203125