1 0.3388671875 0.2568359375 0.23828125 0.123046875
1 0.130859375 0.3935546875 0.26171875 0.138671875
1 0.4365234375 0.380859375 0.2421875 0.14453125
1 0.5078125 0.5673828125 0.37890625 0.2421875
1 0.099609375 0.56640625 0.19921875 0.21484375
1 0.63671875 0.841796875 0.5 0.31640625
1 0.6083984375 0.0390625 0.3203125 0.078125
1 0.7001953125 0.1357421875 0.275390625 0.12109375
1 0.7822265625 0.2734375 0.28125 0.15625
1 0.873046875 0.4326171875 0.25390625 0.166015625
1 0.9296875 0.6201171875 0.140625 0.203125