4 0.5009765625 0.5283203125 0.767578125 0.2734375
2 0.228515625 0.818359375 0.45703125 0.2890625
2 0.6103515625 0.8583984375 0.330078125 0.283203125
2 0.2373046875 0.2822265625 0.287109375 0.251953125
2 0.5126953125 0.2412109375 0.2734375 0.21484375
2 0.7861328125 0.2119140625 0.255859375 0.2734375
2 0.013671875 0.2412109375 0.02734375 0.10546875
2 0.06640625 0.1435546875 0.1328125 0.13671875
2 0.2998046875 0.03125 0.15625 0.0625
2 0.3388671875 0.9912109375 0.091796875 0.017578125
2 0.0146484375 0.3427734375 0.029296875 0.068359375
2 0.0576171875 0.27734375 0.0703125 0.08203125
2 0.0078125 0.5732421875 0.015625 0.04296875
2 0.0263671875 0.60546875 0.04296875 0.03515625
2 0.0595703125 0.6298828125 0.041015625 0.04296875
2 0.0986328125 0.6357421875 0.03125 0.03515625
2 0.12890625 0.6357421875 0.03515625 0.03125
2 0.1767578125 0.6337890625 0.04296875 0.03515625
2 0.216796875 0.66015625 0.04296875 0.03515625
2 0.26171875 0.66015625 0.041015625 0.03125
2 0.3095703125 0.6669921875 0.0390625 0.02734375
2 0.3505859375 0.6591796875 0.0390625 0.02734375
2 0.3984375 0.6572265625 0.037109375 0.04296875
2 0.4423828125 0.6669921875 0.046875 0.02734375
2 0.486328125 0.6630859375 0.05078125 0.03515625
2 0.0390625 0.48828125 0.0390625 0.037109375
2 0.0732421875 0.462890625 0.046875 0.04296875
2 0.1162109375 0.439453125 0.044921875 0.029296875
2 0.162109375 0.421875 0.041015625 0.037109375
2 0.203125 0.41015625 0.041015625 0.033203125
2 0.2548828125 0.4140625 0.05078125 0.052734375
2 0.314453125 0.380859375 0.05078125 0.04296875
2 0.3525390625 0.3759765625 0.04296875 0.03515625
2 0.39453125 0.3779296875 0.04296875 0.04296875
2 0.4384765625 0.3818359375 0.05078125 0.03515625
2 0.486328125 0.3759765625 0.052734375 0.04296875
2 0.529296875 0.3818359375 0.04296875 0.0390625
2 0.568359375 0.3779296875 0.046875 0.046875
2 0.6142578125 0.3798828125 0.044921875 0.048828125
2 0.654296875 0.375 0.046875 0.03515625
2 0.6953125 0.376953125 0.046875 0.048828125
2 0.7412109375 0.3779296875 0.046875 0.04296875
2 0.7880859375 0.380859375 0.046875 0.0546875
2 0.841796875 0.369140625 0.052734375 0.0390625
2 0.5322265625 0.66796875 0.05078125 0.033203125
2 0.5810546875 0.66796875 0.05078125 0.03515625
2 0.62890625 0.6708984375 0.052734375 0.03515625
2 0.669921875 0.66796875 0.046875 0.03125
2 0.71875 0.671875 0.052734375 0.04296875
2 0.7626953125 0.6708984375 0.0625 0.03515625
2 0.30078125 0.078125 0.0546875 0.046875
2 0.365234375 0.0556640625 0.076171875 0.044921875
2 0.44921875 0.029296875 0.080078125 0.0546875
2 0.5244140625 0.0244140625 0.060546875 0.046875
2 0.5869140625 0.03125 0.0625 0.046875