1 0.7783203125 0.51953125 0.2841796875 0.6240234375
1 0.5146484375 0.5224609375 0.2490234375 0.6484375
1 0.25 0.5283203125 0.2314453125 0.6220703125
1 0.046875 0.521484375 0.09375 0.6748046875
1 0.103515625 0.5087890625 0.1533203125 0.67578125
1 0.3876953125 0.5068359375 0.1376953125 0.6923828125
0 0.046875 0.056640625 0.09375 0.11328125
0 0.3623046875 0.0546875 0.119140625 0.1083984375
0 0.701171875 0.0576171875 0.107421875 0.1142578125
1 0.19921875 0.05859375 0.2119140625 0.1171875
1 0.53125 0.05859375 0.220703125 0.1171875
1 0.82421875 0.0595703125 0.140625 0.1181640625