1 0.8935546875 0.2197265625 0.13671875 0.107421875
1 0.9755859375 0.29296875 0.046875 0.080078125
1 0.7607421875 0.1611328125 0.13671875 0.125
1 0.966796875 0.4228515625 0.06640625 0.10546875
1 0.8935546875 0.3701171875 0.1328125 0.111328125
1 0.7724609375 0.3115234375 0.140625 0.10546875
1 0.634765625 0.2216796875 0.14453125 0.123046875
1 0.501953125 0.154296875 0.134765625 0.09375
1 0.146484375 0.158203125 0.19140625 0.203125
1 0.0966796875 0.84765625 0.16796875 0.14453125
1 0.8662109375 0.6064453125 0.158203125 0.125
1 0.744140625 0.6279296875 0.078125 0.109375
1 0.6435546875 0.6494140625 0.126953125 0.1484375
1 0.50390625 0.7041015625 0.1640625 0.169921875
1 0.33203125 0.7890625 0.12109375 0.109375