3 0.87109375 0.4169921875 0.234375 0.3603515625
3 0.353515625 0.6630859375 0.11328125 0.44140625
2 0.78515625 0.6494140625 0.0263671875 0.091796875
2 0.755859375 0.6513671875 0.0244140625 0.0908203125
2 0.7275390625 0.6591796875 0.0224609375 0.091796875
2 0.701171875 0.662109375 0.021484375 0.09765625
2 0.673828125 0.6748046875 0.021484375 0.0966796875
2 0.6435546875 0.6826171875 0.01953125 0.1025390625
2 0.6142578125 0.69140625 0.025390625 0.103515625
2 0.5830078125 0.69921875 0.0224609375 0.10546875
2 0.5498046875 0.7021484375 0.0341796875 0.0986328125
2 0.515625 0.7138671875 0.0283203125 0.111328125
2 0.4833984375 0.7197265625 0.029296875 0.1103515625
2 0.447265625 0.7314453125 0.0283203125 0.11328125
2 0.7548828125 0.259765625 0.0283203125 0.09375
2 0.7373046875 0.310546875 0.0419921875 0.0771484375
2 0.7177734375 0.359375 0.0341796875 0.0791015625
2 0.6982421875 0.4091796875 0.03515625 0.0634765625
2 0.6787109375 0.458984375 0.029296875 0.0712890625
2 0.66015625 0.51171875 0.0380859375 0.078125
2 0.6416015625 0.564453125 0.041015625 0.076171875
2 0.619140625 0.6103515625 0.03125 0.0625