1 0.443359375 0.8701171875 0.22265625 0.21875
1 0.2822265625 0.7529296875 0.2265625 0.126953125
1 0.27734375 0.94921875 0.296875 0.1015625
1 0.1171875 0.8427734375 0.20703125 0.232421875
4 0.2900390625 0.84765625 0.23828125 0.16796875
1 0.5830078125 0.763671875 0.20703125 0.14453125
1 0.5869140625 0.9501953125 0.2265625 0.099609375
4 0.8740234375 0.8759765625 0.1953125 0.142578125
1 0.853515625 0.76953125 0.22265625 0.130859375
1 0.7197265625 0.87890625 0.1796875 0.205078125
1 0.8828125 0.9677734375 0.234375 0.064453125
1 0.9736328125 0.88671875 0.052734375 0.185546875
1 0.423828125 0.591796875 0.330078125 0.19140625
2 0.197265625 0.4658203125 0.39453125 0.38671875
2 0.0625 0.251953125 0.125 0.1875
2 0.1865234375 0.1298828125 0.37109375 0.2578125
2 0.4130859375 0.298828125 0.431640625 0.3125
2 0.396484375 0.0634765625 0.171875 0.126953125
2 0.62109375 0.1494140625 0.388671875 0.26953125
2 0.9169921875 0.6181640625 0.1640625 0.197265625
2 0.6787109375 0.4697265625 0.4765625 0.3359375
2 0.8349609375 0.3271484375 0.330078125 0.380859375
2 0.9423828125 0.142578125 0.115234375 0.17578125
2 0.8251953125 0.087890625 0.1484375 0.119140625