4 0.490234375 0.421875 0.375 0.77734375
1 0.2412109375 0.1875 0.333984375 0.375
1 0.7109375 0.2001953125 0.333984375 0.400390625
1 0.2734375 0.7666015625 0.32421875 0.439453125
1 0.7001953125 0.7802734375 0.322265625 0.439453125
0 0.0439453125 0.44921875 0.0859375 0.3046875
0 0.05859375 0.9248046875 0.1171875 0.150390625
1 0.0380859375 0.1318359375 0.076171875 0.1796875
1 0.0283203125 0.2451171875 0.056640625 0.185546875
1 0.0419921875 0.6455078125 0.083984375 0.18359375
1 0.0556640625 0.783203125 0.109375 0.26953125