4 0.4833984375 0.54296875 0.6064453125 0.9140625
1 0.029296875 0.03515625 0.0576171875 0.0703125
1 0.0986328125 0.041015625 0.0810546875 0.07421875
1 0.1826171875 0.056640625 0.080078125 0.0791015625
1 0.2666015625 0.0654296875 0.0869140625 0.0732421875
1 0.35546875 0.0859375 0.0947265625 0.080078125
1 0.4384765625 0.1025390625 0.0751953125 0.0712890625
1 0.5185546875 0.1123046875 0.0830078125 0.0771484375
1 0.6044921875 0.1220703125 0.0859375 0.068359375
1 0.6865234375 0.1396484375 0.0791015625 0.0673828125
1 0.763671875 0.1513671875 0.078125 0.0751953125
1 0.84765625 0.1650390625 0.091796875 0.068359375
1 0.9248046875 0.17578125 0.0654296875 0.0693359375
1 0.9794921875 0.1953125 0.041015625 0.0771484375
1 0.126953125 0.7314453125 0.2529296875 0.2216796875
1 0.5390625 0.83984375 0.2021484375 0.3193359375
1 0.6962890625 0.6845703125 0.1376953125 0.2119140625
1 0.7958984375 0.580078125 0.146484375 0.1884765625
1 0.90234375 0.544921875 0.1015625 0.220703125