3 0.287109375 0.197265625 0.0947265625 0.2080078125
3 0.7763671875 0.1923828125 0.1103515625 0.2177734375
4 0.5341796875 0.7529296875 0.126953125 0.34375
3 0.4140625 0.576171875 0.0673828125 0.1884765625
3 0.650390625 0.5634765625 0.072265625 0.181640625
1 0.78125 0.935546875 0.02734375 0.0380859375
1 0.75390625 0.9384765625 0.025390625 0.03515625
1 0.73046875 0.94140625 0.02734375 0.0400390625
1 0.6796875 0.9443359375 0.0185546875 0.0244140625
1 0.6630859375 0.9443359375 0.0166015625 0.0244140625
1 0.6474609375 0.9453125 0.013671875 0.0244140625
1 0.6572265625 0.771484375 0.029296875 0.037109375
1 0.658203125 0.814453125 0.029296875 0.05078125
1 0.6591796875 0.8642578125 0.029296875 0.046875
1 0.642578125 0.7041015625 0.013671875 0.0263671875
1 0.6591796875 0.7021484375 0.0205078125 0.02734375
1 0.677734375 0.701171875 0.0146484375 0.0283203125
0 0.6806640625 0.673828125 0.0126953125 0.0166015625
0 0.6669921875 0.673828125 0.0107421875 0.01953125
0 0.6533203125 0.673828125 0.01171875 0.0166015625
0 0.6416015625 0.6748046875 0.01171875 0.0166015625
0 0.4560546875 0.962890625 0.021484375 0.025390625
0 0.5146484375 0.9609375 0.021484375 0.025390625
0 0.5732421875 0.958984375 0.0185546875 0.025390625
0 0.6298828125 0.9580078125 0.017578125 0.0244140625
1 0.611328125 0.9580078125 0.01953125 0.0244140625
1 0.5908203125 0.958984375 0.0205078125 0.0244140625
1 0.5546875 0.958984375 0.0185546875 0.0224609375
1 0.533203125 0.9599609375 0.0205078125 0.0234375
1 0.4951171875 0.9619140625 0.0205078125 0.0244140625
1 0.474609375 0.9619140625 0.0185546875 0.0224609375
1 0.4384765625 0.9609375 0.013671875 0.025390625
1 0.421875 0.9501953125 0.015625 0.021484375
1 0.40625 0.94921875 0.015625 0.0224609375
1 0.390625 0.951171875 0.015625 0.021484375
1 0.41015625 0.876953125 0.029296875 0.0595703125
1 0.4091796875 0.8212890625 0.0322265625 0.0546875
1 0.408203125 0.779296875 0.029296875 0.03125
1 0.29296875 0.9462890625 0.025390625 0.0322265625
1 0.31640625 0.9443359375 0.025390625 0.03515625
1 0.3427734375 0.9443359375 0.0263671875 0.0380859375
1 0.3203125 0.865234375 0.0595703125 0.0390625
1 0.3212890625 0.8134765625 0.0400390625 0.0654296875
1 0.3232421875 0.7490234375 0.0595703125 0.068359375
1 0.3212890625 0.6767578125 0.060546875 0.078125
1 0.3212890625 0.61328125 0.0595703125 0.0771484375
1 0.322265625 0.54296875 0.060546875 0.0751953125
1 0.318359375 0.47265625 0.05859375 0.0869140625
1 0.3876953125 0.7109375 0.0146484375 0.0234375
1 0.404296875 0.7109375 0.0185546875 0.0244140625
1 0.4228515625 0.7138671875 0.017578125 0.0283203125
0 0.421875 0.681640625 0.009765625 0.017578125
0 0.408203125 0.681640625 0.01171875 0.015625
0 0.39453125 0.6826171875 0.01171875 0.015625
0 0.3818359375 0.6826171875 0.01171875 0.0166015625
1 0.44921875 0.5546875 0.01953125 0.052734375
1 0.4072265625 0.51171875 0.0185546875 0.037109375
1 0.41796875 0.517578125 0.01171875 0.0302734375
1 0.4267578125 0.5302734375 0.01171875 0.0380859375
1 0.431640625 0.5439453125 0.01171875 0.01953125
1 0.458984375 0.5302734375 0.021484375 0.0576171875
1 0.47265625 0.5068359375 0.0205078125 0.0517578125
1 0.4873046875 0.4912109375 0.021484375 0.048828125
1 0.50390625 0.4697265625 0.0205078125 0.0625
1 0.5263671875 0.458984375 0.0341796875 0.0673828125
1 0.5498046875 0.470703125 0.01953125 0.0634765625
1 0.56640625 0.4873046875 0.017578125 0.0556640625
1 0.58203125 0.5048828125 0.0166015625 0.05859375
1 0.5966796875 0.5224609375 0.021484375 0.0634765625
1 0.607421875 0.5439453125 0.01953125 0.0615234375
1 0.6171875 0.5791015625 0.013671875 0.0361328125
1 0.625 0.5361328125 0.01171875 0.0234375
1 0.6279296875 0.5224609375 0.01171875 0.02734375
1 0.63671875 0.5126953125 0.0107421875 0.029296875
1 0.7373046875 0.4580078125 0.0625 0.095703125
1 0.7373046875 0.5322265625 0.056640625 0.0732421875
1 0.7392578125 0.6025390625 0.0615234375 0.072265625
1 0.7412109375 0.6650390625 0.060546875 0.0712890625
1 0.7412109375 0.734375 0.0595703125 0.0712890625
1 0.7421875 0.802734375 0.0615234375 0.0712890625
1 0.74609375 0.8544921875 0.0615234375 0.0439453125
1 0.7578125 0.37890625 0.029296875 0.04296875
1 0.7275390625 0.37890625 0.0263671875 0.04296875
1 0.67578125 0.3857421875 0.0302734375 0.0439453125
1 0.64453125 0.3857421875 0.0302734375 0.046875
1 0.61328125 0.384765625 0.0283203125 0.044921875
1 0.5830078125 0.3876953125 0.02734375 0.0419921875
1 0.5517578125 0.388671875 0.029296875 0.0478515625
1 0.521484375 0.3876953125 0.03125 0.046875
1 0.4931640625 0.388671875 0.033203125 0.05078125
1 0.2861328125 0.38671875 0.033203125 0.048828125
1 0.3154296875 0.38671875 0.0283203125 0.044921875
1 0.34375 0.3837890625 0.0263671875 0.041015625
1 0.369140625 0.38671875 0.02734375 0.0517578125
1 0.3994140625 0.3876953125 0.0322265625 0.044921875
1 0.4306640625 0.3876953125 0.0322265625 0.0458984375
1 0.458984375 0.3876953125 0.0283203125 0.0478515625
1 0.2734375 0.3291015625 0.0185546875 0.037109375
1 0.306640625 0.330078125 0.0205078125 0.02734375
1 0.328125 0.330078125 0.021484375 0.02734375
1 0.3642578125 0.33203125 0.0224609375 0.0302734375
1 0.40234375 0.33203125 0.017578125 0.0263671875
1 0.4228515625 0.333984375 0.0205078125 0.033203125
1 0.4580078125 0.333984375 0.01953125 0.0302734375
1 0.4794921875 0.33203125 0.021484375 0.029296875
1 0.5166015625 0.3310546875 0.0234375 0.0302734375
1 0.5390625 0.3291015625 0.01953125 0.029296875
1 0.5732421875 0.3291015625 0.01953125 0.0322265625
1 0.59375 0.3291015625 0.0224609375 0.0322265625
1 0.630859375 0.3310546875 0.01953125 0.02734375
1 0.6513671875 0.328125 0.0224609375 0.03125
1 0.685546875 0.330078125 0.0185546875 0.0263671875
1 0.71484375 0.3232421875 0.0263671875 0.029296875
1 0.7392578125 0.322265625 0.0205078125 0.03125
1 0.7763671875 0.322265625 0.0244140625 0.029296875
0 0.7578125 0.322265625 0.021484375 0.0283203125
0 0.669921875 0.3291015625 0.0185546875 0.029296875
0 0.61328125 0.3291015625 0.0185546875 0.033203125
0 0.5556640625 0.3310546875 0.01953125 0.02734375
0 0.5009765625 0.3310546875 0.0185546875 0.02734375
0 0.44140625 0.33203125 0.0205078125 0.029296875
0 0.3837890625 0.33203125 0.0224609375 0.0283203125
0 0.3466796875 0.328125 0.0205078125 0.029296875
0 0.2890625 0.330078125 0.0224609375 0.03125
1 0.322265625 0.2744140625 0.03515625 0.0546875
1 0.3525390625 0.279296875 0.0302734375 0.0478515625
1 0.369140625 0.2587890625 0.03125 0.064453125
1 0.3857421875 0.2255859375 0.037109375 0.0751953125
1 0.3974609375 0.1845703125 0.0390625 0.078125
1 0.404296875 0.1396484375 0.0419921875 0.0888671875
1 0.408203125 0.0869140625 0.04296875 0.0771484375
1 0.40625 0.04296875 0.0478515625 0.0849609375
1 0.650390625 0.0302734375 0.048828125 0.060546875
1 0.64453125 0.072265625 0.046875 0.072265625
1 0.646484375 0.1181640625 0.0478515625 0.0703125
1 0.6513671875 0.1708984375 0.0439453125 0.0849609375
1 0.658203125 0.2099609375 0.0380859375 0.0771484375
1 0.6748046875 0.240234375 0.025390625 0.0732421875
1 0.693359375 0.26171875 0.021484375 0.0673828125
1 0.7216796875 0.2666015625 0.02734375 0.0517578125