1 0.572265625 0.255859375 0.6484375 0.400390625
1 0.5859375 0.728515625 0.65234375 0.4375
1 0.123046875 0.3212890625 0.24609375 0.27734375
1 0.1337890625 0.59765625 0.263671875 0.275390625
1 0.12109375 0.0732421875 0.12109375 0.14453125
1 0.244140625 0.0634765625 0.0859375 0.125
1 0.349609375 0.0439453125 0.10546875 0.087890625
1 0.1484375 0.8681640625 0.134765625 0.18359375
1 0.28125 0.9130859375 0.095703125 0.173828125
1 0.38671875 0.9423828125 0.0859375 0.115234375
1 0.5263671875 0.951171875 0.146484375 0.09765625