4 0.7919921875 0.63671875 0.376953125 0.7255859375
4 0.4970703125 0.2783203125 0.142578125 0.34765625
4 0.2919921875 0.5556640625 0.119140625 0.2724609375
4 0.1728515625 0.7041015625 0.1220703125 0.185546875
4 0.443359375 0.79296875 0.0537109375 0.138671875
3 0.1416015625 0.390625 0.083984375 0.189453125
0 0.2236328125 0.9658203125 0.0185546875 0.048828125
0 0.2373046875 0.986328125 0.0302734375 0.0263671875
0 0.2626953125 0.9697265625 0.0322265625 0.0517578125
0 0.244140625 0.9287109375 0.03125 0.048828125
0 0.23046875 0.896484375 0.0185546875 0.0498046875
0 0.26953125 0.896484375 0.029296875 0.052734375
0 0.2509765625 0.859375 0.0302734375 0.048828125
0 0.23828125 0.826171875 0.0166015625 0.0419921875
0 0.259765625 0.7900390625 0.0283203125 0.05078125
0 0.275390625 0.828125 0.0263671875 0.0478515625
0 0.283203125 0.7587890625 0.029296875 0.0458984375
0 0.294921875 0.8017578125 0.01953125 0.044921875
0 0.263671875 0.7236328125 0.0361328125 0.0458984375
0 0.2509765625 0.693359375 0.0185546875 0.041015625
0 0.2705078125 0.66796875 0.0341796875 0.0224609375
0 0.2890625 0.6953125 0.033203125 0.046875
0 0.3798828125 0.5439453125 0.0390625 0.033203125
0 0.3583984375 0.572265625 0.021484375 0.052734375
0 0.400390625 0.5712890625 0.03125 0.05859375
0 0.376953125 0.6025390625 0.0458984375 0.046875
0 0.4169921875 0.6181640625 0.01953125 0.05078125
0 0.39453125 0.6435546875 0.0380859375 0.048828125
0 0.353515625 0.6435546875 0.0263671875 0.046875
0 0.3681640625 0.6748046875 0.0361328125 0.052734375
0 0.41015625 0.697265625 0.0302734375 0.056640625
0 0.388671875 0.716796875 0.0419921875 0.0556640625
0 0.34765625 0.7197265625 0.0263671875 0.0439453125
0 0.3623046875 0.7529296875 0.03515625 0.0556640625
0 0.384765625 0.7958984375 0.03515625 0.064453125
0 0.404296875 0.765625 0.0185546875 0.044921875
0 0.33984375 0.7978515625 0.025390625 0.0439453125
0 0.3544921875 0.833984375 0.03515625 0.0546875
0 0.33203125 0.8720703125 0.0341796875 0.07421875
0 0.3759765625 0.8779296875 0.0380859375 0.0634765625
0 0.3994140625 0.8515625 0.017578125 0.0625
0 0.3515625 0.919921875 0.0439453125 0.0634765625
0 0.3251953125 0.962890625 0.0302734375 0.0576171875
0 0.3720703125 0.962890625 0.0390625 0.072265625
0 0.396484375 0.931640625 0.021484375 0.0595703125
0 0.4873046875 0.75390625 0.033203125 0.0302734375
0 0.4716796875 0.7705078125 0.0166015625 0.0498046875
0 0.5078125 0.7705078125 0.0341796875 0.05859375
0 0.482421875 0.8037109375 0.025390625 0.048828125
0 0.50390625 0.8310546875 0.0263671875 0.0556640625
0 0.4814453125 0.8642578125 0.03125 0.0498046875
0 0.4619140625 0.9033203125 0.01953125 0.056640625
0 0.498046875 0.8984375 0.03515625 0.05078125
0 0.4755859375 0.92578125 0.025390625 0.0419921875
0 0.45703125 0.9638671875 0.0234375 0.0458984375
0 0.4931640625 0.9619140625 0.0302734375 0.048828125
0 0.587890625 0.9638671875 0.06640625 0.0712890625
0 0.560546875 0.9228515625 0.0380859375 0.0712890625
0 0.6259765625 0.9169921875 0.0439453125 0.0791015625
0 0.64453125 0.9775390625 0.0234375 0.0439453125
0 0.591796875 0.8623046875 0.0556640625 0.0810546875
0 0.6484375 0.8681640625 0.0283203125 0.0771484375
0 0.6279296875 0.8056640625 0.048828125 0.080078125
0 0.56640625 0.81640625 0.037109375 0.0771484375
0 0.5947265625 0.751953125 0.048828125 0.078125
0 0.6533203125 0.7626953125 0.02734375 0.080078125
0 0.5703125 0.7060546875 0.03515625 0.068359375
0 0.5966796875 0.6455078125 0.0380859375 0.0693359375
0 0.5703125 0.599609375 0.03515625 0.0595703125
0 0.5986328125 0.5439453125 0.0537109375 0.0595703125
0 0.599609375 0.4482421875 0.0439453125 0.0615234375
0 0.6298828125 0.4970703125 0.0439453125 0.0771484375
0 0.6318359375 0.408203125 0.04296875 0.064453125
0 0.6357421875 0.31640625 0.044921875 0.07421875
0 0.603515625 0.3564453125 0.0419921875 0.064453125
0 0.578125 0.32421875 0.033203125 0.068359375
0 0.6025390625 0.2900390625 0.0400390625 0.04296875