0 0.6494140625 0.1552734375 0.19921875 0.294921875
0 0.318359375 0.19921875 0.154296875 0.236328125
0 0.0673828125 0.232421875 0.1318359375 0.2333984375
1 0.201171875 0.146484375 0.15625 0.1416015625
1 0.193359375 0.28515625 0.18359375 0.134765625
1 0.478515625 0.1103515625 0.185546875 0.1337890625
1 0.48046875 0.2509765625 0.17578125 0.1357421875
1 0.87109375 0.0673828125 0.2294921875 0.119140625
1 0.873046875 0.201171875 0.25390625 0.1513671875
1 0.0302734375 0.5537109375 0.0576171875 0.2021484375
1 0.087890625 0.5498046875 0.08984375 0.2490234375
1 0.158203125 0.546875 0.0732421875 0.216796875
1 0.22265625 0.544921875 0.0732421875 0.244140625
1 0.2900390625 0.5419921875 0.072265625 0.23828125
1 0.365234375 0.5400390625 0.10546875 0.234375
1 0.4482421875 0.544921875 0.0947265625 0.2197265625
1 0.5302734375 0.546875 0.1201171875 0.263671875
1 0.6279296875 0.5341796875 0.119140625 0.2373046875
1 0.71875 0.529296875 0.1171875 0.283203125
1 0.8232421875 0.537109375 0.1005859375 0.263671875
1 0.9345703125 0.533203125 0.1279296875 0.310546875
0 0.208984375 0.875 0.388671875 0.2490234375
1 0.751953125 0.8984375 0.1142578125 0.185546875
1 0.8701171875 0.87890625 0.1005859375 0.1318359375
1 0.619140625 0.88671875 0.126953125 0.171875