0 0.6298828125 0.0166015625 0.05078125 0.033203125
0 0.6328125 0.0849609375 0.06640625 0.03515625
0 0.63671875 0.15625 0.05078125 0.0390625
0 0.6318359375 0.2255859375 0.056640625 0.0390625
0 0.6396484375 0.2978515625 0.05078125 0.037109375
0 0.640625 0.37109375 0.048828125 0.037109375
0 0.6484375 0.4462890625 0.044921875 0.03515625
0 0.6494140625 0.5244140625 0.046875 0.04296875
0 0.6494140625 0.5986328125 0.060546875 0.03515625
0 0.65234375 0.669921875 0.0546875 0.04296875
0 0.65625 0.8369140625 0.05859375 0.04296875
0 0.6591796875 0.919921875 0.046875 0.041015625
0 0.52734375 0.9423828125 0.09375 0.107421875
0 0.396484375 0.927734375 0.044921875 0.04296875
0 0.52734375 0.8037109375 0.0859375 0.09375
0 0.390625 0.8427734375 0.046875 0.046875
0 0.5234375 0.669921875 0.08203125 0.103515625
0 0.3955078125 0.7607421875 0.052734375 0.04296875
0 0.3798828125 0.556640625 0.05078125 0.044921875
0 0.525390625 0.53515625 0.1015625 0.09375
0 0.38671875 0.478515625 0.046875 0.041015625
0 0.515625 0.4111328125 0.083984375 0.09765625
0 0.3837890625 0.404296875 0.048828125 0.044921875
0 0.3837890625 0.333984375 0.05078125 0.04296875
0 0.3857421875 0.2568359375 0.060546875 0.05078125
0 0.5166015625 0.2919921875 0.09375 0.09375
0 0.5185546875 0.166015625 0.0859375 0.083984375
0 0.3779296875 0.189453125 0.048828125 0.04296875
0 0.37109375 0.119140625 0.0546875 0.0390625
0 0.505859375 0.0556640625 0.064453125 0.087890625