1 0.2568359375 0.5712890625 0.3984375 0.64453125
1 0.7275390625 0.5849609375 0.4365234375 0.6484375
1 0.322265625 0.123046875 0.275390625 0.24609375
1 0.5966796875 0.1357421875 0.2734375 0.26171875
1 0.0732421875 0.1220703125 0.146484375 0.119140625
1 0.0634765625 0.2451171875 0.126953125 0.083984375
1 0.044921875 0.3505859375 0.08984375 0.10546875
1 0.865234375 0.1494140625 0.181640625 0.1337890625
1 0.912109375 0.2822265625 0.17578125 0.095703125
1 0.94140625 0.3876953125 0.1171875 0.0869140625
1 0.94921875 0.525390625 0.1015625 0.14453125