1 0.5732421875 0.4560546875 0.6396484375 0.2353515625
1 0.1201171875 0.4326171875 0.240234375 0.326171875
1 0.5810546875 0.1513671875 0.63671875 0.251953125
1 0.12109375 0.1337890625 0.2421875 0.267578125
1 0.794921875 0.837890625 0.201171875 0.2958984375
1 0.6728515625 0.8408203125 0.1474609375 0.3173828125
1 0.55078125 0.8427734375 0.1923828125 0.3134765625
1 0.41015625 0.8486328125 0.1806640625 0.3017578125
1 0.2451171875 0.8623046875 0.1455078125 0.2744140625
1 0.1494140625 0.8408203125 0.1337890625 0.3173828125
1 0.05859375 0.8232421875 0.1171875 0.3525390625