1 0.68359375 0.0537109375 0.13671875 0.107421875
1 0.806640625 0.0380859375 0.140625 0.0751953125
1 0.9248046875 0.0537109375 0.09375 0.1064453125
1 0.7255859375 0.25390625 0.1005859375 0.501953125
1 0.833984375 0.251953125 0.130859375 0.4873046875
2 0.361328125 0.142578125 0.296875 0.2841796875
1 0.357421875 0.3994140625 0.2783203125 0.2470703125
1 0.33984375 0.6240234375 0.2470703125 0.322265625
1 0.5478515625 0.6337890625 0.2158203125 0.326171875
1 0.8984375 0.6630859375 0.19921875 0.3154296875
2 0.7333984375 0.65625 0.150390625 0.2861328125
1 0.0478515625 0.044921875 0.06640625 0.0888671875
1 0.1162109375 0.048828125 0.0693359375 0.0966796875
1 0.0517578125 0.158203125 0.0595703125 0.1416015625
1 0.1259765625 0.1669921875 0.0712890625 0.1435546875
1 0.05859375 0.3544921875 0.0703125 0.1416015625
1 0.1376953125 0.3544921875 0.072265625 0.1416015625
1 0.0693359375 0.47265625 0.052734375 0.1337890625
1 0.134765625 0.46875 0.060546875 0.1474609375
1 0.078125 0.6494140625 0.056640625 0.123046875
1 0.1357421875 0.6455078125 0.05859375 0.1298828125
1 0.083984375 0.759765625 0.05859375 0.1337890625
1 0.1435546875 0.7509765625 0.0615234375 0.126953125
1 0.0869140625 0.900390625 0.037109375 0.1005859375
1 0.119140625 0.931640625 0.0517578125 0.0732421875
1 0.2412109375 0.8642578125 0.0947265625 0.08203125
1 0.23828125 0.931640625 0.0908203125 0.08203125
1 0.3349609375 0.86328125 0.107421875 0.06640625
1 0.3330078125 0.939453125 0.083984375 0.0732421875
1 0.4716796875 0.8759765625 0.1025390625 0.0810546875
1 0.4599609375 0.94921875 0.091796875 0.0673828125
1 0.5556640625 0.8671875 0.103515625 0.0830078125
1 0.556640625 0.94140625 0.0830078125 0.078125
1 0.6953125 0.8759765625 0.107421875 0.0771484375
1 0.703125 0.951171875 0.1162109375 0.06640625
1 0.83984375 0.890625 0.0947265625 0.080078125
1 0.8349609375 0.9482421875 0.078125 0.0810546875
1 0.931640625 0.8935546875 0.0888671875 0.0615234375
1 0.927734375 0.951171875 0.0869140625 0.0712890625
0 0.970703125 0.9296875 0.0546875 0.140625
0 0.7841796875 0.9150390625 0.1025390625 0.1396484375
0 0.626953125 0.9072265625 0.109375 0.119140625
0 0.400390625 0.9072265625 0.103515625 0.123046875
0 0.1708984375 0.9013671875 0.095703125 0.130859375
0 0.1123046875 0.8349609375 0.1220703125 0.1396484375
0 0.10546875 0.5615234375 0.125 0.171875
0 0.09375 0.251953125 0.1376953125 0.1875