3 0.5791015625 0.7978515625 0.244140625 0.404296875
0 0.041015625 0.2607421875 0.0810546875 0.08984375
0 0.2158203125 0.2568359375 0.1455078125 0.15234375
0 0.39453125 0.26171875 0.091796875 0.091796875
0 0.568359375 0.265625 0.1591796875 0.1552734375
1 0.77734375 0.0224609375 0.0615234375 0.044921875
1 0.7900390625 0.0966796875 0.080078125 0.1328125
1 0.798828125 0.2080078125 0.078125 0.1259765625
1 0.806640625 0.3271484375 0.091796875 0.1328125
1 0.826171875 0.4619140625 0.083984375 0.1376953125
1 0.8349609375 0.5791015625 0.0849609375 0.126953125
1 0.8447265625 0.6962890625 0.0908203125 0.1416015625
1 0.8544921875 0.8583984375 0.0810546875 0.1611328125
1 0.3349609375 0.48828125 0.1494140625 0.150390625
1 0.4326171875 0.5009765625 0.1171875 0.171875
1 0.525390625 0.4853515625 0.115234375 0.1552734375
1 0.611328125 0.4814453125 0.125 0.1220703125
1 0.7021484375 0.49609375 0.0908203125 0.13671875
1 0.736328125 0.623046875 0.083984375 0.1240234375
1 0.736328125 0.74609375 0.095703125 0.1416015625
1 0.7197265625 0.8955078125 0.146484375 0.1787109375