0 0.806640625 0.501953125 0.16015625 0.16015625
0 0.98828125 0.501953125 0.0234375 0.103515625
0 0.9345703125 0.40234375 0.12890625 0.1171875
0 0.9287109375 0.5908203125 0.125 0.12109375
1 0.056640625 0.150390625 0.11328125 0.30078125
1 0.0615234375 0.8310546875 0.12109375 0.337890625
0 0.4169921875 0.8095703125 0.1796875 0.17578125
0 0.6875 0.7919921875 0.15234375 0.146484375
0 0.841796875 0.7021484375 0.16015625 0.126953125
0 0.5419921875 0.0322265625 0.15234375 0.064453125
0 0.65625 0.0732421875 0.201171875 0.14453125
0 0.8173828125 0.0478515625 0.181640625 0.095703125
0 0.9140625 0.05859375 0.171875 0.1171875