4 0.5390625 0.5322265625 0.42578125 0.16015625
1 0.1171875 0.6826171875 0.13671875 0.232421875
1 0.1328125 0.36328125 0.1328125 0.25
1 0.2763671875 0.3671875 0.19921875 0.16015625
1 0.2763671875 0.7080078125 0.19921875 0.19140625
1 0.4697265625 0.6611328125 0.19921875 0.1015625
1 0.474609375 0.396484375 0.2109375 0.119140625
3 0.2666015625 0.9091796875 0.486328125 0.181640625
3 0.34375 0.1103515625 0.53125 0.220703125
1 0.4970703125 0.1357421875 0.224609375 0.10546875
1 0.5888671875 0.1845703125 0.244140625 0.1171875
1 0.703125 0.234375 0.2421875 0.09375
1 0.7958984375 0.3046875 0.2421875 0.103515625
1 0.875 0.37890625 0.20703125 0.1015625
1 0.9130859375 0.451171875 0.173828125 0.115234375
1 0.931640625 0.5224609375 0.13671875 0.123046875
1 0.9091796875 0.6025390625 0.181640625 0.107421875
1 0.859375 0.67578125 0.2265625 0.1015625
1 0.775390625 0.7509765625 0.25390625 0.111328125
1 0.669921875 0.8154296875 0.23046875 0.1015625
1 0.5732421875 0.859375 0.232421875 0.12890625
1 0.4638671875 0.91796875 0.2421875 0.111328125