0 0.48046875 0.5634765625 0.955078125 0.69140625
0 0.4892578125 0.08984375 0.310546875 0.1796875
0 0.4931640625 0.958984375 0.3046875 0.08203125
1 0.0673828125 0.9794921875 0.12109375 0.041015625
1 0.16796875 0.9853515625 0.130859375 0.029296875
1 0.2861328125 0.9794921875 0.126953125 0.041015625
1 0.6904296875 0.9765625 0.11328125 0.046875
1 0.802734375 0.982421875 0.11328125 0.03515625
1 0.90625 0.9677734375 0.109375 0.064453125
1 0.9208984375 0.080078125 0.119140625 0.16015625
1 0.046875 0.0869140625 0.09375 0.173828125
1 0.275390625 0.0693359375 0.1171875 0.1328125
1 0.1435546875 0.0693359375 0.119140625 0.103515625
1 0.8173828125 0.0673828125 0.10546875 0.1015625
1 0.8974609375 0.298828125 0.16015625 0.16015625
1 0.90234375 0.8173828125 0.15625 0.162109375
1 0.0732421875 0.8212890625 0.146484375 0.162109375
1 0.0625 0.310546875 0.125 0.166015625