1 0.6982421875 0.857421875 0.25390625 0.06640625
2 0.3681640625 0.005859375 0.0546875 0.01171875
2 0.3759765625 0.025390625 0.064453125 0.01953125
2 0.388671875 0.052734375 0.06640625 0.01953125
2 0.400390625 0.078125 0.05859375 0.017578125
2 0.408203125 0.10546875 0.0625 0.01953125
2 0.41796875 0.1337890625 0.06640625 0.01953125
2 0.4287109375 0.162109375 0.0625 0.01953125
2 0.44140625 0.189453125 0.06640625 0.0234375
2 0.4501953125 0.2197265625 0.064453125 0.01953125
2 0.4619140625 0.24609375 0.0625 0.01953125
2 0.4716796875 0.2763671875 0.0625 0.017578125
2 0.4794921875 0.3046875 0.060546875 0.01953125
3 0.4013671875 0.4111328125 0.16015625 0.03515625
1 0.9638671875 0.6015625 0.0703125 0.150390625
1 0.9658203125 0.744140625 0.06640625 0.044921875
1 0.9169921875 0.45703125 0.078125 0.0625
1 0.9736328125 0.41796875 0.052734375 0.095703125
0 0.736328125 0.5859375 0.05078125 0.03515625
0 0.845703125 0.158203125 0.05078125 0.04296875
0 0.859375 0.2353515625 0.048828125 0.04296875
0 0.580078125 0.0263671875 0.046875 0.04296875
0 0.5947265625 0.1064453125 0.046875 0.0546875
0 0.6171875 0.1865234375 0.04296875 0.05078125
0 0.6357421875 0.26171875 0.0390625 0.05078125