2 0.072265625 0.0830078125 0.0546875 0.095703125
2 0.4765625 0.2119140625 0.02734375 0.119140625
2 0.5048828125 0.2177734375 0.03125 0.1328125
2 0.7509765625 0.1083984375 0.046875 0.1015625
3 0.375 0.533203125 0.02734375 0.06640625
3 0.4072265625 0.552734375 0.0390625 0.07421875
3 0.6044921875 0.5478515625 0.02734375 0.052734375
3 0.640625 0.5458984375 0.03515625 0.099609375
3 0.779296875 0.4052734375 0.029296875 0.103515625
3 0.1005859375 0.3984375 0.03515625 0.0859375
3 0.8701171875 0.431640625 0.0390625 0.134765625
4 0.0537109375 0.7529296875 0.01953125 0.048828125
4 0.1220703125 0.6884765625 0.033203125 0.0859375
4 0.1826171875 0.7490234375 0.021484375 0.04296875
4 0.2724609375 0.6845703125 0.029296875 0.08203125
4 0.3193359375 0.7451171875 0.01953125 0.04296875
4 0.3994140625 0.671875 0.029296875 0.06640625
4 0.4404296875 0.6611328125 0.025390625 0.060546875