0 0.9072265625 0.5419921875 0.125 0.107421875
0 0.876953125 0.7216796875 0.12109375 0.07421875
0 0.892578125 0.3095703125 0.134765625 0.09375
0 0.7763671875 0.41796875 0.12109375 0.12109375
0 0.7626953125 0.6650390625 0.12109375 0.099609375
0 0.671875 0.5498046875 0.12109375 0.095703125
0 0.6357421875 0.3037109375 0.10546875 0.06640625
0 0.5244140625 0.4267578125 0.13671875 0.11328125
0 0.525390625 0.6572265625 0.140625 0.068359375
0 0.4130859375 0.5458984375 0.12109375 0.10546875
0 0.3798828125 0.3037109375 0.125 0.083984375
0 0.486328125 0.244140625 0.119140625 0.046875
0 0.6083984375 0.2470703125 0.12890625 0.0390625
0 0.740234375 0.2470703125 0.125 0.046875
0 0.2685546875 0.41796875 0.12890625 0.111328125
0 0.259765625 0.2578125 0.126953125 0.064453125
0 0.1220703125 0.314453125 0.140625 0.10546875
0 0.1376953125 0.5419921875 0.140625 0.109375
0 0.263671875 0.6533203125 0.1484375 0.08984375
0 0.380859375 0.73046875 0.1171875 0.05859375
0 0.6396484375 0.724609375 0.1328125 0.052734375
0 0.03125 0.408203125 0.0625 0.119140625
0 0.021484375 0.25 0.04296875 0.0703125
0 0.0380859375 0.65625 0.07421875 0.08984375