3 0.208984375 0.8896484375 0.1640625 0.14453125
3 0.197265625 0.0712890625 0.16015625 0.142578125
1 0.0615234375 0.8876953125 0.037109375 0.0390625
1 0.0634765625 0.8623046875 0.03515625 0.03125
1 0.064453125 0.8359375 0.03515625 0.0390625
1 0.0634765625 0.810546875 0.0390625 0.033203125
1 0.0615234375 0.779296875 0.03515625 0.05078125
1 0.060546875 0.74609375 0.0390625 0.0390625
1 0.060546875 0.7255859375 0.0390625 0.033203125
1 0.05859375 0.69921875 0.04296875 0.041015625
1 0.0615234375 0.673828125 0.03515625 0.033203125
1 0.060546875 0.646484375 0.041015625 0.044921875
1 0.060546875 0.623046875 0.037109375 0.03125
1 0.05859375 0.59765625 0.0390625 0.05078125
1 0.05859375 0.5673828125 0.03515625 0.033203125
1 0.056640625 0.541015625 0.03515625 0.046875
1 0.05859375 0.515625 0.037109375 0.029296875
1 0.056640625 0.490234375 0.037109375 0.04296875
1 0.056640625 0.4609375 0.03515625 0.03125
1 0.0546875 0.43359375 0.03515625 0.037109375
1 0.056640625 0.408203125 0.033203125 0.02734375
1 0.0537109375 0.3798828125 0.0390625 0.044921875
1 0.056640625 0.35546875 0.033203125 0.025390625
1 0.0546875 0.330078125 0.03515625 0.037109375
1 0.0546875 0.3037109375 0.03515625 0.02734375
1 0.0546875 0.27734375 0.0390625 0.0390625
1 0.052734375 0.248046875 0.0390625 0.029296875
1 0.05078125 0.2216796875 0.041015625 0.037109375
1 0.052734375 0.193359375 0.037109375 0.03125
1 0.0576171875 0.1640625 0.03125 0.0234375
1 0.0537109375 0.140625 0.0390625 0.041015625
1 0.0537109375 0.1083984375 0.03515625 0.03515625
1 0.0546875 0.083984375 0.03515625 0.0390625
1 0.0537109375 0.05078125 0.037109375 0.033203125
1 0.0986328125 0.109375 0.0234375 0.03515625
1 0.09765625 0.0498046875 0.021484375 0.03515625
1 0.0986328125 0.1474609375 0.01953125 0.02734375
1 0.095703125 0.2060546875 0.021484375 0.03125
1 0.095703125 0.26953125 0.0234375 0.03515625
1 0.0966796875 0.3037109375 0.0234375 0.03125
1 0.09765625 0.365234375 0.0234375 0.03125
1 0.099609375 0.3974609375 0.021484375 0.033203125
1 0.0986328125 0.4638671875 0.0234375 0.029296875
1 0.1015625 0.49609375 0.021484375 0.037109375
1 0.1025390625 0.560546875 0.0234375 0.02734375
1 0.1015625 0.59375 0.0234375 0.03125
1 0.1025390625 0.65625 0.0234375 0.029296875
1 0.1025390625 0.6953125 0.0234375 0.03515625
1 0.107421875 0.806640625 0.021484375 0.02734375
1 0.1083984375 0.8408203125 0.029296875 0.03515625
1 0.1083984375 0.90625 0.0234375 0.0390625
0 0.107421875 0.8720703125 0.021484375 0.037109375
0 0.1083984375 0.7744140625 0.0234375 0.037109375
0 0.103515625 0.7255859375 0.0234375 0.03515625
0 0.1025390625 0.6259765625 0.0234375 0.03515625
0 0.1005859375 0.5302734375 0.0234375 0.03125
0 0.0986328125 0.4306640625 0.0234375 0.03125
0 0.09765625 0.3359375 0.0234375 0.033203125
0 0.09765625 0.236328125 0.021484375 0.03515625
0 0.099609375 0.177734375 0.0234375 0.0390625
0 0.0986328125 0.0810546875 0.0234375 0.03515625
1 0.1494140625 0.765625 0.041015625 0.05078125
1 0.1650390625 0.7333984375 0.05078125 0.060546875
1 0.1904296875 0.703125 0.0625 0.0703125
1 0.22265625 0.6845703125 0.0625 0.072265625
1 0.2587890625 0.673828125 0.05859375 0.080078125
1 0.2919921875 0.6728515625 0.0546875 0.08203125
1 0.3291015625 0.6865234375 0.0546875 0.08984375
1 0.3603515625 0.701171875 0.06640625 0.08203125
1 0.3994140625 0.7099609375 0.072265625 0.078125
1 0.4345703125 0.6923828125 0.05078125 0.0625
1 0.4541015625 0.6640625 0.05859375 0.060546875
1 0.4677734375 0.642578125 0.05078125 0.046875
1 0.4658203125 0.310546875 0.041015625 0.05078125
1 0.4462890625 0.2861328125 0.052734375 0.048828125
1 0.419921875 0.26953125 0.05859375 0.0625
1 0.38671875 0.2578125 0.05078125 0.07421875
1 0.3486328125 0.2666015625 0.0546875 0.0703125
1 0.3154296875 0.279296875 0.05078125 0.07421875
1 0.2763671875 0.283203125 0.0625 0.076171875
1 0.2451171875 0.279296875 0.0625 0.0703125
1 0.2109375 0.26171875 0.0625 0.0625
1 0.1796875 0.2373046875 0.078125 0.0625
1 0.154296875 0.20703125 0.060546875 0.05078125
1 0.13671875 0.169921875 0.048828125 0.041015625
1 0.138671875 0.1357421875 0.04296875 0.0390625
0 0.4951171875 0.5205078125 0.029296875 0.05078125
0 0.494140625 0.421875 0.02734375 0.05078125
1 0.4970703125 0.580078125 0.03125 0.08203125
1 0.4951171875 0.4736328125 0.033203125 0.06640625
1 0.4931640625 0.3681640625 0.03125 0.0703125
1 0.5361328125 0.60546875 0.03125 0.046875
1 0.5654296875 0.615234375 0.021484375 0.03515625
1 0.5615234375 0.5625 0.025390625 0.0625
1 0.560546875 0.3935546875 0.021484375 0.05859375
1 0.556640625 0.3447265625 0.029296875 0.046875
1 0.529296875 0.34765625 0.025390625 0.05078125
1 0.5947265625 0.5947265625 0.017578125 0.01953125
1 0.5947265625 0.5634765625 0.01953125 0.03125
1 0.5947265625 0.525390625 0.01953125 0.03515625
1 0.59375 0.4912109375 0.01953125 0.03515625
1 0.5927734375 0.453125 0.0234375 0.03515625
1 0.591796875 0.4189453125 0.0234375 0.0390625
1 0.591796875 0.3828125 0.01953125 0.037109375
1 0.58984375 0.34765625 0.01953125 0.037109375
1 0.64453125 0.6005859375 0.0234375 0.03125
1 0.640625 0.5703125 0.021484375 0.0390625
1 0.640625 0.533203125 0.0234375 0.03515625
1 0.6416015625 0.494140625 0.02734375 0.03515625
1 0.640625 0.4599609375 0.02734375 0.0390625
1 0.6416015625 0.423828125 0.0234375 0.03515625
1 0.6396484375 0.388671875 0.0234375 0.03515625
1 0.638671875 0.345703125 0.0234375 0.0390625
1 0.6767578125 0.3818359375 0.0390625 0.046875
1 0.6953125 0.41015625 0.05078125 0.05078125
1 0.728515625 0.419921875 0.0546875 0.056640625
1 0.73046875 0.546875 0.05859375 0.0625
1 0.7001953125 0.552734375 0.052734375 0.0546875
1 0.6806640625 0.5732421875 0.0390625 0.0625
0 0.7373046875 0.4765625 0.01953125 0.03125
1 0.73828125 0.5048828125 0.021484375 0.02734375
1 0.7373046875 0.4521484375 0.01953125 0.021484375
1 0.76953125 0.5322265625 0.03125 0.02734375
1 0.7744140625 0.5009765625 0.037109375 0.03125
1 0.7734375 0.4638671875 0.0390625 0.03515625
1 0.767578125 0.4345703125 0.041015625 0.02734375
1 0.763671875 0.4111328125 0.02734375 0.017578125
0 0.8046875 0.4677734375 0.015625 0.02734375
0 0.8583984375 0.4794921875 0.021484375 0.025390625
0 0.8017578125 0.5126953125 0.015625 0.0234375
0 0.796875 0.431640625 0.015625 0.02734375
0 0.7861328125 0.4111328125 0.01171875 0.013671875
0 0.7919921875 0.5439453125 0.015625 0.015625
0 0.81640625 0.5234375 0.021484375 0.01953125
0 0.8173828125 0.435546875 0.01953125 0.0234375
1 0.8994140625 0.525390625 0.03515625 0.0234375
1 0.904296875 0.5009765625 0.03515625 0.037109375
1 0.908203125 0.4638671875 0.03515625 0.03515625
1 0.9033203125 0.4365234375 0.03515625 0.01953125
4 0.9580078125 0.4833984375 0.083984375 0.123046875
4 0.9384765625 0.5146484375 0.03515625 0.03125
4 0.9482421875 0.482421875 0.03125 0.04296875
4 0.9423828125 0.4521484375 0.0390625 0.02734375