0 0.876953125 0.232421875 0.044921875 0.03125
0 0.9541015625 0.1982421875 0.0390625 0.033203125
0 0.962890625 0.0458984375 0.0390625 0.02734375
0 0.904296875 0.0146484375 0.04296875 0.01953125
0 0.8408203125 0.041015625 0.03515625 0.029296875
0 0.7783203125 0.0107421875 0.05078125 0.01953125
0 0.71484375 0.0400390625 0.0390625 0.03125
0 0.728515625 0.2314453125 0.033203125 0.0234375
0 0.8095703125 0.1953125 0.044921875 0.0234375
0 0.662109375 0.193359375 0.052734375 0.03125
0 0.591796875 0.2314453125 0.04296875 0.02734375
0 0.5146484375 0.1904296875 0.048828125 0.029296875
0 0.4384765625 0.23046875 0.04296875 0.029296875
0 0.587890625 0.0361328125 0.0390625 0.025390625
0 0.51953125 0.0068359375 0.048828125 0.013671875
0 0.4521484375 0.0322265625 0.037109375 0.03125
0 0.3203125 0.029296875 0.0390625 0.02734375
4 0.474609375 0.4462890625 0.80078125 0.328125
4 0.421875 0.478515625 0.205078125 0.109375
4 0.3974609375 0.5390625 0.2109375 0.03515625
4 0.423828125 0.3662109375 0.22265625 0.078125
1 0.1376953125 0.5673828125 0.0859375 0.068359375
1 0.1435546875 0.4912109375 0.09375 0.08203125
1 0.1484375 0.4150390625 0.103515625 0.07421875
1 0.689453125 0.4541015625 0.04296875 0.041015625
1 0.73828125 0.453125 0.04296875 0.03515625
1 0.7265625 0.4873046875 0.041015625 0.03125
1 0.685546875 0.4951171875 0.0390625 0.03515625
1 0.62109375 0.505859375 0.05859375 0.04296875
1 0.6376953125 0.455078125 0.048828125 0.04296875