4 0.576171875 0.4658203125 0.41796875 0.18359375
2 0.2421875 0.5068359375 0.15625 0.12109375
2 0.3017578125 0.412109375 0.1484375 0.08203125
2 0.4306640625 0.341796875 0.146484375 0.0546875
2 0.302734375 0.595703125 0.166015625 0.06640625
2 0.4189453125 0.642578125 0.146484375 0.0625
2 0.5380859375 0.7802734375 0.451171875 0.255859375
2 0.54296875 0.1923828125 0.44140625 0.19140625
2 0.3408203125 0.033203125 0.140625 0.06640625
2 0.443359375 0.0810546875 0.14453125 0.0703125
2 0.400390625 0.94921875 0.125 0.05859375