3 0.5576171875 0.720703125 0.357421875 0.5576171875
0 0.287109375 0.9375 0.0732421875 0.1064453125
0 0.3505859375 0.908203125 0.0712890625 0.09375
0 0.3447265625 0.822265625 0.0556640625 0.09765625
0 0.404296875 0.7890625 0.068359375 0.1005859375
0 0.396484375 0.70703125 0.0556640625 0.1064453125
0 0.453125 0.671875 0.0615234375 0.099609375
0 0.451171875 0.5908203125 0.044921875 0.0771484375
1 0.115234375 0.41015625 0.0341796875 0.0771484375
1 0.013671875 0.4169921875 0.02734375 0.068359375
1 0.0361328125 0.416015625 0.0302734375 0.0712890625
1 0.05859375 0.4130859375 0.0341796875 0.0703125
1 0.083984375 0.4150390625 0.0361328125 0.0791015625
1 0.134765625 0.4072265625 0.037109375 0.0673828125
1 0.162109375 0.4072265625 0.0322265625 0.0751953125
1 0.189453125 0.40625 0.033203125 0.0732421875
1 0.2236328125 0.3984375 0.0361328125 0.07421875
1 0.2509765625 0.400390625 0.0244140625 0.0771484375
1 0.3544921875 0.3876953125 0.03515625 0.078125
1 0.3896484375 0.3818359375 0.0322265625 0.0869140625
1 0.4267578125 0.3857421875 0.041015625 0.0869140625
1 0.466796875 0.3818359375 0.0478515625 0.0888671875
1 0.509765625 0.3779296875 0.0478515625 0.08984375
1 0.5556640625 0.3720703125 0.0478515625 0.080078125
1 0.6015625 0.3671875 0.0458984375 0.0849609375
1 0.6513671875 0.365234375 0.05859375 0.0888671875
1 0.7021484375 0.361328125 0.056640625 0.0947265625
1 0.7578125 0.357421875 0.060546875 0.111328125
1 0.814453125 0.3525390625 0.0634765625 0.103515625
1 0.8740234375 0.345703125 0.068359375 0.103515625
1 0.9443359375 0.3408203125 0.06640625 0.09765625
1 0.9873046875 0.3330078125 0.025390625 0.111328125
1 0.9794921875 0.0634765625 0.041015625 0.1259765625
1 0.90625 0.0732421875 0.0703125 0.12109375
1 0.83203125 0.0908203125 0.0791015625 0.123046875
1 0.7578125 0.1044921875 0.0712890625 0.12109375
1 0.6875 0.12109375 0.0625 0.11328125
1 0.626953125 0.1337890625 0.0673828125 0.1064453125
1 0.5615234375 0.1474609375 0.0712890625 0.103515625
1 0.5009765625 0.158203125 0.0546875 0.1162109375
1 0.4541015625 0.169921875 0.056640625 0.09375
1 0.3994140625 0.1748046875 0.05859375 0.09765625
1 0.353515625 0.1884765625 0.05078125 0.099609375