3 0.5185546875 0.5234375 0.8125 0.56640625
2 0.306640625 0.0361328125 0.140625 0.072265625
2 0.4169921875 0.06640625 0.150390625 0.1328125
2 0.4892578125 0.1240234375 0.16015625 0.19921875
2 0.6025390625 0.1240234375 0.171875 0.21875
2 0.7119140625 0.1474609375 0.12109375 0.166015625
2 0.7958984375 0.1689453125 0.09375 0.134765625
2 0.71875 0.0087890625 0.04296875 0.017578125
2 0.7666015625 0.0185546875 0.05859375 0.037109375
2 0.8203125 0.0341796875 0.07421875 0.04296875
2 0.8740234375 0.0634765625 0.0625 0.05859375
3 0.912109375 0.181640625 0.1484375 0.20703125