3 0.787109375 0.0576171875 0.015625 0.029296875
3 0.7763671875 0.0537109375 0.013671875 0.029296875
3 0.7666015625 0.0478515625 0.01171875 0.029296875
3 0.7744140625 0.1025390625 0.015625 0.03515625
3 0.7607421875 0.09375 0.015625 0.037109375
3 0.7470703125 0.0888671875 0.015625 0.0390625
3 0.7470703125 0.140625 0.025390625 0.04296875
3 0.7626953125 0.1533203125 0.021484375 0.046875
3 0.7294921875 0.1298828125 0.01953125 0.04296875
2 0.859375 0.3369140625 0.091796875 0.16015625
2 0.8369140625 0.2822265625 0.1015625 0.169921875
2 0.611328125 0.158203125 0.05859375 0.1953125
2 0.5634765625 0.185546875 0.05078125 0.203125
3 0.97265625 0.80078125 0.0546875 0.3984375
3 0.7841796875 0.6689453125 0.08984375 0.23046875
3 0.654296875 0.806640625 0.13671875 0.3125
3 0.515625 0.7548828125 0.0859375 0.23828125
3 0.330078125 0.6650390625 0.060546875 0.1875
3 0.296875 0.7568359375 0.07421875 0.189453125
3 0.1982421875 0.7099609375 0.05859375 0.19921875
3 0.0751953125 0.810546875 0.072265625 0.173828125
3 0.044921875 0.763671875 0.046875 0.1796875
2 0.388671875 0.4638671875 0.046875 0.109375
2 0.2470703125 0.53125 0.05078125 0.123046875
3 0.4248046875 0.4775390625 0.03125 0.111328125
3 0.626953125 0.509765625 0.10546875 0.2578125
2 0.99609375 0.380859375 0.0078125 0.046875
2 0.9833984375 0.4052734375 0.02734375 0.04296875
2 0.9697265625 0.4306640625 0.01953125 0.03515625
2 0.9541015625 0.4541015625 0.0234375 0.04296875
2 0.9365234375 0.482421875 0.0234375 0.0390625
2 0.9189453125 0.5107421875 0.01953125 0.0390625
2 0.8994140625 0.5390625 0.01953125 0.04296875
2 0.8818359375 0.5654296875 0.0234375 0.0390625
2 0.8662109375 0.5908203125 0.01953125 0.04296875
2 0.845703125 0.62109375 0.0234375 0.044921875
2 0.8251953125 0.6435546875 0.0234375 0.04296875
2 0.8193359375 0.34765625 0.02734375 0.03125
2 0.7939453125 0.29296875 0.015625 0.041015625
2 0.7802734375 0.314453125 0.021484375 0.03515625
2 0.7958984375 0.3740234375 0.015625 0.0390625
2 0.78125 0.400390625 0.021484375 0.04296875
2 0.7646484375 0.3330078125 0.01953125 0.033203125
2 0.7490234375 0.357421875 0.0234375 0.03515625
2 0.763671875 0.419921875 0.021484375 0.04296875
2 0.7294921875 0.3837890625 0.01953125 0.03515625
2 0.74609375 0.4453125 0.025390625 0.0390625
2 0.7099609375 0.4033203125 0.0234375 0.0390625
2 0.6953125 0.4326171875 0.0234375 0.033203125
2 0.6748046875 0.4541015625 0.021484375 0.037109375
2 0.728515625 0.4677734375 0.0234375 0.0390625
2 0.7109375 0.4970703125 0.0234375 0.04296875
2 0.6923828125 0.5234375 0.0234375 0.04296875
2 0.6748046875 0.5439453125 0.01953125 0.0390625
2 0.658203125 0.5693359375 0.01953125 0.0390625
2 0.6357421875 0.59765625 0.0234375 0.03515625
2 0.640625 0.44140625 0.021484375 0.03515625
2 0.640625 0.4033203125 0.0234375 0.03515625
2 0.638671875 0.375 0.0234375 0.037109375
2 0.6396484375 0.3359375 0.02734375 0.041015625
2 0.63671875 0.3076171875 0.021484375 0.03125
2 0.6376953125 0.2763671875 0.01953125 0.03515625
2 0.6396484375 0.2431640625 0.021484375 0.0390625
2 0.6376953125 0.20703125 0.021484375 0.0390625
2 0.5927734375 0.2392578125 0.0234375 0.03515625
2 0.5908203125 0.2705078125 0.01953125 0.0390625
2 0.5908203125 0.3046875 0.0234375 0.041015625
2 0.58984375 0.3369140625 0.01953125 0.0390625
2 0.5888671875 0.3701171875 0.01953125 0.033203125
2 0.5888671875 0.4033203125 0.01953125 0.0390625
2 0.5869140625 0.4375 0.0234375 0.04296875
2 0.587890625 0.4716796875 0.021484375 0.04296875
2 0.587890625 0.5126953125 0.0234375 0.0390625
2 0.587890625 0.548828125 0.01953125 0.037109375
2 0.5849609375 0.5869140625 0.0234375 0.03515625
2 0.548828125 0.2509765625 0.013671875 0.03125
2 0.5341796875 0.28515625 0.01953125 0.046875
2 0.515625 0.3203125 0.01953125 0.04296875
2 0.5 0.359375 0.015625 0.044921875
2 0.484375 0.392578125 0.015625 0.04296875
2 0.46484375 0.4296875 0.01953125 0.04296875
2 0.44921875 0.46484375 0.013671875 0.03515625
2 0.4287109375 0.501953125 0.01953125 0.0390625
2 0.412109375 0.5400390625 0.01171875 0.041015625
2 0.3955078125 0.5732421875 0.015625 0.033203125
2 0.3818359375 0.6083984375 0.01953125 0.04296875
2 0.3779296875 0.4755859375 0.013671875 0.041015625
2 0.3642578125 0.4970703125 0.013671875 0.05078125
2 0.3505859375 0.5205078125 0.013671875 0.05078125
2 0.3359375 0.5390625 0.015625 0.04296875
2 0.322265625 0.55859375 0.017578125 0.041015625
2 0.3056640625 0.5810546875 0.015625 0.046875
2 0.29296875 0.5986328125 0.01953125 0.046875
2 0.2763671875 0.623046875 0.01953125 0.044921875
2 0.2578125 0.6435546875 0.02734375 0.044921875
2 0.2451171875 0.6630859375 0.01953125 0.041015625