0 0.0185546875 0.2041015625 0.037109375 0.033203125
0 0.048828125 0.20703125 0.029296875 0.0341796875
0 0.083984375 0.2099609375 0.0439453125 0.0341796875
0 0.1181640625 0.2138671875 0.025390625 0.0361328125
0 0.15234375 0.21484375 0.0419921875 0.03125
0 0.185546875 0.220703125 0.025390625 0.033203125
0 0.220703125 0.2216796875 0.04296875 0.0302734375
0 0.2509765625 0.224609375 0.0244140625 0.0302734375
0 0.2861328125 0.228515625 0.0400390625 0.0283203125
0 0.318359375 0.2314453125 0.02734375 0.0302734375
0 0.349609375 0.2333984375 0.037109375 0.033203125
0 0.3818359375 0.2392578125 0.029296875 0.0341796875
0 0.412109375 0.240234375 0.0419921875 0.0341796875
0 0.443359375 0.244140625 0.03125 0.0322265625
0 0.4736328125 0.24609375 0.041015625 0.0341796875
0 0.5029296875 0.2490234375 0.0283203125 0.0341796875
0 0.5322265625 0.2529296875 0.041015625 0.0361328125
0 0.560546875 0.25390625 0.0302734375 0.033203125
0 0.58984375 0.2578125 0.041015625 0.0302734375
0 0.6181640625 0.259765625 0.0283203125 0.0341796875
0 0.646484375 0.2626953125 0.0400390625 0.033203125
0 0.67578125 0.2685546875 0.0244140625 0.033203125
0 0.697265625 0.2666015625 0.02734375 0.033203125
0 0.7578125 0.2734375 0.037109375 0.033203125
0 0.7841796875 0.2763671875 0.025390625 0.0341796875
0 0.810546875 0.2783203125 0.03515625 0.0302734375
0 0.8369140625 0.2822265625 0.0224609375 0.033203125
0 0.86328125 0.2822265625 0.03515625 0.0302734375
0 0.8896484375 0.2861328125 0.021484375 0.0302734375
0 0.916015625 0.2880859375 0.033203125 0.0302734375
0 0.9384765625 0.291015625 0.0244140625 0.033203125
0 0.96484375 0.2919921875 0.0322265625 0.0302734375
0 0.98828125 0.2939453125 0.0234375 0.033203125
3 0.9912109375 0.1376953125 0.0166015625 0.1142578125
3 0.9580078125 0.18359375 0.056640625 0.05078125
2 0.9384765625 0.1474609375 0.0224609375 0.0498046875
2 0.9140625 0.13671875 0.0244140625 0.0498046875
2 0.892578125 0.126953125 0.0185546875 0.048828125
2 0.8720703125 0.11328125 0.0224609375 0.0517578125
2 0.8505859375 0.103515625 0.01953125 0.048828125
2 0.830078125 0.0947265625 0.017578125 0.048828125
2 0.7880859375 0.0771484375 0.0185546875 0.0478515625
2 0.7685546875 0.0654296875 0.017578125 0.0458984375
2 0.748046875 0.0576171875 0.01953125 0.05078125
2 0.7275390625 0.0478515625 0.017578125 0.044921875
0 0.685546875 0.0693359375 0.017578125 0.025390625
0 0.6630859375 0.0654296875 0.03125 0.0283203125
0 0.6376953125 0.0625 0.0234375 0.02734375
0 0.6123046875 0.05859375 0.033203125 0.0263671875
0 0.5859375 0.0556640625 0.0234375 0.0283203125
0 0.5595703125 0.0517578125 0.0322265625 0.0263671875
0 0.5341796875 0.0478515625 0.0224609375 0.0283203125
0 0.5087890625 0.04296875 0.033203125 0.02734375
0 0.4814453125 0.04296875 0.0244140625 0.0283203125
0 0.4541015625 0.0390625 0.03515625 0.0302734375
0 0.4287109375 0.0341796875 0.0224609375 0.0283203125
0 0.400390625 0.03125 0.0361328125 0.0283203125
0 0.373046875 0.029296875 0.0283203125 0.03125
0 0.34375 0.0234375 0.0341796875 0.0302734375
0 0.3173828125 0.0205078125 0.02734375 0.0263671875
0 0.2900390625 0.0205078125 0.0400390625 0.03125
0 0.26171875 0.0166015625 0.02734375 0.0283203125
0 0.232421875 0.0126953125 0.0400390625 0.025390625
0 0.2021484375 0.009765625 0.029296875 0.0185546875
0 0.1708984375 0.0078125 0.041015625 0.0146484375
0 0.142578125 0.0078125 0.0234375 0.0146484375
0 0.11328125 0.0048828125 0.0361328125 0.009765625
0 0.0791015625 0.00390625 0.0283203125 0.0078125
4 0.9580078125 0.380859375 0.083984375 0.142578125
1 0.876953125 0.330078125 0.03515625 0.048828125
0 0.8935546875 0.3798828125 0.0185546875 0.0322265625
0 0.87890625 0.3671875 0.0224609375 0.013671875
0 0.8681640625 0.3818359375 0.013671875 0.037109375
0 0.8798828125 0.3994140625 0.0205078125 0.0322265625
0 0.892578125 0.423828125 0.01953125 0.03515625
0 0.8818359375 0.44921875 0.0185546875 0.033203125
0 0.8935546875 0.470703125 0.021484375 0.0390625
0 0.880859375 0.494140625 0.021484375 0.033203125
0 0.869140625 0.4716796875 0.01171875 0.0263671875
0 0.90234375 0.4970703125 0.0107421875 0.0224609375
0 0.89453125 0.5185546875 0.0185546875 0.03125
0 0.9033203125 0.5439453125 0.0107421875 0.01953125
0 0.896484375 0.5615234375 0.0146484375 0.0234375
0 0.9033203125 0.59375 0.013671875 0.02734375
0 0.8955078125 0.615234375 0.017578125 0.03515625
0 0.8828125 0.6005859375 0.0078125 0.0126953125
0 0.8876953125 0.634765625 0.0126953125 0.03125
0 0.896484375 0.6591796875 0.017578125 0.03515625
0 0.9033203125 0.63671875 0.0087890625 0.02734375
4 0.7802734375 0.3349609375 0.0517578125 0.09375
1 0.71875 0.3779296875 0.0234375 0.0361328125
1 0.7529296875 0.380859375 0.02734375 0.0380859375
1 0.7822265625 0.4296875 0.015625 0.0546875
0 0.740234375 0.5107421875 0.0205078125 0.0302734375
1 0.7236328125 0.5087890625 0.017578125 0.0302734375
1 0.7626953125 0.509765625 0.0224609375 0.0263671875
1 0.6953125 0.4169921875 0.0126953125 0.0703125
1 0.7392578125 0.4697265625 0.0400390625 0.029296875
4 0.5576171875 0.3671875 0.05859375 0.185546875
4 0.7509765625 0.7060546875 0.150390625 0.1572265625
0 0.65234375 0.7001953125 0.041015625 0.056640625
0 0.84375 0.7041015625 0.0390625 0.0537109375
1 0.8935546875 0.7392578125 0.0400390625 0.0634765625
1 0.595703125 0.732421875 0.04296875 0.0693359375
1 0.6611328125 0.7587890625 0.091796875 0.0419921875
1 0.6572265625 0.650390625 0.04296875 0.0546875
1 0.6708984375 0.611328125 0.0185546875 0.0244140625
1 0.70703125 0.619140625 0.0546875 0.029296875
1 0.791015625 0.6201171875 0.06640625 0.029296875
1 0.8359375 0.6484375 0.029296875 0.04296875
0 0.5126953125 0.353515625 0.01171875 0.0341796875
0 0.5361328125 0.3505859375 0.0185546875 0.033203125
0 0.521484375 0.3759765625 0.0205078125 0.0361328125
0 0.5224609375 0.4248046875 0.0185546875 0.041015625
0 0.5126953125 0.451171875 0.01171875 0.033203125
0 0.5234375 0.4736328125 0.021484375 0.0322265625
0 0.5478515625 0.478515625 0.015625 0.0380859375
0 0.53515625 0.5 0.0224609375 0.029296875
0 0.5126953125 0.5029296875 0.013671875 0.0322265625
0 0.5224609375 0.525390625 0.021484375 0.0341796875
0 0.5478515625 0.5263671875 0.013671875 0.033203125
0 0.5361328125 0.5498046875 0.01953125 0.033203125
0 0.5126953125 0.5517578125 0.0107421875 0.0322265625
0 0.5224609375 0.576171875 0.0224609375 0.03515625
0 0.5361328125 0.6005859375 0.01953125 0.0341796875
0 0.521484375 0.623046875 0.0244140625 0.0361328125
0 0.5341796875 0.650390625 0.0224609375 0.037109375
0 0.5498046875 0.6279296875 0.017578125 0.0390625
0 0.51171875 0.6513671875 0.0087890625 0.0390625
0 0.51953125 0.67578125 0.0166015625 0.0380859375
0 0.5458984375 0.6748046875 0.0146484375 0.02734375
0 0.5361328125 0.69921875 0.0166015625 0.0283203125
4 0.125 0.9609375 0.044921875 0.078125
4 0.3251953125 0.7294921875 0.0859375 0.3642578125
4 0.05859375 0.3388671875 0.0634765625 0.228515625
4 0.3134765625 0.3515625 0.0595703125 0.2060546875
4 0.34765625 0.4873046875 0.0654296875 0.1865234375
4 0.4052734375 0.56640625 0.0322265625 0.095703125
4 0.4248046875 0.5751953125 0.0126953125 0.0537109375
4 0.451171875 0.556640625 0.013671875 0.06640625
4 0.0859375 0.5703125 0.0361328125 0.109375
4 0.1484375 0.544921875 0.05078125 0.220703125
4 0.2099609375 0.4912109375 0.009765625 0.041015625
4 0.234375 0.4912109375 0.0146484375 0.0380859375
4 0.2216796875 0.568359375 0.0341796875 0.203125
4 0.189453125 0.5634765625 0.041015625 0.2666015625
0 0.2880859375 0.3583984375 0.021484375 0.0439453125
0 0.28515625 0.4072265625 0.01953125 0.0341796875
0 0.2841796875 0.462890625 0.015625 0.0380859375
0 0.298828125 0.4853515625 0.01953125 0.03515625
0 0.2841796875 0.5126953125 0.017578125 0.03515625
0 0.2978515625 0.541015625 0.01953125 0.037109375
0 0.2978515625 0.5908203125 0.025390625 0.03515625
0 0.283203125 0.6240234375 0.017578125 0.03125
0 0.2841796875 0.6796875 0.01953125 0.0390625
0 0.283203125 0.7265625 0.015625 0.03515625
0 0.2822265625 0.787109375 0.01953125 0.0380859375
0 0.03515625 0.3466796875 0.0234375 0.048828125
0 0.0322265625 0.3984375 0.01953125 0.0390625
0 0.0625 0.3984375 0.0224609375 0.041015625
0 0.064453125 0.455078125 0.01953125 0.04296875
0 0.0322265625 0.451171875 0.0205078125 0.03515625
0 0.048828125 0.482421875 0.0234375 0.0380859375
0 0.0322265625 0.5107421875 0.0224609375 0.037109375
0 0.064453125 0.5107421875 0.01953125 0.0400390625
0 0.0478515625 0.533203125 0.0224609375 0.041015625
0 0.0322265625 0.5615234375 0.021484375 0.033203125
0 0.0615234375 0.55859375 0.017578125 0.0390625
0 0.046875 0.587890625 0.0224609375 0.0400390625
0 0.0322265625 0.6162109375 0.0205078125 0.0380859375
0 0.060546875 0.6171875 0.021484375 0.0419921875
0 0.046875 0.642578125 0.02734375 0.037109375
0 0.0302734375 0.6708984375 0.017578125 0.03515625
0 0.0595703125 0.671875 0.0205078125 0.0341796875
0 0.0458984375 0.6953125 0.0283203125 0.041015625
0 0.029296875 0.7275390625 0.0234375 0.033203125
0 0.05859375 0.7265625 0.0234375 0.03515625
0 0.0439453125 0.75390625 0.025390625 0.04296875
0 0.0283203125 0.7802734375 0.0205078125 0.04296875
0 0.05859375 0.78125 0.021484375 0.041015625
1 0.4326171875 0.958984375 0.044921875 0.08203125
1 0.4697265625 0.962890625 0.0419921875 0.07421875
1 0.5185546875 0.962890625 0.052734375 0.07421875
1 0.5546875 0.962890625 0.021484375 0.07421875
1 0.8447265625 0.9365234375 0.025390625 0.044921875
1 0.8173828125 0.935546875 0.0283203125 0.046875
1 0.787109375 0.935546875 0.0302734375 0.046875
1 0.7587890625 0.939453125 0.02734375 0.046875
1 0.724609375 0.9384765625 0.0283203125 0.0439453125
1 0.6982421875 0.94140625 0.0283203125 0.046875
1 0.6611328125 0.943359375 0.0263671875 0.04296875
1 0.634765625 0.9453125 0.0302734375 0.0419921875
1 0.6005859375 0.9443359375 0.02734375 0.0498046875
1 0.5732421875 0.9423828125 0.0263671875 0.046875