0 0.58984375 0.0380859375 0.087890625 0.0673828125
0 0.474609375 0.04296875 0.080078125 0.06640625
0 0.53125 0.0986328125 0.1103515625 0.072265625
0 0.634765625 0.0986328125 0.0673828125 0.0771484375
0 0.431640625 0.1044921875 0.0810546875 0.0693359375
0 0.48828125 0.16015625 0.1005859375 0.0576171875
0 0.59375 0.16015625 0.0869140625 0.076171875
0 0.638671875 0.2197265625 0.0771484375 0.0634765625
0 0.533203125 0.2197265625 0.087890625 0.060546875
0 0.4228515625 0.22265625 0.0693359375 0.0595703125
0 0.3974609375 0.16015625 0.0400390625 0.0537109375
0 0.47265625 0.28125 0.0869140625 0.064453125
0 0.587890625 0.279296875 0.0810546875 0.078125
0 0.634765625 0.33984375 0.0576171875 0.0830078125
0 0.5302734375 0.341796875 0.08203125 0.072265625
0 0.4189453125 0.3349609375 0.064453125 0.0771484375
0 0.47265625 0.3974609375 0.0888671875 0.068359375
0 0.5263671875 0.45703125 0.0693359375 0.0712890625
0 0.5859375 0.396484375 0.076171875 0.0693359375
0 0.4130859375 0.466796875 0.05859375 0.0615234375
0 0.4619140625 0.5244140625 0.0859375 0.06640625
0 0.576171875 0.5234375 0.0908203125 0.0791015625
0 0.630859375 0.458984375 0.0556640625 0.076171875
0 0.521484375 0.5849609375 0.0908203125 0.06640625
0 0.4140625 0.587890625 0.064453125 0.060546875
0 0.4580078125 0.6494140625 0.1064453125 0.0771484375
0 0.6259765625 0.5859375 0.072265625 0.0625
0 0.578125 0.6474609375 0.076171875 0.0654296875
0 0.5205078125 0.7041015625 0.0927734375 0.068359375
0 0.458984375 0.76171875 0.0869140625 0.0673828125
0 0.3994140625 0.703125 0.0673828125 0.0576171875
0 0.3837890625 0.759765625 0.0498046875 0.0615234375
0 0.408203125 0.8271484375 0.0771484375 0.056640625
0 0.44921875 0.8916015625 0.078125 0.0576171875
0 0.4033203125 0.95703125 0.068359375 0.0654296875
0 0.375 0.890625 0.0439453125 0.0693359375
0 0.5068359375 0.947265625 0.1025390625 0.083984375
0 0.576171875 0.88671875 0.0751953125 0.076171875
0 0.6181640625 0.951171875 0.078125 0.078125
0 0.6201171875 0.8212890625 0.068359375 0.0771484375
0 0.6484375 0.8857421875 0.048828125 0.0634765625
0 0.5107421875 0.826171875 0.1005859375 0.072265625
0 0.5703125 0.76171875 0.09375 0.080078125
0 0.6181640625 0.705078125 0.0546875 0.068359375
0 0.64453125 0.765625 0.0576171875 0.0625
0 0.64453125 0.6455078125 0.048828125 0.076171875
0 0.6513671875 0.5244140625 0.0546875 0.0732421875
0 0.6494140625 0.3984375 0.044921875 0.0693359375
0 0.654296875 0.2705078125 0.044921875 0.0751953125
0 0.6591796875 0.1611328125 0.0478515625 0.0771484375
0 0.6640625 0.03125 0.04296875 0.0615234375
0 0.408203125 0.041015625 0.0595703125 0.076171875
0 0.400390625 0.283203125 0.046875 0.0703125
0 0.3916015625 0.39453125 0.044921875 0.076171875
0 0.392578125 0.5244140625 0.05078125 0.068359375
0 0.3818359375 0.6416015625 0.0478515625 0.0634765625