1 0.138671875 0.095703125 0.2158203125 0.181640625
1 0.3046875 0.0546875 0.2724609375 0.109375
1 0.38671875 0.162109375 0.1767578125 0.173828125
1 0.521484375 0.076171875 0.216796875 0.1484375
1 0.6533203125 0.205078125 0.1748046875 0.1748046875
1 0.5283203125 0.3095703125 0.240234375 0.1376953125
1 0.2802734375 0.240234375 0.2099609375 0.15234375
1 0.103515625 0.36328125 0.205078125 0.197265625
1 0.6513671875 0.044921875 0.142578125 0.08984375
1 0.8759765625 0.0703125 0.1318359375 0.1328125
1 0.7685546875 0.15234375 0.1962890625 0.14453125
1 0.93359375 0.1923828125 0.1298828125 0.0830078125
1 0.8583984375 0.2626953125 0.1513671875 0.15625
1 0.943359375 0.384765625 0.11328125 0.107421875
1 0.7626953125 0.3369140625 0.1796875 0.130859375
1 0.65625 0.4375 0.150390625 0.1533203125
1 0.8955078125 0.4619140625 0.138671875 0.154296875
1 0.7802734375 0.5693359375 0.1796875 0.1416015625
1 0.4365234375 0.3984375 0.1640625 0.1650390625
1 0.2705078125 0.505859375 0.220703125 0.154296875
1 0.13671875 0.595703125 0.1962890625 0.1875
1 0.2841796875 0.7451171875 0.2314453125 0.1640625
1 0.09765625 0.876953125 0.1953125 0.2041015625
1 0.427734375 0.8896484375 0.1630859375 0.185546875
1 0.564453125 0.7744140625 0.1845703125 0.1337890625
1 0.404296875 0.630859375 0.1611328125 0.1689453125
1 0.5390625 0.5283203125 0.2109375 0.140625
1 0.677734375 0.6533203125 0.1484375 0.1708984375
1 0.7822265625 0.7724609375 0.1435546875 0.1240234375
1 0.8720703125 0.6748046875 0.1435546875 0.1455078125
1 0.6591796875 0.8994140625 0.166015625 0.158203125
1 0.91015625 0.8935546875 0.1484375 0.1630859375
4 0.806640625 0.88671875 0.1357421875 0.15234375
4 0.2763671875 0.87109375 0.140625 0.1953125
4 0.5498046875 0.640625 0.1611328125 0.1513671875
4 0.77734375 0.4423828125 0.1328125 0.146484375
4 0.52734375 0.181640625 0.15234375 0.1533203125
4 0.275390625 0.36328125 0.16796875 0.169921875
4 0.759765625 0.048828125 0.107421875 0.0966796875