0 0.7158203125 0.201171875 0.3251953125 0.3515625
0 0.4775390625 0.4697265625 0.2529296875 0.4111328125
0 0.2421875 0.75 0.251953125 0.388671875
0 0.7919921875 0.4619140625 0.125 0.2080078125
0 0.666015625 0.6025390625 0.1201171875 0.185546875
0 0.5341796875 0.7333984375 0.11328125 0.1767578125
0 0.392578125 0.900390625 0.130859375 0.1982421875
0 0.9541015625 0.560546875 0.0908203125 0.1513671875
0 0.873046875 0.693359375 0.0595703125 0.140625
0 0.814453125 0.791015625 0.052734375 0.1162109375
0 0.755859375 0.90625 0.052734375 0.107421875
0 0.603515625 0.9072265625 0.14453125 0.1845703125