4 0.09375 0.9833984375 0.09375 0.033203125
4 0.1748046875 0.9697265625 0.09375 0.060546875
4 0.2548828125 0.966796875 0.08984375 0.06640625
4 0.32421875 0.9677734375 0.083984375 0.064453125
4 0.380859375 0.958984375 0.0625 0.08203125
4 0.4365234375 0.94140625 0.0625 0.1171875
4 0.482421875 0.9404296875 0.0390625 0.119140625
4 0.5185546875 0.93359375 0.052734375 0.1328125
4 0.5595703125 0.9326171875 0.03515625 0.1328125
4 0.5888671875 0.9248046875 0.03125 0.150390625
4 0.6201171875 0.923828125 0.041015625 0.15234375
4 0.646484375 0.923828125 0.03515625 0.15234375
4 0.669921875 0.9208984375 0.03125 0.158203125
4 0.255859375 0.591796875 0.03125 0.11328125
4 0.4990234375 0.6318359375 0.021484375 0.09765625
4 0.638671875 0.6748046875 0.015625 0.076171875
4 0.0068359375 0.2705078125 0.013671875 0.123046875
4 0.033203125 0.279296875 0.048828125 0.109375
4 0.3310546875 0.400390625 0.03125 0.06640625
4 0.2958984375 0.048828125 0.0546875 0.09765625
4 0.4033203125 0.08984375 0.06640625 0.1796875
4 0.4912109375 0.119140625 0.05078125 0.23828125
4 0.5546875 0.1806640625 0.064453125 0.203125
4 0.611328125 0.23046875 0.05078125 0.1796875
4 0.654296875 0.267578125 0.02734375 0.166015625
4 0.6943359375 0.3017578125 0.029296875 0.15234375
3 0.595703125 0.029296875 0.046875 0.05859375
3 0.7421875 0.15625 0.064453125 0.162109375