1 0.8291015625 0.73046875 0.296875 0.29296875
1 0.8857421875 0.2685546875 0.2265625 0.33984375
1 0.72265625 0.08984375 0.263671875 0.1796875
1 0.9599609375 0.533203125 0.078125 0.26171875
1 0.94921875 0.8984375 0.1015625 0.203125
1 0.5888671875 0.9091796875 0.265625 0.181640625
1 0.69140625 0.5224609375 0.27734375 0.4140625
1 0.4658203125 0.2294921875 0.345703125 0.37890625
1 0.4482421875 0.7958984375 0.2890625 0.328125
1 0.2119140625 0.5380859375 0.296875 0.4453125
1 0.23828125 0.0927734375 0.26171875 0.185546875
1 0.08984375 0.2705078125 0.1796875 0.3671875
1 0.25 0.91796875 0.24609375 0.1640625
1 0.0771484375 0.7880859375 0.15234375 0.32421875
4 0.4814453125 0.5341796875 0.2578125 0.26171875
4 0.818359375 0.9365234375 0.23046875 0.126953125
4 0.921875 0.0380859375 0.15625 0.076171875