4 0.5302734375 0.6201171875 0.19921875 0.45703125
2 0.4853515625 0.2548828125 0.1328125 0.171875
2 0.5888671875 0.3212890625 0.08984375 0.162109375
2 0.666015625 0.4609375 0.05859375 0.16015625
2 0.3876953125 0.322265625 0.07421875 0.181640625
2 0.3369140625 0.4482421875 0.068359375 0.16015625
2 0.1865234375 0.578125 0.279296875 0.4921875
2 0.828125 0.583984375 0.2109375 0.482421875
2 0.9833984375 0.36328125 0.03125 0.154296875
2 0.951171875 0.474609375 0.078125 0.15625
2 0.0166015625 0.42578125 0.033203125 0.13671875