2 0.6904296875 0.947265625 0.220703125 0.10546875
2 0.5517578125 0.880859375 0.2109375 0.134765625
2 0.349609375 0.8740234375 0.23828125 0.123046875
2 0.1630859375 0.82421875 0.240234375 0.1171875
2 0.0791015625 0.7470703125 0.158203125 0.125
2 0.73046875 0.0166015625 0.21875 0.03125
2 0.640625 0.080078125 0.208984375 0.1015625
2 0.5126953125 0.1357421875 0.20703125 0.1171875
2 0.3271484375 0.1552734375 0.2421875 0.11328125
2 0.146484375 0.21484375 0.244140625 0.1015625
2 0.0712890625 0.298828125 0.140625 0.09765625
2 0.02734375 0.4091796875 0.0546875 0.11328125
2 0.025390625 0.630859375 0.05078125 0.123046875
2 0.09765625 0.6259765625 0.0625 0.05859375
2 0.1748046875 0.7255859375 0.07421875 0.0390625
2 0.123046875 0.6728515625 0.060546875 0.05078125
2 0.224609375 0.7646484375 0.09375 0.03515625
2 0.298828125 0.8017578125 0.083984375 0.04296875
2 0.3779296875 0.8203125 0.08203125 0.03515625
2 0.4775390625 0.8251953125 0.099609375 0.03125
2 0.5537109375 0.818359375 0.0859375 0.037109375
2 0.658203125 0.7998046875 0.09375 0.046875
2 0.7353515625 0.810546875 0.06640625 0.046875
2 0.78515625 0.8583984375 0.0703125 0.05078125
2 0.810546875 0.90625 0.0546875 0.04296875
2 0.84765625 0.9580078125 0.056640625 0.041015625
2 0.9052734375 0.986328125 0.080078125 0.02734375
2 0.96484375 0.9951171875 0.0703125 0.009765625
2 0.671875 0.2275390625 0.080078125 0.037109375
2 0.7392578125 0.185546875 0.064453125 0.052734375
2 0.767578125 0.1416015625 0.078125 0.05078125
2 0.7734375 0.0830078125 0.06640625 0.064453125
2 0.8134765625 0.0380859375 0.08984375 0.05078125
2 0.8876953125 0.0107421875 0.09765625 0.021484375
2 0.9326171875 0.275390625 0.1328125 0.0625
2 0.953125 0.2265625 0.09375 0.052734375
2 0.9521484375 0.71484375 0.095703125 0.04296875
2 0.970703125 0.771484375 0.05859375 0.05078125
2 0.857421875 0.650390625 0.28515625 0.083984375
2 0.859375 0.3671875 0.28125 0.107421875