1 0.837890625 0.2890625 0.32421875 0.4921875
1 0.837890625 0.76171875 0.32421875 0.455078125
1 0.2158203125 0.255859375 0.431640625 0.51171875
1 0.2138671875 0.755859375 0.427734375 0.48828125
0 0.5625 0.0546875 0.20703125 0.109375
1 0.62890625 0.208984375 0.072265625 0.205078125
1 0.501953125 0.2109375 0.103515625 0.203125
1 0.55859375 0.2919921875 0.21484375 0.177734375
0 0.5576171875 0.51171875 0.201171875 0.287109375
1 0.55078125 0.69921875 0.208984375 0.18359375
1 0.609375 0.8173828125 0.087890625 0.26171875
1 0.4931640625 0.82421875 0.11328125 0.24609375
0 0.552734375 0.94921875 0.19921875 0.1015625