1 0.4248046875 0.8671875 0.228515625 0.2265625
1 0.2587890625 0.74609375 0.232421875 0.130859375
1 0.25390625 0.9482421875 0.306640625 0.103515625
1 0.09765625 0.8388671875 0.1953125 0.240234375
4 0.2666015625 0.84375 0.24609375 0.173828125
1 0.568359375 0.7568359375 0.21484375 0.1484375
1 0.5732421875 0.94921875 0.232421875 0.1015625
4 0.869140625 0.873046875 0.203125 0.146484375
1 0.8486328125 0.763671875 0.23046875 0.13671875
1 0.7099609375 0.8759765625 0.185546875 0.2109375
1 0.87890625 0.966796875 0.2421875 0.06640625
1 0.97265625 0.8828125 0.0546875 0.19140625
1 0.4052734375 0.580078125 0.33984375 0.197265625
2 0.1875 0.44921875 0.375 0.3984375
2 0.048828125 0.228515625 0.09765625 0.1953125
2 0.17578125 0.1181640625 0.3515625 0.236328125
2 0.3935546875 0.27734375 0.4453125 0.32421875
2 0.3759765625 0.05078125 0.17578125 0.1015625
2 0.609375 0.1318359375 0.400390625 0.263671875
2 0.9140625 0.607421875 0.171875 0.205078125
2 0.66796875 0.4541015625 0.4921875 0.34765625
2 0.8291015625 0.30859375 0.341796875 0.392578125
2 0.9404296875 0.1162109375 0.119140625 0.181640625
2 0.818359375 0.060546875 0.15234375 0.12109375