0 0.5595703125 0.216796875 0.04296875 0.0546875
0 0.505859375 0.2314453125 0.05078125 0.060546875
0 0.4541015625 0.2490234375 0.04296875 0.05859375
0 0.40234375 0.2802734375 0.041015625 0.05078125
0 0.3623046875 0.3203125 0.041015625 0.0546875
0 0.3251953125 0.3642578125 0.0390625 0.046875
0 0.296875 0.4130859375 0.037109375 0.052734375
0 0.2734375 0.4697265625 0.041015625 0.0546875
0 0.2646484375 0.5244140625 0.0390625 0.046875
0 0.26953125 0.5791015625 0.0390625 0.0546875
0 0.28125 0.6376953125 0.04296875 0.052734375
0 0.3037109375 0.6953125 0.0390625 0.0546875
0 0.3369140625 0.7333984375 0.03515625 0.05078125
0 0.380859375 0.7666015625 0.044921875 0.05078125
0 0.431640625 0.7900390625 0.044921875 0.052734375
0 0.4931640625 0.8056640625 0.048828125 0.05859375
0 0.5498046875 0.8017578125 0.0390625 0.064453125
0 0.6103515625 0.79296875 0.046875 0.0625
0 0.666015625 0.76953125 0.046875 0.0625
0 0.724609375 0.7353515625 0.05078125 0.072265625
0 0.771484375 0.6884765625 0.048828125 0.06640625
0 0.8056640625 0.63671875 0.04296875 0.0625
0 0.8330078125 0.5869140625 0.04296875 0.056640625
0 0.8515625 0.52734375 0.056640625 0.05859375
0 0.8525390625 0.4658203125 0.048828125 0.0703125
0 0.8427734375 0.4130859375 0.048828125 0.06640625
0 0.8251953125 0.3544921875 0.044921875 0.0546875
0 0.7958984375 0.3095703125 0.0390625 0.056640625
0 0.7587890625 0.2763671875 0.048828125 0.06640625
0 0.712890625 0.2431640625 0.046875 0.0625
0 0.6689453125 0.228515625 0.046875 0.0546875
0 0.6123046875 0.21875 0.04296875 0.05859375
0 0.9638671875 0.9306640625 0.06640625 0.06640625
0 0.890625 0.935546875 0.0625 0.0625
0 0.8173828125 0.939453125 0.056640625 0.0546875
0 0.7412109375 0.943359375 0.06640625 0.06640625
0 0.6689453125 0.9501953125 0.06640625 0.0703125
0 0.599609375 0.95703125 0.060546875 0.060546875
0 0.5263671875 0.9609375 0.05859375 0.0625
0 0.45703125 0.9609375 0.0625 0.0625
0 0.380859375 0.9677734375 0.05859375 0.0625
0 0.310546875 0.96875 0.0546875 0.05859375
0 0.2373046875 0.9697265625 0.056640625 0.056640625
0 0.1669921875 0.970703125 0.05859375 0.05859375
0 0.0947265625 0.974609375 0.056640625 0.05078125
0 0.0244140625 0.9765625 0.048828125 0.046875
1 0.56640625 0.3232421875 0.091796875 0.181640625
1 0.4326171875 0.3896484375 0.125 0.13671875
1 0.3779296875 0.513671875 0.169921875 0.09375
1 0.6943359375 0.3720703125 0.1328125 0.1484375
1 0.732421875 0.486328125 0.181640625 0.111328125
1 0.6767578125 0.6171875 0.1484375 0.14453125
1 0.5498046875 0.6787109375 0.0859375 0.173828125
1 0.4287109375 0.6318359375 0.146484375 0.1640625
1 0.3349609375 0.6005859375 0.04296875 0.087890625
1 0.3466796875 0.431640625 0.04296875 0.07421875
1 0.4814453125 0.2958984375 0.056640625 0.068359375
1 0.65625 0.2783203125 0.0703125 0.05859375
1 0.7841796875 0.39453125 0.0390625 0.08203125
1 0.783203125 0.57421875 0.052734375 0.0859375
1 0.646484375 0.71875 0.06640625 0.0625
1 0.451171875 0.7294921875 0.0625 0.060546875