4 0.556640625 0.513671875 0.7216796875 0.89453125
1 0.0859375 0.0791015625 0.109375 0.07421875
1 0.1513671875 0.0673828125 0.0625 0.0634765625
1 0.2275390625 0.0498046875 0.0908203125 0.0673828125
1 0.302734375 0.0302734375 0.0859375 0.0595703125
1 0.544921875 0.017578125 0.0859375 0.03515625
1 0.443359375 0.0234375 0.076171875 0.046875
1 0.373046875 0.0263671875 0.07421875 0.052734375
1 0.619140625 0.0244140625 0.087890625 0.048828125
1 0.7109375 0.0302734375 0.08984375 0.060546875
1 0.79296875 0.03515625 0.107421875 0.0625
1 0.8779296875 0.0419921875 0.0791015625 0.076171875
1 0.9580078125 0.0673828125 0.083984375 0.0712890625
1 0.0166015625 0.1015625 0.0322265625 0.0849609375
1 0.078125 0.806640625 0.15625 0.154296875
1 0.107421875 0.5986328125 0.21484375 0.263671875
1 0.2890625 0.7578125 0.1923828125 0.1923828125
1 0.7919921875 0.7392578125 0.1826171875 0.1923828125
1 0.927734375 0.6953125 0.14453125 0.30859375