3 0.37109375 0.80078125 0.07421875 0.140625
3 0.44140625 0.7919921875 0.08984375 0.140625
3 0.533203125 0.7890625 0.09375 0.14453125
3 0.8310546875 0.7919921875 0.1171875 0.125
3 0.8984375 0.791015625 0.078125 0.1328125
3 0.2685546875 0.84765625 0.07421875 0.13671875
3 0.8017578125 0.6240234375 0.0546875 0.07421875
3 0.7451171875 0.62109375 0.0546875 0.076171875
3 0.5224609375 0.6181640625 0.0546875 0.0703125
3 0.447265625 0.62109375 0.046875 0.07421875
3 0.390625 0.6279296875 0.05078125 0.07421875
3 0.3056640625 0.666015625 0.03125 0.06640625
1 0.63671875 0.6171875 0.142578125 0.078125
1 0.6767578125 0.8115234375 0.1796875 0.0859375
1 0.56640625 0.921875 0.05859375 0.03515625
1 0.64453125 0.921875 0.068359375 0.041015625
1 0.7578125 0.9208984375 0.05078125 0.04296875
1 0.4814453125 0.9228515625 0.0546875 0.037109375
1 0.6298828125 0.6875 0.0625 0.029296875
1 0.71875 0.6875 0.060546875 0.033203125
1 0.5517578125 0.685546875 0.06640625 0.03125
1 0.482421875 0.6904296875 0.056640625 0.03125
1 0.79296875 0.6943359375 0.0390625 0.0390625
3 0.7421875 0.458984375 0.05859375 0.0703125
3 0.6728515625 0.4462890625 0.044921875 0.078125
3 0.5361328125 0.44921875 0.046875 0.080078125
3 0.44921875 0.4501953125 0.05078125 0.076171875
3 0.38671875 0.458984375 0.05078125 0.080078125
3 0.3291015625 0.4873046875 0.041015625 0.0625
0 0.560546875 0.22265625 0.05859375 0.0625
0 0.5732421875 0.2998046875 0.05078125 0.0546875
0 0.5341796875 0.3349609375 0.0546875 0.052734375
0 0.5830078125 0.3720703125 0.060546875 0.05859375
0 0.5400390625 0.396484375 0.048828125 0.03125
0 0.4873046875 0.3779296875 0.060546875 0.0546875
0 0.447265625 0.3515625 0.04296875 0.052734375
0 0.482421875 0.3017578125 0.05859375 0.064453125
0 0.5283203125 0.2646484375 0.056640625 0.0625
0 0.4853515625 0.234375 0.056640625 0.05859375
0 0.4501953125 0.2724609375 0.03515625 0.05859375
0 0.599609375 0.26171875 0.05078125 0.048828125
0 0.6279296875 0.3076171875 0.0390625 0.0390625
0 0.6123046875 0.337890625 0.048828125 0.06640625
0 0.6318359375 0.3974609375 0.03125 0.0390625
0 0.650390625 0.3720703125 0.033203125 0.0390625
0 0.4423828125 0.404296875 0.041015625 0.029296875
1 0.494140625 0.14453125 0.03515625 0.03125
1 0.533203125 0.14453125 0.03515625 0.03515625
1 0.5703125 0.14453125 0.03125 0.03515625
1 0.5341796875 0.17578125 0.03515625 0.03515625
1 0.5712890625 0.1787109375 0.03125 0.03125
1 0.599609375 0.1806640625 0.025390625 0.03515625
1 0.4951171875 0.1787109375 0.03515625 0.03515625
1 0.4599609375 0.146484375 0.02734375 0.03515625
1 0.4599609375 0.18359375 0.02734375 0.0390625
1 0.5791015625 0.5126953125 0.05078125 0.04296875
1 0.6220703125 0.5146484375 0.041015625 0.04296875
1 0.6591796875 0.5166015625 0.04296875 0.03515625
1 0.4853515625 0.5166015625 0.04296875 0.03515625
1 0.3515625 0.544921875 0.02734375 0.0390625