1 0.6455078125 0.41796875 0.248046875 0.5185546875
1 0.4873046875 0.4443359375 0.0966796875 0.4736328125
1 0.3134765625 0.4296875 0.2607421875 0.4951171875
1 0.931640625 0.6474609375 0.13671875 0.482421875
0 0.1875 0.734375 0.078125 0.099609375
0 0.267578125 0.7333984375 0.0751953125 0.1142578125
0 0.3359375 0.724609375 0.072265625 0.109375
0 0.4140625 0.7294921875 0.0751953125 0.1103515625
0 0.5224609375 0.728515625 0.0810546875 0.1044921875
0 0.6015625 0.7255859375 0.076171875 0.1103515625
0 0.6708984375 0.7216796875 0.0703125 0.1064453125
0 0.744140625 0.724609375 0.0732421875 0.107421875
0 0.8232421875 0.7275390625 0.078125 0.1142578125