0 0.009765625 0.283203125 0.01953125 0.05078125
0 0.0302734375 0.3017578125 0.046875 0.04296875
0 0.048828125 0.3349609375 0.046875 0.0390625
0 0.0634765625 0.3720703125 0.05078125 0.0390625
0 0.064453125 0.416015625 0.046875 0.04296875
0 0.060546875 0.4580078125 0.046875 0.05078125
0 0.041015625 0.5107421875 0.044921875 0.04296875
0 0.0205078125 0.5576171875 0.041015625 0.041015625
0 0.0068359375 0.6064453125 0.013671875 0.044921875
1 0.0322265625 0.1796875 0.064453125 0.0625
1 0.0712890625 0.1943359375 0.06640625 0.060546875
1 0.109375 0.2138671875 0.060546875 0.05078125
1 0.1357421875 0.244140625 0.0703125 0.05078125
1 0.1533203125 0.28125 0.05859375 0.05859375
1 0.1640625 0.326171875 0.06640625 0.06640625
1 0.166015625 0.3720703125 0.064453125 0.056640625
1 0.158203125 0.421875 0.05859375 0.056640625
1 0.1416015625 0.470703125 0.05859375 0.041015625
1 0.125 0.5029296875 0.05078125 0.048828125
1 0.107421875 0.5380859375 0.05859375 0.05078125
1 0.083984375 0.578125 0.046875 0.03125
1 0.0654296875 0.6083984375 0.05078125 0.04296875
1 0.048828125 0.642578125 0.0546875 0.0390625
1 0.0234375 0.6728515625 0.046875 0.0546875
1 0.0166015625 0.4091796875 0.033203125 0.14453125