4 0.9189453125 0.419921875 0.162109375 0.10546875
4 0.908203125 0.5205078125 0.18359375 0.095703125
4 0.892578125 0.5947265625 0.21484375 0.068359375
4 0.8818359375 0.6572265625 0.236328125 0.064453125
4 0.8740234375 0.7080078125 0.25 0.076171875
4 0.8427734375 0.7685546875 0.25 0.0546875
4 0.81640625 0.8154296875 0.2421875 0.046875
4 0.7900390625 0.8583984375 0.22265625 0.04296875
4 0.7744140625 0.896484375 0.197265625 0.03125
4 0.76171875 0.931640625 0.193359375 0.0390625
4 0.7255859375 0.974609375 0.150390625 0.05078125
4 0.9462890625 0.30078125 0.107421875 0.1328125
1 0.2666015625 0.1416015625 0.4765625 0.09765625
1 0.2783203125 0.2744140625 0.435546875 0.08203125
1 0.2890625 0.39453125 0.3984375 0.0546875
1 0.296875 0.486328125 0.365234375 0.0546875
1 0.2978515625 0.5693359375 0.337890625 0.03515625
1 0.30078125 0.6396484375 0.310546875 0.03515625
1 0.3154296875 0.7001953125 0.296875 0.03125