1 0.84765625 0.787109375 0.3046875 0.318359375
1 0.8974609375 0.2861328125 0.203125 0.369140625
1 0.7421875 0.0947265625 0.28515625 0.1875
1 0.978515625 0.5732421875 0.04296875 0.283203125
1 0.966796875 0.9296875 0.06640625 0.140625
1 0.59765625 0.9404296875 0.2890625 0.119140625
1 0.7080078125 0.5615234375 0.30078125 0.451171875
1 0.4638671875 0.244140625 0.375 0.41015625
1 0.4443359375 0.83984375 0.31640625 0.3203125
1 0.1884765625 0.578125 0.322265625 0.484375
1 0.216796875 0.09765625 0.28515625 0.1953125
1 0.076171875 0.2880859375 0.15234375 0.3984375
1 0.228515625 0.9501953125 0.265625 0.099609375
1 0.0625 0.8369140625 0.125 0.326171875
4 0.4794921875 0.57421875 0.279296875 0.28515625
4 0.845703125 0.970703125 0.25 0.05859375
4 0.9365234375 0.0390625 0.126953125 0.078125