1 0.232421875 0.4951171875 0.080078125 0.1484375
1 0.25 0.7294921875 0.05859375 0.162109375
1 0.2939453125 0.83203125 0.04296875 0.103515625
1 0.3759765625 0.90234375 0.0390625 0.10546875
1 0.4267578125 0.890625 0.0625 0.13671875
1 0.3291015625 0.9033203125 0.052734375 0.162109375
1 0.451171875 0.7958984375 0.0390625 0.07421875
1 0.486328125 0.7060546875 0.0625 0.12109375
1 0.4599609375 0.435546875 0.068359375 0.12890625
1 0.421875 0.359375 0.04296875 0.0703125
1 0.376953125 0.291015625 0.05859375 0.171875
1 0.3359375 0.2822265625 0.0390625 0.1328125
1 0.2880859375 0.2939453125 0.0703125 0.146484375
1 0.259765625 0.3818359375 0.046875 0.09375
1 0.2431640625 0.61328125 0.056640625 0.091796875