4 0.4814453125 0.60546875 0.4326171875 0.5087890625
1 0.0302734375 0.42578125 0.0576171875 0.0546875
1 0.078125 0.416015625 0.05859375 0.0478515625
1 0.134765625 0.404296875 0.0615234375 0.0517578125
1 0.1865234375 0.3896484375 0.0771484375 0.052734375
1 0.2294921875 0.3759765625 0.0615234375 0.0517578125
1 0.2841796875 0.3662109375 0.05859375 0.048828125
1 0.3369140625 0.3515625 0.0703125 0.0478515625
1 0.388671875 0.33984375 0.0654296875 0.0498046875
1 0.443359375 0.3291015625 0.0712890625 0.05078125
1 0.498046875 0.31640625 0.0703125 0.05078125
1 0.5556640625 0.302734375 0.064453125 0.0478515625
1 0.611328125 0.2890625 0.05859375 0.052734375
1 0.6640625 0.2783203125 0.0595703125 0.0517578125
1 0.7255859375 0.2626953125 0.076171875 0.046875
1 0.787109375 0.2470703125 0.0791015625 0.0576171875
1 0.841796875 0.2353515625 0.0732421875 0.0546875
1 0.90234375 0.2216796875 0.0634765625 0.0478515625
1 0.94140625 0.189453125 0.001953125 0.009765625
1 0.9677734375 0.208984375 0.064453125 0.052734375
4 0.650390625 0.185546875 0.13671875 0.111328125
4 0.4072265625 0.2392578125 0.13671875 0.087890625
4 0.521484375 0.111328125 0.1484375 0.095703125