3 0.05078125 0.4189453125 0.06640625 0.05859375
4 0.265625 0.4931640625 0.0537109375 0.1015625
4 0.4404296875 0.484375 0.0966796875 0.1171875
4 0.884765625 0.4931640625 0.1064453125 0.1181640625
3 0.9150390625 0.36328125 0.0546875 0.0751953125
3 0.8740234375 0.3212890625 0.0732421875 0.1044921875
3 0.814453125 0.1865234375 0.052734375 0.0771484375
3 0.537109375 0.1845703125 0.044921875 0.0625
3 0.466796875 0.294921875 0.0537109375 0.048828125
3 0.4580078125 0.32421875 0.0654296875 0.0830078125
3 0.404296875 0.353515625 0.0693359375 0.0712890625
2 0.4443359375 0.0791015625 0.0986328125 0.1005859375
2 0.5224609375 0.0439453125 0.140625 0.087890625
2 0.8515625 0.04296875 0.119140625 0.0859375
2 0.9228515625 0.080078125 0.1103515625 0.1064453125