2 0.51953125 0.138671875 0.1484375 0.2412109375
2 0.013671875 0.6181640625 0.02734375 0.037109375
2 0.029296875 0.5869140625 0.0556640625 0.046875
2 0.0595703125 0.5615234375 0.052734375 0.0458984375
2 0.091796875 0.5380859375 0.0537109375 0.044921875
2 0.1259765625 0.5107421875 0.060546875 0.0478515625
2 0.1513671875 0.48828125 0.048828125 0.04296875
2 0.1796875 0.4619140625 0.0517578125 0.0458984375
2 0.2119140625 0.4404296875 0.05078125 0.0458984375
2 0.23828125 0.4169921875 0.0517578125 0.044921875
2 0.265625 0.3935546875 0.0478515625 0.0419921875
2 0.294921875 0.37109375 0.0458984375 0.046875
2 0.3203125 0.3486328125 0.0546875 0.04296875
2 0.34375 0.3251953125 0.0498046875 0.0439453125
2 0.376953125 0.3056640625 0.05078125 0.04296875
2 0.3984375 0.283203125 0.046875 0.0439453125
2 0.4228515625 0.2607421875 0.0439453125 0.0390625
2 0.447265625 0.236328125 0.0498046875 0.0380859375
2 0.470703125 0.216796875 0.044921875 0.041015625
2 0.5869140625 0.2138671875 0.046875 0.046875
2 0.607421875 0.236328125 0.046875 0.044921875
2 0.6318359375 0.255859375 0.044921875 0.04296875
2 0.65625 0.275390625 0.060546875 0.0478515625
2 0.681640625 0.3017578125 0.0439453125 0.0419921875
2 0.7060546875 0.32421875 0.044921875 0.044921875
2 0.734375 0.34765625 0.0498046875 0.0439453125
2 0.7578125 0.3720703125 0.0537109375 0.046875
2 0.783203125 0.392578125 0.048828125 0.0498046875
2 0.810546875 0.4228515625 0.0546875 0.04296875
2 0.8369140625 0.4482421875 0.0419921875 0.05078125
2 0.8681640625 0.4697265625 0.0537109375 0.0478515625
2 0.892578125 0.4951171875 0.05078125 0.0517578125
2 0.919921875 0.5185546875 0.0556640625 0.044921875
2 0.94921875 0.544921875 0.0478515625 0.041015625
2 0.9833984375 0.5732421875 0.033203125 0.05078125
1 0.974609375 0.6376953125 0.0498046875 0.0322265625
1 0.9658203125 0.6240234375 0.0625 0.033203125
1 0.953125 0.609375 0.0634765625 0.0283203125
1 0.9365234375 0.595703125 0.0634765625 0.029296875
1 0.921875 0.58203125 0.056640625 0.03125
1 0.9072265625 0.5703125 0.0556640625 0.029296875
1 0.890625 0.5576171875 0.0576171875 0.0302734375
1 0.8740234375 0.54296875 0.0556640625 0.03515625
1 0.8623046875 0.5322265625 0.0595703125 0.0322265625
1 0.8447265625 0.517578125 0.0556640625 0.033203125
1 0.8330078125 0.5048828125 0.0595703125 0.0302734375
1 0.8193359375 0.4912109375 0.060546875 0.0283203125
1 0.8056640625 0.4814453125 0.0576171875 0.0302734375
1 0.7919921875 0.46875 0.0673828125 0.029296875
1 0.7744140625 0.4541015625 0.0634765625 0.0302734375
1 0.7646484375 0.4423828125 0.0673828125 0.029296875
1 0.7451171875 0.427734375 0.05859375 0.0302734375
1 0.736328125 0.416015625 0.0625 0.0283203125
1 0.7275390625 0.40625 0.064453125 0.0302734375
1 0.7080078125 0.3916015625 0.0673828125 0.033203125
1 0.697265625 0.380859375 0.0595703125 0.0263671875
1 0.68359375 0.369140625 0.060546875 0.029296875
1 0.673828125 0.357421875 0.0625 0.029296875
1 0.6640625 0.34765625 0.06640625 0.0302734375
1 0.6513671875 0.3310546875 0.068359375 0.0263671875
1 0.63671875 0.3212890625 0.0615234375 0.03125
1 0.6240234375 0.3076171875 0.0673828125 0.02734375
1 0.6123046875 0.2998046875 0.060546875 0.025390625
1 0.599609375 0.287109375 0.056640625 0.025390625
1 0.5869140625 0.2763671875 0.064453125 0.0224609375
1 0.57421875 0.265625 0.0615234375 0.0244140625
1 0.5634765625 0.255859375 0.052734375 0.0234375
1 0.4970703125 0.248046875 0.0517578125 0.03125
1 0.4853515625 0.259765625 0.0546875 0.0244140625
1 0.478515625 0.2685546875 0.0615234375 0.021484375
1 0.462890625 0.27734375 0.0673828125 0.029296875
1 0.44921875 0.2900390625 0.0595703125 0.0234375
1 0.4423828125 0.2998046875 0.0693359375 0.0244140625
1 0.4296875 0.3134765625 0.0693359375 0.0205078125
1 0.416015625 0.3232421875 0.0654296875 0.021484375
1 0.4013671875 0.3359375 0.068359375 0.0224609375
1 0.3876953125 0.3447265625 0.06640625 0.02734375
1 0.37890625 0.3583984375 0.0615234375 0.021484375
1 0.36328125 0.3701171875 0.060546875 0.025390625
1 0.3515625 0.3798828125 0.0615234375 0.0244140625
1 0.3359375 0.3916015625 0.0615234375 0.025390625
1 0.318359375 0.4033203125 0.072265625 0.0205078125
1 0.3046875 0.4150390625 0.0615234375 0.0224609375
1 0.2939453125 0.4287109375 0.0537109375 0.025390625
1 0.2841796875 0.4384765625 0.0693359375 0.0244140625
1 0.2705078125 0.453125 0.0712890625 0.0283203125
1 0.2421875 0.474609375 0.076171875 0.021484375
1 0.2255859375 0.4873046875 0.0712890625 0.0244140625
1 0.2119140625 0.5009765625 0.060546875 0.021484375
1 0.2001953125 0.515625 0.0654296875 0.021484375
1 0.18359375 0.5224609375 0.056640625 0.0244140625
1 0.1708984375 0.537109375 0.06640625 0.025390625
1 0.1533203125 0.5498046875 0.0673828125 0.0263671875
1 0.142578125 0.5634765625 0.06640625 0.0224609375
1 0.1220703125 0.57421875 0.064453125 0.0234375
1 0.107421875 0.587890625 0.072265625 0.02734375
1 0.09375 0.6005859375 0.0751953125 0.0263671875
1 0.0791015625 0.6142578125 0.068359375 0.0234375
1 0.060546875 0.6279296875 0.064453125 0.0263671875
1 0.0439453125 0.642578125 0.06640625 0.0302734375
1 0.0302734375 0.6552734375 0.05859375 0.0283203125
1 0.0224609375 0.673828125 0.0439453125 0.033203125
1 0.0166015625 0.818359375 0.033203125 0.04296875
1 0.037109375 0.7861328125 0.0498046875 0.03515625
1 0.0654296875 0.759765625 0.0517578125 0.0400390625
1 0.09375 0.736328125 0.056640625 0.037109375
1 0.123046875 0.712890625 0.064453125 0.0361328125
1 0.15234375 0.6884765625 0.056640625 0.041015625
1 0.1826171875 0.6611328125 0.0615234375 0.041015625
1 0.208984375 0.6396484375 0.052734375 0.0439453125
1 0.240234375 0.615234375 0.0458984375 0.0439453125
1 0.2587890625 0.595703125 0.0556640625 0.0361328125
1 0.2919921875 0.572265625 0.0625 0.0380859375
1 0.30859375 0.5478515625 0.0419921875 0.0419921875
1 0.3427734375 0.52734375 0.0556640625 0.0380859375
1 0.37109375 0.5078125 0.0595703125 0.0400390625
1 0.3916015625 0.484375 0.05078125 0.03515625
1 0.41015625 0.458984375 0.0576171875 0.03125
1 0.4365234375 0.4404296875 0.0517578125 0.0361328125
1 0.45703125 0.4189453125 0.0517578125 0.041015625
1 0.482421875 0.404296875 0.052734375 0.03515625
1 0.5029296875 0.3837890625 0.0517578125 0.03515625
1 0.5380859375 0.359375 0.05859375 0.044921875
1 0.5615234375 0.384765625 0.0390625 0.0283203125
1 0.583984375 0.3994140625 0.0419921875 0.0302734375
1 0.6064453125 0.423828125 0.044921875 0.033203125
1 0.6240234375 0.443359375 0.0478515625 0.0341796875
1 0.646484375 0.4619140625 0.048828125 0.03515625
1 0.6708984375 0.484375 0.0458984375 0.029296875
1 0.6953125 0.5068359375 0.046875 0.033203125
1 0.7138671875 0.5263671875 0.0546875 0.033203125
1 0.7392578125 0.5546875 0.060546875 0.03515625
1 0.765625 0.57421875 0.0517578125 0.0361328125
1 0.7900390625 0.5966796875 0.0546875 0.0380859375
1 0.8154296875 0.62109375 0.0537109375 0.037109375
1 0.84375 0.64453125 0.0537109375 0.03515625
1 0.8681640625 0.6669921875 0.0595703125 0.033203125
1 0.89453125 0.6904296875 0.0625 0.037109375
1 0.9130859375 0.7158203125 0.0654296875 0.0322265625
1 0.9443359375 0.7392578125 0.0595703125 0.037109375
1 0.974609375 0.7685546875 0.05078125 0.03515625
1 0.96484375 0.841796875 0.0615234375 0.029296875
1 0.7919921875 0.8369140625 0.05859375 0.03515625
1 0.9072265625 0.7783203125 0.0615234375 0.03125
0 0.8349609375 0.7314453125 0.0869140625 0.0556640625
1 0.7978515625 0.7861328125 0.0791015625 0.0302734375
1 0.7109375 0.8251953125 0.0810546875 0.0322265625
1 0.671875 0.7939453125 0.0458984375 0.033203125
1 0.6142578125 0.8056640625 0.0576171875 0.0283203125
1 0.5537109375 0.8154296875 0.0625 0.0556640625
1 0.7548828125 0.705078125 0.056640625 0.052734375
1 0.806640625 0.681640625 0.04296875 0.0390625
1 0.693359375 0.697265625 0.056640625 0.0283203125
1 0.603515625 0.689453125 0.0654296875 0.0283203125
0 0.654296875 0.6181640625 0.0478515625 0.033203125
1 0.7119140625 0.650390625 0.056640625 0.029296875
1 0.5625 0.4560546875 0.029296875 0.0322265625
1 0.5087890625 0.4560546875 0.033203125 0.02734375
1 0.60546875 0.482421875 0.0439453125 0.0419921875
1 0.642578125 0.5751953125 0.0478515625 0.03125
1 0.6826171875 0.5546875 0.0458984375 0.03125
1 0.7080078125 0.58984375 0.052734375 0.046875
1 0.7626953125 0.619140625 0.0400390625 0.046875
1 0.466796875 0.482421875 0.0439453125 0.046875
0 0.435546875 0.509765625 0.0634765625 0.037109375
1 0.3798828125 0.5478515625 0.04296875 0.0380859375
1 0.4091796875 0.576171875 0.0537109375 0.03515625
1 0.3447265625 0.5869140625 0.0703125 0.0498046875
1 0.28515625 0.62109375 0.0625 0.0419921875
1 0.2314453125 0.68359375 0.044921875 0.05078125
1 0.326171875 0.6533203125 0.0654296875 0.033203125
1 0.2958984375 0.6953125 0.048828125 0.0576171875
1 0.3564453125 0.697265625 0.0576171875 0.0302734375
1 0.4462890625 0.681640625 0.06640625 0.02734375
1 0.369140625 0.791015625 0.0439453125 0.044921875
1 0.42578125 0.7998046875 0.072265625 0.0361328125
1 0.3359375 0.8232421875 0.0908203125 0.0478515625
1 0.236328125 0.8271484375 0.0732421875 0.0390625
1 0.2509765625 0.7744140625 0.0830078125 0.037109375
0 0.2119140625 0.728515625 0.0908203125 0.0546875
1 0.134765625 0.7783203125 0.0810546875 0.041015625
1 0.0576171875 0.8310546875 0.080078125 0.0419921875
1 0.0185546875 0.8701171875 0.037109375 0.029296875
1 0.0625 0.8701171875 0.05078125 0.03125
1 0.11328125 0.8720703125 0.056640625 0.033203125
1 0.171875 0.8701171875 0.0595703125 0.025390625
1 0.2255859375 0.87109375 0.05078125 0.0283203125
1 0.2734375 0.869140625 0.046875 0.0283203125
1 0.3251953125 0.87109375 0.056640625 0.0302734375
1 0.3759765625 0.8720703125 0.0517578125 0.0302734375
1 0.4267578125 0.8720703125 0.0517578125 0.03125
1 0.484375 0.8701171875 0.05078125 0.0283203125
1 0.5341796875 0.873046875 0.0556640625 0.033203125
1 0.587890625 0.875 0.0478515625 0.0283203125
1 0.642578125 0.873046875 0.0556640625 0.03515625
1 0.6953125 0.875 0.0537109375 0.0390625
1 0.7431640625 0.876953125 0.0556640625 0.03125
1 0.802734375 0.8779296875 0.0595703125 0.0302734375
1 0.8525390625 0.8759765625 0.0498046875 0.0322265625
1 0.9033203125 0.8779296875 0.0517578125 0.03125
1 0.955078125 0.876953125 0.0517578125 0.033203125
0 0.9638671875 0.9365234375 0.0439453125 0.0185546875
0 0.927734375 0.9375 0.0380859375 0.0224609375
0 0.890625 0.9384765625 0.037109375 0.0205078125
0 0.8525390625 0.935546875 0.0419921875 0.0185546875
0 0.814453125 0.9375 0.041015625 0.017578125
0 0.7763671875 0.935546875 0.03515625 0.0185546875
0 0.7373046875 0.935546875 0.037109375 0.0205078125
0 0.7021484375 0.93359375 0.033203125 0.0205078125
0 0.6630859375 0.9345703125 0.0400390625 0.017578125
0 0.623046875 0.931640625 0.0341796875 0.021484375
0 0.5859375 0.9306640625 0.04296875 0.0205078125
0 0.546875 0.931640625 0.0458984375 0.0185546875
0 0.513671875 0.9306640625 0.0380859375 0.021484375
0 0.4736328125 0.9306640625 0.044921875 0.021484375
0 0.431640625 0.931640625 0.0341796875 0.0205078125
0 0.400390625 0.931640625 0.0361328125 0.0205078125
0 0.3623046875 0.9306640625 0.0380859375 0.0146484375
0 0.3212890625 0.9306640625 0.0380859375 0.021484375
0 0.2861328125 0.927734375 0.0390625 0.0166015625
0 0.2451171875 0.9287109375 0.041015625 0.0205078125
0 0.2060546875 0.9287109375 0.041015625 0.01953125
0 0.1708984375 0.9287109375 0.0361328125 0.01953125
0 0.1328125 0.9287109375 0.044921875 0.021484375
0 0.095703125 0.9287109375 0.0380859375 0.0185546875
0 0.0595703125 0.9267578125 0.0390625 0.01953125
0 0.0185546875 0.927734375 0.03125 0.0185546875
0 0.025390625 0.9619140625 0.0458984375 0.04296875
0 0.056640625 0.958984375 0.0478515625 0.0400390625
0 0.0859375 0.958984375 0.0478515625 0.041015625
0 0.1171875 0.958984375 0.0458984375 0.0439453125
0 0.1494140625 0.9599609375 0.044921875 0.046875
0 0.17578125 0.958984375 0.0439453125 0.0419921875
0 0.208984375 0.9619140625 0.0478515625 0.046875
0 0.2431640625 0.9609375 0.0478515625 0.044921875
0 0.2783203125 0.962890625 0.0458984375 0.0380859375
0 0.3076171875 0.962890625 0.041015625 0.0419921875
0 0.341796875 0.96484375 0.0517578125 0.046875
0 0.373046875 0.9638671875 0.0380859375 0.0419921875
0 0.40234375 0.9658203125 0.05078125 0.0419921875
0 0.4375 0.966796875 0.052734375 0.0419921875
0 0.4677734375 0.966796875 0.0478515625 0.0419921875
0 0.5 0.96875 0.048828125 0.044921875
0 0.5302734375 0.96875 0.0517578125 0.041015625
0 0.5634765625 0.9697265625 0.046875 0.04296875
0 0.5947265625 0.9697265625 0.048828125 0.044921875
0 0.626953125 0.96875 0.05078125 0.0419921875
0 0.6591796875 0.96875 0.0458984375 0.041015625
0 0.69140625 0.9697265625 0.0498046875 0.0380859375
0 0.7265625 0.9677734375 0.048828125 0.044921875
0 0.7529296875 0.9677734375 0.0556640625 0.044921875
0 0.787109375 0.9697265625 0.0498046875 0.04296875
0 0.81640625 0.97265625 0.05078125 0.044921875
0 0.8544921875 0.9716796875 0.0517578125 0.05078125
0 0.8857421875 0.9697265625 0.0498046875 0.044921875
0 0.9140625 0.9697265625 0.0478515625 0.046875
0 0.9462890625 0.97265625 0.05078125 0.04296875
0 0.9755859375 0.97265625 0.0478515625 0.0498046875