4 0.498046875 0.5205078125 0.4453125 0.32421875
0 0.75 0.2265625 0.064453125 0.1494140625
0 0.8798828125 0.2412109375 0.083984375 0.1396484375
1 0.8115234375 0.18359375 0.0947265625 0.0791015625
1 0.80078125 0.271484375 0.08984375 0.064453125
1 0.9521484375 0.2021484375 0.091796875 0.08203125
1 0.94140625 0.2978515625 0.0986328125 0.0673828125
1 0.2099609375 0.55078125 0.13671875 0.1083984375
1 0.23046875 0.470703125 0.138671875 0.083984375
1 0.267578125 0.3857421875 0.1201171875 0.1142578125
1 0.3154296875 0.32421875 0.095703125 0.150390625
1 0.373046875 0.2529296875 0.0947265625 0.1083984375
1 0.466796875 0.20703125 0.1416015625 0.1162109375
1 0.5859375 0.2861328125 0.0654296875 0.1181640625
1 0.6865234375 0.4072265625 0.07421875 0.1162109375
1 0.7529296875 0.4541015625 0.0634765625 0.1298828125
1 0.7119140625 0.55078125 0.0712890625 0.0791015625
1 0.6845703125 0.6298828125 0.0830078125 0.1171875
1 0.6416015625 0.740234375 0.0869140625 0.1279296875
1 0.548828125 0.83203125 0.11328125 0.12109375
1 0.4619140625 0.8349609375 0.08984375 0.1162109375
1 0.3984375 0.8232421875 0.0859375 0.107421875
1 0.3291015625 0.794921875 0.0986328125 0.107421875
1 0.2744140625 0.74609375 0.1064453125 0.0986328125
1 0.220703125 0.6845703125 0.0947265625 0.0966796875