3 0.794921875 0.677734375 0.23828125 0.35546875
3 0.2314453125 0.609375 0.12109375 0.185546875
2 0.626953125 0.251953125 0.15625 0.193359375
1 0.7099609375 0.7939453125 0.052734375 0.0703125
1 0.6875 0.791015625 0.041015625 0.076171875
1 0.65625 0.79296875 0.0390625 0.076171875
1 0.623046875 0.7939453125 0.03515625 0.0703125
1 0.595703125 0.796875 0.0390625 0.06640625
1 0.5693359375 0.796875 0.04296875 0.068359375
1 0.54296875 0.7998046875 0.0390625 0.06640625
1 0.513671875 0.8017578125 0.0390625 0.068359375
1 0.490234375 0.80078125 0.03125 0.064453125
1 0.4677734375 0.798828125 0.033203125 0.06640625
1 0.4453125 0.80078125 0.02734375 0.068359375
1 0.42578125 0.8017578125 0.029296875 0.064453125
1 0.404296875 0.7998046875 0.029296875 0.064453125
1 0.3828125 0.8017578125 0.02734375 0.0625
1 0.365234375 0.8017578125 0.0234375 0.060546875
1 0.3505859375 0.80078125 0.0234375 0.05859375
1 0.3310546875 0.8017578125 0.0234375 0.0625
1 0.31640625 0.8017578125 0.0234375 0.05859375
1 0.2998046875 0.80078125 0.0234375 0.05859375
1 0.2841796875 0.80078125 0.0234375 0.05859375
1 0.267578125 0.802734375 0.017578125 0.05859375
1 0.2509765625 0.8037109375 0.015625 0.056640625
1 0.2373046875 0.802734375 0.015625 0.052734375
1 0.224609375 0.8046875 0.01953125 0.052734375
1 0.2109375 0.8037109375 0.01953125 0.0546875
1 0.1962890625 0.8037109375 0.017578125 0.0546875
1 0.18359375 0.8017578125 0.01953125 0.05078125
1 0.296875 0.640625 0.025390625 0.0546875
1 0.3115234375 0.619140625 0.021484375 0.048828125
1 0.3271484375 0.6015625 0.02734375 0.0546875
1 0.341796875 0.5791015625 0.03125 0.05078125
1 0.3544921875 0.564453125 0.03125 0.048828125
1 0.3740234375 0.5458984375 0.037109375 0.05078125
1 0.3828125 0.529296875 0.03125 0.05078125
1 0.396484375 0.5126953125 0.03125 0.048828125
1 0.4111328125 0.4912109375 0.029296875 0.0390625
1 0.4208984375 0.4775390625 0.03515625 0.04296875
1 0.4326171875 0.4609375 0.033203125 0.046875
1 0.4482421875 0.4423828125 0.02734375 0.044921875
1 0.4609375 0.42578125 0.02734375 0.041015625
1 0.4716796875 0.4111328125 0.03125 0.04296875
1 0.4833984375 0.39453125 0.02734375 0.037109375
1 0.4931640625 0.380859375 0.03125 0.0390625
1 0.5078125 0.36328125 0.025390625 0.03515625
1 0.51953125 0.34765625 0.02734375 0.03515625
1 0.5283203125 0.3349609375 0.03125 0.0390625
1 0.5390625 0.322265625 0.029296875 0.03515625
1 0.5517578125 0.306640625 0.02734375 0.033203125
1 0.6923828125 0.748046875 0.01953125 0.01953125
1 0.685546875 0.724609375 0.021484375 0.0234375
1 0.6796875 0.69921875 0.015625 0.03125
1 0.67578125 0.669921875 0.0234375 0.02734375
1 0.66796875 0.6474609375 0.01953125 0.03125
1 0.662109375 0.6181640625 0.01953125 0.02734375
1 0.65625 0.5927734375 0.01953125 0.02734375
1 0.65234375 0.5654296875 0.01953125 0.02734375
1 0.642578125 0.5400390625 0.017578125 0.02734375
1 0.6396484375 0.513671875 0.01953125 0.02734375
1 0.6328125 0.48828125 0.01953125 0.03125
1 0.6259765625 0.4599609375 0.01953125 0.029296875
1 0.6220703125 0.43359375 0.01953125 0.025390625
1 0.6181640625 0.41015625 0.01953125 0.029296875
1 0.6103515625 0.3828125 0.01953125 0.03125
1 0.6064453125 0.35546875 0.021484375 0.025390625
0 0.169921875 0.783203125 0.025390625 0.015625
0 0.1435546875 0.7861328125 0.02734375 0.017578125
0 0.115234375 0.7880859375 0.029296875 0.015625
0 0.083984375 0.7900390625 0.03125 0.015625
0 0.056640625 0.791015625 0.029296875 0.01953125
0 0.029296875 0.7939453125 0.02734375 0.01953125
0 0.0068359375 0.796875 0.013671875 0.01953125
0 0.005859375 0.828125 0.01171875 0.0390625
0 0.16015625 0.8173828125 0.03515625 0.0390625
0 0.1357421875 0.818359375 0.0390625 0.03515625
0 0.11328125 0.8203125 0.0390625 0.037109375
0 0.087890625 0.8212890625 0.0390625 0.0390625
0 0.064453125 0.8212890625 0.0390625 0.0390625
0 0.04296875 0.82421875 0.041015625 0.037109375
0 0.0185546875 0.826171875 0.037109375 0.0390625
1 0.0078125 0.9501953125 0.015625 0.05078125
1 0.0302734375 0.94921875 0.060546875 0.05078125
1 0.0908203125 0.94140625 0.07421875 0.05859375
1 0.1630859375 0.935546875 0.078125 0.060546875
1 0.2431640625 0.9306640625 0.083984375 0.05859375
1 0.3251953125 0.921875 0.08203125 0.0625
1 0.408203125 0.91796875 0.083984375 0.056640625
1 0.4951171875 0.912109375 0.087890625 0.056640625
1 0.576171875 0.9091796875 0.0859375 0.06640625
1 0.6650390625 0.8984375 0.09765625 0.0625
1 0.7529296875 0.896484375 0.099609375 0.06640625
1 0.84375 0.890625 0.1015625 0.068359375
1 0.939453125 0.8837890625 0.1015625 0.06640625
0 0.9775390625 0.93359375 0.044921875 0.03125
0 0.921875 0.9384765625 0.06640625 0.03515625
0 0.857421875 0.943359375 0.05859375 0.03515625
0 0.7939453125 0.9453125 0.06640625 0.03125
0 0.7373046875 0.9521484375 0.056640625 0.033203125
0 0.669921875 0.953125 0.0625 0.03125
0 0.615234375 0.955078125 0.0546875 0.03515625
0 0.556640625 0.9599609375 0.0546875 0.03515625
0 0.5 0.9638671875 0.064453125 0.03125
0 0.4423828125 0.96875 0.05078125 0.029296875
0 0.3876953125 0.9716796875 0.0546875 0.03125
0 0.3349609375 0.9755859375 0.0546875 0.03515625
0 0.2763671875 0.9794921875 0.0625 0.03125
0 0.224609375 0.982421875 0.0546875 0.03515625
0 0.173828125 0.984375 0.05078125 0.03125
0 0.1181640625 0.9873046875 0.052734375 0.025390625
0 0.068359375 0.9892578125 0.052734375 0.021484375
0 0.0224609375 0.9892578125 0.044921875 0.021484375
0 0.958984375 0.9814453125 0.076171875 0.037109375
0 0.9033203125 0.982421875 0.076171875 0.03515625
0 0.8515625 0.9833984375 0.072265625 0.033203125
0 0.7998046875 0.9833984375 0.078125 0.03125
0 0.7529296875 0.984375 0.068359375 0.03125
0 0.701171875 0.986328125 0.0703125 0.02734375
0 0.65625 0.98828125 0.0703125 0.0234375
0 0.611328125 0.98828125 0.08203125 0.0234375
0 0.5576171875 0.9921875 0.06640625 0.015625