1 0.1513671875 0.701171875 0.2998046875 0.5947265625
1 0.3994140625 0.7197265625 0.205078125 0.529296875
1 0.1455078125 0.16796875 0.2861328125 0.3349609375
1 0.556640625 0.0908203125 0.1875 0.181640625
0 0.55859375 0.0146484375 0.091796875 0.029296875
1 0.484375 0.2099609375 0.0712890625 0.23828125
1 0.5400390625 0.390625 0.1875 0.2314453125
1 0.6708984375 0.08984375 0.072265625 0.1552734375
1 0.607421875 0.2431640625 0.06640625 0.21484375
0 0.6630859375 0.2529296875 0.0595703125 0.166015625
0 0.65625 0.4111328125 0.0732421875 0.1650390625
1 0.47265625 0.7080078125 0.0673828125 0.2509765625
1 0.78125 0.58203125 0.189453125 0.3642578125
1 0.90625 0.5908203125 0.0751953125 0.3486328125
1 0.5517578125 0.716796875 0.0908203125 0.220703125
1 0.626953125 0.7158203125 0.080078125 0.2255859375
1 0.6943359375 0.716796875 0.072265625 0.22265625
1 0.767578125 0.1787109375 0.1298828125 0.3505859375
1 0.8994140625 0.185546875 0.052734375 0.3642578125
1 0.9482421875 0.859375 0.103515625 0.1435546875
1 0.8466796875 0.9033203125 0.09765625 0.1376953125
1 0.7626953125 0.94140625 0.087890625 0.1171875
1 0.662109375 0.9580078125 0.11328125 0.083984375