0 0.0986328125 0.62890625 0.04296875 0.0546875
0 0.296875 0.6240234375 0.03515625 0.0546875
0 0.4951171875 0.6171875 0.04296875 0.05859375
0 0.6943359375 0.6103515625 0.046875 0.05078125
0 0.8984375 0.603515625 0.046875 0.05859375
1 0.0419921875 0.70703125 0.056640625 0.068359375
1 0.095703125 0.7099609375 0.04296875 0.06640625
1 0.1396484375 0.7080078125 0.04296875 0.064453125
1 0.1923828125 0.70703125 0.046875 0.068359375
1 0.2431640625 0.705078125 0.046875 0.0703125
1 0.29296875 0.70703125 0.0546875 0.07421875
1 0.3427734375 0.705078125 0.046875 0.0703125
1 0.390625 0.7001953125 0.044921875 0.072265625
1 0.9853515625 0.677734375 0.029296875 0.0703125
1 0.9462890625 0.6787109375 0.048828125 0.06640625
1 0.8994140625 0.6826171875 0.04296875 0.06640625
1 0.8466796875 0.68359375 0.052734375 0.07421875
1 0.79296875 0.685546875 0.0546875 0.07421875
1 0.7421875 0.693359375 0.046875 0.076171875
1 0.6923828125 0.6943359375 0.044921875 0.07421875
1 0.642578125 0.6982421875 0.05078125 0.072265625
1 0.591796875 0.6953125 0.046875 0.08203125
1 0.5400390625 0.6943359375 0.046875 0.0703125
1 0.4912109375 0.697265625 0.046875 0.076171875
1 0.443359375 0.6982421875 0.048828125 0.078125
0 0.7919921875 0.6064453125 0.046875 0.056640625
0 0.9873046875 0.5986328125 0.025390625 0.05078125
0 0.5927734375 0.6123046875 0.052734375 0.056640625
0 0.3935546875 0.6171875 0.05859375 0.05078125
0 0.197265625 0.62890625 0.052734375 0.044921875
0 0.013671875 0.634765625 0.02734375 0.05078125
1 0.05078125 0.630859375 0.05078125 0.0546875
1 0.142578125 0.626953125 0.05078125 0.05859375
1 0.25 0.626953125 0.0546875 0.05078125
1 0.33984375 0.6171875 0.048828125 0.052734375
1 0.4462890625 0.6171875 0.048828125 0.05859375
1 0.54296875 0.6123046875 0.05078125 0.0546875
1 0.646484375 0.61328125 0.05078125 0.0546875
1 0.7431640625 0.607421875 0.05078125 0.052734375
1 0.9462890625 0.6025390625 0.0546875 0.05859375
1 0.8466796875 0.6044921875 0.0546875 0.056640625
1 0.880859375 0.40234375 0.107421875 0.14453125
1 0.7646484375 0.4052734375 0.087890625 0.150390625
1 0.65625 0.4111328125 0.08203125 0.142578125
1 0.533203125 0.4033203125 0.078125 0.125
1 0.404296875 0.4189453125 0.08203125 0.140625
1 0.2880859375 0.4130859375 0.078125 0.12890625
1 0.04296875 0.431640625 0.0859375 0.142578125
1 0.1640625 0.427734375 0.08984375 0.13671875
1 0.0537109375 0.5478515625 0.09375 0.078125
1 0.15234375 0.5439453125 0.10546875 0.08203125
1 0.25 0.5380859375 0.09375 0.0859375
1 0.3447265625 0.5380859375 0.08984375 0.07421875
1 0.4404296875 0.5302734375 0.09765625 0.08203125
1 0.5390625 0.5283203125 0.09375 0.076171875
1 0.6396484375 0.529296875 0.109375 0.072265625
1 0.744140625 0.52734375 0.08984375 0.0703125
1 0.83984375 0.5205078125 0.099609375 0.078125
1 0.94921875 0.513671875 0.1015625 0.08203125