0 0.7666015625 0.0341796875 0.12109375 0.068359375
0 0.3818359375 0.04296875 0.11328125 0.0859375
0 0.0302734375 0.0419921875 0.060546875 0.083984375
1 0.193359375 0.0439453125 0.265625 0.087890625
1 0.9140625 0.03515625 0.171875 0.0703125
1 0.5732421875 0.0400390625 0.267578125 0.080078125
1 0.78515625 0.533203125 0.26171875 0.69140625
1 0.4775390625 0.53125 0.25 0.66015625
1 0.1826171875 0.5302734375 0.279296875 0.673828125
1 0.3427734375 0.53125 0.16796875 0.6875
1 0.6416015625 0.5244140625 0.17578125 0.6875
1 0.931640625 0.5107421875 0.13671875 0.703125
1 0.0625 0.5205078125 0.125 0.701171875