3 0.416015625 0.87109375 0.365234375 0.236328125
3 0.666015625 0.34765625 0.447265625 0.11328125
2 0.6513671875 0.7841796875 0.09375 0.02734375
2 0.6533203125 0.7548828125 0.09375 0.0234375
2 0.6611328125 0.7255859375 0.09375 0.0234375
2 0.6640625 0.69921875 0.09765625 0.021484375
2 0.6767578125 0.671875 0.09765625 0.021484375
2 0.6845703125 0.640625 0.103515625 0.01953125
2 0.6943359375 0.611328125 0.10546875 0.025390625
2 0.701171875 0.5791015625 0.10546875 0.0234375
2 0.705078125 0.5458984375 0.099609375 0.03515625
2 0.716796875 0.5126953125 0.11328125 0.029296875
2 0.7216796875 0.4794921875 0.111328125 0.03125
2 0.7333984375 0.4423828125 0.11328125 0.02734375
2 0.2568359375 0.75390625 0.095703125 0.029296875
2 0.3076171875 0.736328125 0.078125 0.04296875
2 0.357421875 0.7158203125 0.080078125 0.03515625
2 0.4072265625 0.6962890625 0.064453125 0.03515625
2 0.4580078125 0.6767578125 0.072265625 0.029296875
2 0.51171875 0.6572265625 0.078125 0.0390625
2 0.5654296875 0.638671875 0.076171875 0.041015625
2 0.611328125 0.6162109375 0.0625 0.03125