4 0.359375 0.4609375 0.0703125 0.1494140625
4 0.4150390625 0.4140625 0.076171875 0.162109375
4 0.5107421875 0.390625 0.10546875 0.1337890625
4 0.6142578125 0.419921875 0.0517578125 0.138671875
4 0.6728515625 0.46875 0.068359375 0.158203125
4 0.50390625 0.5556640625 0.1796875 0.2353515625
1 0.248046875 0.42578125 0.0673828125 0.060546875
1 0.28125 0.37890625 0.078125 0.0419921875
1 0.31640625 0.341796875 0.0732421875 0.0517578125
1 0.361328125 0.3115234375 0.083984375 0.0556640625
1 0.23828125 0.47265625 0.080078125 0.0478515625
1 0.2314453125 0.5185546875 0.0595703125 0.044921875
1 0.236328125 0.55859375 0.0654296875 0.0458984375
1 0.2451171875 0.6064453125 0.0478515625 0.06640625
1 0.2734375 0.638671875 0.0439453125 0.0654296875
1 0.3037109375 0.6669921875 0.037109375 0.076171875
1 0.3369140625 0.6982421875 0.041015625 0.0703125
1 0.3818359375 0.7119140625 0.044921875 0.0712890625
1 0.427734375 0.7255859375 0.04296875 0.0654296875
1 0.4716796875 0.7373046875 0.048828125 0.0595703125
1 0.517578125 0.7353515625 0.0478515625 0.056640625
1 0.5615234375 0.736328125 0.0517578125 0.0546875
1 0.6044921875 0.720703125 0.044921875 0.060546875
1 0.6474609375 0.708984375 0.041015625 0.0703125
1 0.6875 0.68359375 0.0439453125 0.0634765625
1 0.7197265625 0.6552734375 0.0361328125 0.0830078125
1 0.744140625 0.62890625 0.0341796875 0.076171875
1 0.76953125 0.5927734375 0.0458984375 0.0751953125
1 0.7802734375 0.552734375 0.0517578125 0.068359375
1 0.76171875 0.4140625 0.0654296875 0.0556640625
1 0.732421875 0.37890625 0.076171875 0.05078125
1 0.693359375 0.33984375 0.078125 0.048828125