4 0.53125 0.453125 0.3408203125 0.7080078125
1 0.3037109375 0.205078125 0.302734375 0.41015625
1 0.732421875 0.216796875 0.3046875 0.4326171875
1 0.333984375 0.7666015625 0.2958984375 0.400390625
1 0.7216796875 0.78515625 0.2939453125 0.412109375
0 0.0673828125 0.0634765625 0.134765625 0.1259765625
0 0.083984375 0.4775390625 0.16015625 0.2763671875
0 0.0947265625 0.9208984375 0.189453125 0.158203125
1 0.1064453125 0.189453125 0.095703125 0.1650390625
1 0.068359375 0.29296875 0.13671875 0.1689453125
1 0.0810546875 0.6572265625 0.1611328125 0.1669921875
1 0.025390625 0.791015625 0.048828125 0.1611328125
1 0.134765625 0.7822265625 0.099609375 0.244140625