1 0.1396484375 0.94140625 0.119140625 0.1171875
1 0.232421875 0.9013671875 0.05859375 0.0791015625
1 0.287109375 0.80859375 0.0673828125 0.107421875
1 0.16015625 0.8447265625 0.068359375 0.0712890625
1 0.35546875 0.7841796875 0.06640625 0.0830078125
1 0.453125 0.7158203125 0.0908203125 0.087890625
1 0.556640625 0.71875 0.087890625 0.0859375
1 0.6171875 0.6318359375 0.064453125 0.107421875
1 0.466796875 0.6357421875 0.0634765625 0.0869140625
1 0.541015625 0.6318359375 0.076171875 0.0859375
1 0.3935546875 0.6513671875 0.0703125 0.0908203125
1 0.3193359375 0.701171875 0.0869140625 0.0849609375
1 0.6806640625 0.69140625 0.0810546875 0.109375
1 0.65625 0.763671875 0.04296875 0.0927734375
1 0.7255859375 0.77734375 0.0615234375 0.138671875
1 0.8994140625 0.9072265625 0.1552734375 0.1845703125
4 0.9228515625 0.7236328125 0.154296875 0.2001953125
4 0.966796875 0.59375 0.0654296875 0.140625
4 0.9111328125 0.49609375 0.1552734375 0.19140625
4 0.822265625 0.6005859375 0.146484375 0.1923828125
4 0.9541015625 0.396484375 0.0908203125 0.140625
4 0.880859375 0.2900390625 0.1357421875 0.166015625
4 0.794921875 0.2275390625 0.138671875 0.1162109375
4 0.69921875 0.146484375 0.1337890625 0.08984375
4 0.716796875 0.30078125 0.1611328125 0.19921875
4 0.64453125 0.416015625 0.134765625 0.193359375
4 0.7373046875 0.5166015625 0.1669921875 0.201171875
4 0.62890625 0.205078125 0.16015625 0.1572265625
4 0.55078125 0.158203125 0.134765625 0.0908203125
4 0.4443359375 0.171875 0.12890625 0.09375
4 0.55859375 0.3095703125 0.1083984375 0.142578125
4 0.4453125 0.3232421875 0.1162109375 0.1474609375
4 0.3681640625 0.236328125 0.1357421875 0.154296875
4 0.29296875 0.189453125 0.138671875 0.1083984375
4 0.2060546875 0.2578125 0.142578125 0.1611328125
4 0.28515625 0.3349609375 0.1337890625 0.177734375
4 0.3720703125 0.4384765625 0.1328125 0.1650390625
4 0.0498046875 0.3193359375 0.0986328125 0.115234375
4 0.115234375 0.3603515625 0.119140625 0.1669921875
4 0.1923828125 0.451171875 0.125 0.1689453125
4 0.2724609375 0.5478515625 0.1435546875 0.1962890625
4 0.046875 0.47265625 0.09375 0.2060546875
4 0.10546875 0.552734375 0.158203125 0.185546875
4 0.177734375 0.6513671875 0.146484375 0.1787109375
4 0.0380859375 0.681640625 0.0751953125 0.2119140625
4 0.0791015625 0.78125 0.130859375 0.20703125
4 0.0283203125 0.896484375 0.056640625 0.1875