1 0.19140625 0.2255859375 0.27734375 0.12890625
1 0.435546875 0.220703125 0.1953125 0.140625
1 0.6552734375 0.2275390625 0.275390625 0.146484375
1 0.8642578125 0.2392578125 0.2578125 0.12890625
1 0.10546875 0.453125 0.14453125 0.080078125
1 0.283203125 0.455078125 0.234375 0.09765625
1 0.712890625 0.4658203125 0.25 0.08203125
1 0.8837890625 0.466796875 0.17578125 0.115234375
0 0.5029296875 0.462890625 0.22265625 0.1328125
1 0.169921875 0.6689453125 0.2109375 0.154296875
1 0.3662109375 0.6689453125 0.22265625 0.14453125
1 0.583984375 0.693359375 0.23828125 0.15234375
1 0.8037109375 0.6826171875 0.2578125 0.162109375
0 0.056640625 0.8662109375 0.11328125 0.08203125
0 0.4189453125 0.8759765625 0.14453125 0.08984375
0 0.80078125 0.88671875 0.109375 0.083984375
1 0.1552734375 0.8681640625 0.1328125 0.09375
1 0.3017578125 0.865234375 0.140625 0.091796875
1 0.5458984375 0.8701171875 0.1328125 0.0859375
1 0.673828125 0.884765625 0.1328125 0.095703125
1 0.9189453125 0.88671875 0.162109375 0.09765625