3 0.9912109375 0.375 0.015625 0.0625
4 0.7861328125 0.4560546875 0.05859375 0.109375
4 0.59765625 0.4462890625 0.10546875 0.125
4 0.119140625 0.4560546875 0.115234375 0.12890625
3 0.0849609375 0.3154296875 0.05859375 0.08203125
3 0.130859375 0.2705078125 0.078125 0.11328125
3 0.1943359375 0.125 0.05859375 0.08203125
3 0.4931640625 0.1220703125 0.046875 0.06640625
3 0.5693359375 0.2412109375 0.05859375 0.052734375
3 0.578125 0.2734375 0.0703125 0.08984375
3 0.6357421875 0.3046875 0.07421875 0.078125
2 0.59375 0.03125 0.10546875 0.0625
2 0.0771484375 0.033203125 0.119140625 0.06640625