4 0.419921875 0.3662109375 0.328125 0.078125
4 0.4501953125 0.7978515625 0.24609375 0.103515625
3 0.0986328125 0.751953125 0.197265625 0.111328125
2 0.166015625 0.998046875 0.05078125 0.00390625
2 0.1806640625 0.9814453125 0.05078125 0.017578125
2 0.1904296875 0.9599609375 0.05078125 0.017578125
2 0.203125 0.9375 0.05078125 0.015625
2 0.21875 0.9140625 0.048828125 0.01953125
2 0.23046875 0.8916015625 0.05078125 0.015625
1 0.30078125 0.9912109375 0.03125 0.015625
1 0.3056640625 0.9765625 0.03125 0.013671875
1 0.3115234375 0.9619140625 0.03125 0.015625
1 0.3173828125 0.9462890625 0.03125 0.017578125
1 0.3251953125 0.9306640625 0.03125 0.015625
1 0.3408203125 0.8955078125 0.03515625 0.01953125
1 0.3486328125 0.87890625 0.0390625 0.013671875
1 0.357421875 0.865234375 0.0390625 0.013671875
1 0.359375 0.8515625 0.03515625 0.013671875
1 0.3857421875 0.794921875 0.03125 0.01171875
1 0.39453125 0.783203125 0.033203125 0.015625
1 0.396484375 0.7705078125 0.0390625 0.01171875
1 0.4375 0.9892578125 0.046875 0.017578125
1 0.4443359375 0.9716796875 0.046875 0.01953125
1 0.4521484375 0.9541015625 0.046875 0.015625
1 0.4580078125 0.9375 0.046875 0.017578125
1 0.4658203125 0.919921875 0.05078125 0.015625
1 0.47265625 0.9033203125 0.046875 0.015625
1 0.4794921875 0.8857421875 0.046875 0.01953125
1 0.486328125 0.869140625 0.046875 0.015625
1 0.4931640625 0.8544921875 0.04296875 0.013671875
1 0.4990234375 0.83984375 0.04296875 0.01953125
1 0.505859375 0.8232421875 0.04296875 0.017578125
1 0.5107421875 0.8056640625 0.04296875 0.01953125
1 0.4853515625 0.994140625 0.05078125 0.01171875
1 0.4892578125 0.982421875 0.046875 0.0234375
1 0.494140625 0.9658203125 0.04296875 0.0234375
1 0.5 0.951171875 0.0390625 0.021484375
1 0.5048828125 0.9375 0.04296875 0.025390625
1 0.5087890625 0.9208984375 0.04296875 0.0234375
1 0.5166015625 0.9033203125 0.0390625 0.0234375
1 0.5234375 0.8837890625 0.0390625 0.0234375
1 0.5322265625 0.8623046875 0.04296875 0.013671875
1 0.5390625 0.8505859375 0.046875 0.009765625
1 0.5439453125 0.8388671875 0.046875 0.01171875
1 0.5498046875 0.822265625 0.05078125 0.01171875
1 0.556640625 0.80859375 0.05078125 0.013671875
1 0.5634765625 0.794921875 0.0546875 0.013671875
1 0.25390625 0.8671875 0.0390625 0.021484375
1 0.2490234375 0.8447265625 0.041015625 0.0234375
1 0.2421875 0.826171875 0.046875 0.0234375
1 0.240234375 0.802734375 0.03515625 0.0234375
1 0.23828125 0.7802734375 0.041015625 0.021484375
1 0.234375 0.759765625 0.0390625 0.01953125
1 0.2314453125 0.73828125 0.041015625 0.025390625
1 0.2265625 0.7138671875 0.046875 0.025390625
1 0.220703125 0.693359375 0.04296875 0.025390625
1 0.2197265625 0.6728515625 0.04296875 0.021484375
1 0.216796875 0.650390625 0.04296875 0.03125
1 0.2119140625 0.626953125 0.0390625 0.025390625
1 0.20703125 0.6025390625 0.0390625 0.025390625
1 0.2080078125 0.5830078125 0.0390625 0.025390625
1 0.2060546875 0.5595703125 0.0390625 0.025390625
1 0.19921875 0.5361328125 0.037109375 0.0234375
1 0.185546875 0.4443359375 0.041015625 0.025390625
1 0.1865234375 0.4677734375 0.041015625 0.021484375
1 0.189453125 0.4892578125 0.0390625 0.021484375
1 0.193359375 0.51171875 0.046875 0.02734375
1 0.162109375 0.275390625 0.04296875 0.025390625
1 0.1650390625 0.298828125 0.048828125 0.025390625
1 0.1689453125 0.32421875 0.04296875 0.0234375
1 0.171875 0.34765625 0.046875 0.025390625
1 0.181640625 0.3740234375 0.0390625 0.0234375
1 0.1826171875 0.3974609375 0.03515625 0.0234375
1 0.1806640625 0.4189453125 0.05078125 0.025390625
1 0.134765625 0.0732421875 0.03515625 0.02734375
1 0.1181640625 0.00390625 0.046875 0.0078125
1 0.1318359375 0.0205078125 0.033203125 0.025390625
1 0.1279296875 0.0458984375 0.044921875 0.025390625
1 0.1357421875 0.09765625 0.04296875 0.025390625
1 0.1376953125 0.1240234375 0.048828125 0.02734375
1 0.1416015625 0.150390625 0.046875 0.0234375
1 0.1455078125 0.1748046875 0.046875 0.0234375
1 0.1494140625 0.2021484375 0.05078125 0.02734375
1 0.1552734375 0.2255859375 0.048828125 0.0234375
1 0.1572265625 0.2490234375 0.048828125 0.02734375