2 0.96484375 0.240234375 0.0703125 0.0859375
2 0.9091796875 0.216796875 0.15625 0.109375
2 0.806640625 0.1865234375 0.15625 0.087890625
2 0.6953125 0.154296875 0.15234375 0.109375
2 0.595703125 0.13671875 0.15625 0.1015625
2 0.4775390625 0.0966796875 0.16796875 0.09375
2 0.37890625 0.06640625 0.17578125 0.091796875
2 0.2607421875 0.04296875 0.166015625 0.0859375
2 0.16015625 0.0244140625 0.16015625 0.048828125
1 0.0107421875 0.0771484375 0.021484375 0.068359375
1 0.0654296875 0.1005859375 0.10546875 0.08984375
1 0.19140625 0.1337890625 0.1328125 0.095703125
1 0.3056640625 0.1748046875 0.1171875 0.09765625
1 0.4091796875 0.201171875 0.11328125 0.0859375
1 0.5126953125 0.232421875 0.09375 0.0703125
1 0.6171875 0.263671875 0.11328125 0.0859375
1 0.7255859375 0.291015625 0.11328125 0.09765625
1 0.833984375 0.322265625 0.109375 0.0859375
1 0.9453125 0.3525390625 0.095703125 0.09375
1 0.95703125 0.67578125 0.0859375 0.14453125
1 0.8935546875 0.642578125 0.181640625 0.123046875
1 0.771484375 0.60546875 0.1953125 0.12109375
1 0.6533203125 0.5751953125 0.1796875 0.109375
1 0.5263671875 0.544921875 0.203125 0.1171875
1 0.4033203125 0.5068359375 0.216796875 0.12109375
1 0.216796875 0.451171875 0.125 0.16015625
1 0.095703125 0.4208984375 0.103515625 0.16015625
1 0.0107421875 0.3916015625 0.021484375 0.126953125
1 0.2412109375 0.712890625 0.48046875 0.341796875
1 0.236328125 0.9404296875 0.47265625 0.119140625
1 0.6904296875 0.783203125 0.41796875 0.197265625
1 0.6845703125 0.943359375 0.421875 0.11328125
1 0.9443359375 0.8798828125 0.111328125 0.12890625