2 0.6474609375 0.208984375 0.015625 0.02734375
2 0.6533203125 0.166015625 0.02734375 0.0546875
2 0.6669921875 0.1484375 0.015625 0.029296875
2 0.673828125 0.11328125 0.02734375 0.0546875
2 0.6884765625 0.0947265625 0.015625 0.03125
2 0.6923828125 0.0556640625 0.029296875 0.0546875
2 0.708984375 0.041015625 0.01171875 0.03125
2 0.7109375 0.015625 0.029296875 0.03125
2 0.8310546875 0.009765625 0.02734375 0.01953125
2 0.8349609375 0.0224609375 0.013671875 0.03125
2 0.849609375 0.0380859375 0.02734375 0.06640625
2 0.8544921875 0.076171875 0.015625 0.033203125
2 0.869140625 0.09375 0.0234375 0.06640625
2 0.8740234375 0.130859375 0.013671875 0.029296875
2 0.8896484375 0.1455078125 0.0234375 0.06640625
2 0.89453125 0.185546875 0.017578125 0.029296875
2 0.908203125 0.201171875 0.02734375 0.068359375
2 0.9130859375 0.2392578125 0.015625 0.033203125
2 0.9296875 0.255859375 0.02734375 0.05859375
2 0.93359375 0.2958984375 0.01953125 0.03515625
2 0.9501953125 0.3154296875 0.025390625 0.064453125
2 0.9541015625 0.35546875 0.015625 0.03515625
2 0.9716796875 0.3720703125 0.02734375 0.0625
1 0.974609375 0.4150390625 0.01953125 0.0390625
2 0.9873046875 0.4365234375 0.025390625 0.076171875
3 0.9853515625 0.2265625 0.021484375 0.04296875
3 0.9833984375 0.1875 0.015625 0.03515625
3 0.9677734375 0.1787109375 0.017578125 0.03125
3 0.9541015625 0.1650390625 0.017578125 0.033203125
3 0.95703125 0.1201171875 0.01171875 0.0234375
3 0.947265625 0.11328125 0.01171875 0.02734375
3 0.9365234375 0.10546875 0.015625 0.0234375
1 0.921875 0.1328125 0.015625 0.01953125
1 0.9365234375 0.1318359375 0.013671875 0.01953125
1 0.9072265625 0.1357421875 0.01171875 0.01953125
1 0.9404296875 0.197265625 0.015625 0.01953125
1 0.9560546875 0.1953125 0.01171875 0.01953125
1 0.9609375 0.2626953125 0.015625 0.01953125
1 0.9794921875 0.26171875 0.017578125 0.01953125
1 0.984375 0.53125 0.03125 0.0625
1 0.9453125 0.4072265625 0.0390625 0.05859375
1 0.92578125 0.3505859375 0.0390625 0.056640625
1 0.904296875 0.294921875 0.04296875 0.0625
1 0.884765625 0.23828125 0.04296875 0.05859375
1 0.8662109375 0.185546875 0.04296875 0.06640625
1 0.8447265625 0.1328125 0.041015625 0.0625
1 0.826171875 0.0751953125 0.0390625 0.05078125
1 0.8076171875 0.025390625 0.037109375 0.05078125
1 0.748046875 0.009765625 0.02734375 0.01953125
1 0.7353515625 0.03515625 0.0390625 0.05859375
1 0.7177734375 0.09375 0.044921875 0.0625
1 0.6943359375 0.1484375 0.04296875 0.0625
1 0.677734375 0.2021484375 0.044921875 0.05859375
1 0.6611328125 0.2490234375 0.03125 0.04296875
1 0.7802734375 0.146484375 0.044921875 0.078125
1 0.7470703125 0.2255859375 0.05859375 0.103515625
1 0.80859375 0.2080078125 0.0625 0.10546875
1 0.732421875 0.2939453125 0.03515625 0.037109375
1 0.8203125 0.2802734375 0.04296875 0.0390625
1 0.7158203125 0.3505859375 0.046875 0.10546875
1 0.8408203125 0.3359375 0.0625 0.09765625
1 0.8671875 0.4287109375 0.07421875 0.087890625
1 0.8955078125 0.4970703125 0.044921875 0.06640625
3 0.845703125 0.513671875 0.046875 0.12890625
3 0.8759765625 0.6923828125 0.21484375 0.517578125
1 0.7314453125 0.8896484375 0.064453125 0.0859375
1 0.732421875 0.822265625 0.056640625 0.078125
1 0.6953125 0.865234375 0.03125 0.052734375
1 0.6806640625 0.8271484375 0.03125 0.0546875
1 0.669921875 0.7802734375 0.02734375 0.052734375
1 0.7275390625 0.76171875 0.07421875 0.078125
1 0.6650390625 0.7314453125 0.02734375 0.048828125
1 0.666015625 0.6875 0.025390625 0.048828125
1 0.728515625 0.6767578125 0.08203125 0.119140625
1 0.6669921875 0.64453125 0.025390625 0.048828125
1 0.7236328125 0.6025390625 0.08984375 0.1171875
1 0.6591796875 0.6025390625 0.029296875 0.04296875
1 0.6982421875 0.5419921875 0.0703125 0.109375
1 0.63671875 0.5771484375 0.02734375 0.04296875
1 0.6162109375 0.5751953125 0.013671875 0.02734375
1 0.591796875 0.5615234375 0.03515625 0.04296875
1 0.607421875 0.5263671875 0.03515625 0.05078125
1 0.611328125 0.484375 0.03515625 0.052734375
1 0.611328125 0.4443359375 0.03125 0.05078125
1 0.67578125 0.4658203125 0.09375 0.123046875
1 0.669921875 0.3876953125 0.087890625 0.09765625
1 0.60546875 0.3955078125 0.029296875 0.05078125
1 0.595703125 0.359375 0.03125 0.041015625
1 0.6494140625 0.318359375 0.087890625 0.109375
1 0.6181640625 0.265625 0.0703125 0.12109375
1 0.58203125 0.33203125 0.02734375 0.0390625
1 0.5654296875 0.3056640625 0.0234375 0.041015625
1 0.54296875 0.28515625 0.0234375 0.044921875
1 0.51953125 0.2705078125 0.02734375 0.04296875
1 0.4912109375 0.2548828125 0.03515625 0.046875
1 0.4638671875 0.2333984375 0.0234375 0.041015625
1 0.58984375 0.21875 0.05078125 0.1328125
1 0.5439453125 0.1884765625 0.05859375 0.142578125
1 0.4912109375 0.1640625 0.0546875 0.12109375
1 0.5078125 0.06640625 0.05078125 0.080078125
1 0.48046875 0.0263671875 0.03515625 0.052734375
1 0.416015625 0.0302734375 0.041015625 0.0546875
3 0.41015625 0.09375 0.01953125 0.1171875
3 0.4443359375 0.0859375 0.044921875 0.12109375
3 0.46484375 0.0947265625 0.025390625 0.10546875
1 0.3837890625 0.0869140625 0.04296875 0.076171875
1 0.3720703125 0.1572265625 0.05859375 0.09765625
1 0.3857421875 0.24609375 0.0390625 0.044921875
1 0.3232421875 0.212890625 0.07421875 0.13671875
1 0.2685546875 0.251953125 0.06640625 0.115234375
1 0.35546875 0.26953125 0.0390625 0.04296875
1 0.32421875 0.2919921875 0.03515625 0.0390625
1 0.2978515625 0.3115234375 0.02734375 0.04296875
1 0.2724609375 0.3369140625 0.02734375 0.048828125
1 0.2294921875 0.30078125 0.0625 0.1171875
1 0.189453125 0.3642578125 0.076171875 0.111328125
1 0.251953125 0.365234375 0.025390625 0.0390625
1 0.2353515625 0.392578125 0.029296875 0.04296875
1 0.22265625 0.4267578125 0.02734375 0.046875
1 0.1650390625 0.4267578125 0.07421875 0.109375
1 0.1474609375 0.494140625 0.07421875 0.109375
1 0.2060546875 0.4677734375 0.02734375 0.04296875
1 0.201171875 0.5068359375 0.0234375 0.044921875
1 0.19921875 0.5439453125 0.0234375 0.03515625
1 0.171875 0.552734375 0.02734375 0.03515625
1 0.1484375 0.5615234375 0.025390625 0.04296875
1 0.115234375 0.576171875 0.05859375 0.1015625
1 0.1708984375 0.6015625 0.04296875 0.044921875
1 0.138671875 0.6298828125 0.03125 0.048828125
1 0.0810546875 0.6357421875 0.0703125 0.109375
1 0.126953125 0.669921875 0.02734375 0.048828125
1 0.12109375 0.712890625 0.02734375 0.046875
1 0.06640625 0.7060546875 0.080078125 0.1171875
1 0.11328125 0.7529296875 0.02734375 0.052734375
1 0.103515625 0.798828125 0.025390625 0.0546875
1 0.0869140625 0.83984375 0.029296875 0.044921875
1 0.0703125 0.8798828125 0.02734375 0.046875
1 0.05859375 0.7841796875 0.06640625 0.0859375
1 0.0400390625 0.8427734375 0.046875 0.078125
1 0.880859375 0.9833984375 0.0625 0.033203125
1 0.8251953125 0.9833984375 0.052734375 0.03125
1 0.7734375 0.984375 0.0546875 0.03125
1 0.724609375 0.9853515625 0.0546875 0.029296875
1 0.6767578125 0.984375 0.046875 0.03125
1 0.6279296875 0.986328125 0.048828125 0.02734375
1 0.578125 0.986328125 0.046875 0.02734375
1 0.5302734375 0.986328125 0.048828125 0.02734375
1 0.484375 0.9873046875 0.05078125 0.025390625
1 0.439453125 0.98828125 0.044921875 0.0234375
1 0.3935546875 0.98828125 0.046875 0.0234375
1 0.3505859375 0.98828125 0.046875 0.0234375
1 0.302734375 0.98828125 0.046875 0.0234375
4 0.3974609375 0.5751953125 0.09375 0.439453125
1 0.302734375 0.4765625 0.109375 0.31640625
1 0.517578125 0.455078125 0.09765625 0.310546875
1 0.517578125 0.6748046875 0.119140625 0.15234375
1 0.5986328125 0.6474609375 0.0234375 0.0546875
1 0.5986328125 0.697265625 0.03125 0.05859375
1 0.5908203125 0.751953125 0.04296875 0.052734375
1 0.5439453125 0.7626953125 0.0625 0.0546875
1 0.5810546875 0.81640625 0.08203125 0.078125
1 0.5537109375 0.9033203125 0.0625 0.10546875
1 0.6103515625 0.8837890625 0.02734375 0.046875
1 0.6376953125 0.9267578125 0.046875 0.056640625
1 0.5087890625 0.8017578125 0.0703125 0.09375
1 0.5205078125 0.8779296875 0.02734375 0.0546875
1 0.505859375 0.9365234375 0.03515625 0.05078125
1 0.46875 0.8857421875 0.078125 0.125
1 0.4091796875 0.916015625 0.064453125 0.083984375
1 0.322265625 0.9140625 0.07421875 0.09375
1 0.2685546875 0.8798828125 0.078125 0.099609375
1 0.107421875 0.939453125 0.046875 0.052734375
1 0.1767578125 0.880859375 0.044921875 0.0546875
1 0.17578125 0.8251953125 0.078125 0.07421875
1 0.2548828125 0.6953125 0.12109375 0.142578125
1 0.185546875 0.6708984375 0.0234375 0.048828125
1 0.177734375 0.7236328125 0.02734375 0.05078125
1 0.1767578125 0.771484375 0.0390625 0.052734375
1 0.3212890625 0.748046875 0.01953125 0.03125
1 0.3232421875 0.7177734375 0.01953125 0.029296875
1 0.326171875 0.69140625 0.01953125 0.02734375
1 0.3291015625 0.66796875 0.01953125 0.025390625
1 0.33203125 0.64453125 0.017578125 0.0234375
1 0.333984375 0.619140625 0.017578125 0.02734375
1 0.3359375 0.595703125 0.01953125 0.02734375
1 0.3388671875 0.5712890625 0.017578125 0.02734375
1 0.3408203125 0.544921875 0.01953125 0.029296875
1 0.3427734375 0.5205078125 0.015625 0.02734375
1 0.345703125 0.494140625 0.015625 0.02734375
1 0.34765625 0.4697265625 0.015625 0.025390625
1 0.3525390625 0.4453125 0.015625 0.02734375
1 0.3623046875 0.423828125 0.017578125 0.025390625
1 0.36328125 0.3974609375 0.015625 0.025390625
1 0.369140625 0.375 0.015625 0.025390625
1 0.376953125 0.3525390625 0.015625 0.025390625
1 0.388671875 0.3349609375 0.013671875 0.02734375
1 0.4013671875 0.3154296875 0.015625 0.02734375
2 0.4189453125 0.2978515625 0.0234375 0.033203125
1 0.4345703125 0.314453125 0.013671875 0.03125
1 0.443359375 0.33203125 0.013671875 0.029296875
1 0.4501953125 0.3525390625 0.015625 0.03125
1 0.45703125 0.373046875 0.013671875 0.03125
1 0.4580078125 0.3974609375 0.015625 0.02734375
1 0.4560546875 0.419921875 0.01953125 0.02734375
1 0.4599609375 0.439453125 0.015625 0.03125
1 0.4619140625 0.4658203125 0.015625 0.033203125
1 0.4609375 0.4921875 0.015625 0.029296875
1 0.458984375 0.5166015625 0.015625 0.02734375
1 0.4560546875 0.5390625 0.015625 0.02734375
1 0.4541015625 0.5634765625 0.015625 0.025390625
1 0.453125 0.564453125 0.015625 0.03125
1 0.451171875 0.5859375 0.013671875 0.03125
1 0.44921875 0.609375 0.015625 0.02734375
1 0.4482421875 0.634765625 0.015625 0.03125
1 0.4462890625 0.6591796875 0.015625 0.029296875
1 0.4443359375 0.685546875 0.017578125 0.02734375
1 0.443359375 0.7099609375 0.015625 0.029296875
1 0.4404296875 0.7421875 0.015625 0.033203125
0 0.3818359375 0.8173828125 0.1953125 0.126953125
1 0.17578125 0.9892578125 0.05078125 0.021484375
1 0.1298828125 0.990234375 0.044921875 0.01953125
1 0.0869140625 0.9912109375 0.044921875 0.017578125
1 0.044921875 0.9921875 0.04296875 0.015625