4 0.548828125 0.7021484375 0.90234375 0.365234375
4 0.7080078125 0.8388671875 0.28515625 0.087890625
4 0.7138671875 0.7412109375 0.302734375 0.166015625
4 0.701171875 0.6044921875 0.30859375 0.103515625
4 0.4755859375 0.251953125 0.404296875 0.1484375
4 0.5263671875 0.3037109375 0.125 0.041015625
4 0.529296875 0.2607421875 0.13671875 0.0703125
4 0.5341796875 0.2099609375 0.13671875 0.044921875
4 0.4365234375 0.158203125 0.265625 0.0859375
4 0.41796875 0.099609375 0.193359375 0.060546875
4 0.4140625 0.060546875 0.158203125 0.052734375