0 0.0478515625 0.1513671875 0.080078125 0.1318359375
0 0.1201171875 0.1484375 0.0830078125 0.1416015625
0 0.1953125 0.15625 0.0751953125 0.1416015625
0 0.26953125 0.1650390625 0.083984375 0.1796875
0 0.3544921875 0.1689453125 0.083984375 0.171875
0 0.4423828125 0.1796875 0.0966796875 0.158203125
0 0.5224609375 0.19140625 0.0849609375 0.17578125
0 0.6162109375 0.216796875 0.08984375 0.162109375
0 0.720703125 0.2041015625 0.083984375 0.1669921875
0 0.822265625 0.2138671875 0.0927734375 0.1865234375
0 0.9482421875 0.2333984375 0.103515625 0.177734375
1 0.4208984375 0.5830078125 0.283203125 0.4755859375
1 0.7607421875 0.6318359375 0.4267578125 0.533203125