0 0.607421875 0.8466796875 0.16015625 0.1875
0 0.505859375 0.7197265625 0.12109375 0.17578125
0 0.4013671875 0.8671875 0.1328125 0.13671875
0 0.3017578125 0.7119140625 0.1171875 0.1640625
0 0.189453125 0.8720703125 0.13671875 0.15234375
0 0.076171875 0.7392578125 0.1484375 0.18359375
0 0.025390625 0.873046875 0.05078125 0.130859375
0 0.0634765625 0.955078125 0.103515625 0.0859375
0 0.275390625 0.9365234375 0.12109375 0.09765625
0 0.6748046875 0.712890625 0.09765625 0.150390625
0 0.6015625 0.623046875 0.09375 0.072265625
1 0.8330078125 0.7998046875 0.13671875 0.19140625
1 0.8271484375 0.642578125 0.140625 0.125
1 0.80859375 0.9326171875 0.140625 0.1328125
1 0.4052734375 0.44140625 0.232421875 0.31640625
1 0.7119140625 0.4423828125 0.369140625 0.3046875