0 0.4462890625 0.505859375 0.0859375 0.154296875
1 0.44921875 0.2275390625 0.125 0.25390625
1 0.568359375 0.291015625 0.134765625 0.234375
1 0.6025390625 0.5185546875 0.13671875 0.1796875
1 0.5673828125 0.7431640625 0.140625 0.2578125
1 0.4580078125 0.7822265625 0.123046875 0.259765625
1 0.33984375 0.71484375 0.1484375 0.240234375
1 0.296875 0.4521484375 0.1328125 0.25390625
1 0.3271484375 0.2607421875 0.12890625 0.26953125
1 0.802734375 0.296875 0.39453125 0.51953125
1 0.810546875 0.77734375 0.37890625 0.4453125
1 0.1630859375 0.2412109375 0.32421875 0.44140625
1 0.15625 0.69921875 0.3125 0.478515625