2 0.59375 0.3505859375 0.244140625 0.1484375
2 0.498046875 0.5224609375 0.23828125 0.15234375
2 0.388671875 0.6923828125 0.24609375 0.1328125
2 0.2705078125 0.8720703125 0.2265625 0.16015625
2 0.1787109375 0.9833984375 0.20703125 0.033203125
2 0.7080078125 0.0751953125 0.265625 0.1484375
0 0.931640625 0.0546875 0.08984375 0.076171875
1 0.4130859375 0.3154296875 0.18359375 0.125
1 0.3603515625 0.427734375 0.18359375 0.08984375
1 0.302734375 0.525390625 0.18359375 0.087890625
1 0.2548828125 0.6044921875 0.1796875 0.078125
1 0.197265625 0.6884765625 0.17578125 0.08984375
1 0.130859375 0.7822265625 0.17578125 0.109375
1 0.0859375 0.8720703125 0.171875 0.095703125
1 0.052734375 0.958984375 0.10546875 0.08203125
1 0.919921875 0.1142578125 0.125 0.068359375
1 0.9521484375 0.0087890625 0.095703125 0.017578125