0 0.837890625 0.9873046875 0.03515625 0.025390625
0 0.833984375 0.962890625 0.03515625 0.03125
0 0.83203125 0.9248046875 0.037109375 0.046875
0 0.8271484375 0.8896484375 0.0390625 0.02734375
0 0.826171875 0.8525390625 0.033203125 0.044921875
0 0.8203125 0.8173828125 0.03515625 0.02734375
0 0.8193359375 0.7802734375 0.03125 0.046875
0 0.8154296875 0.748046875 0.03125 0.02734375
0 0.8115234375 0.7109375 0.03125 0.04296875
0 0.80859375 0.6767578125 0.03125 0.02734375
0 0.8056640625 0.6435546875 0.03515625 0.0390625
0 0.80078125 0.609375 0.03515625 0.03125
0 0.798828125 0.5771484375 0.03515625 0.04296875
0 0.794921875 0.5439453125 0.03515625 0.033203125
0 0.79296875 0.5126953125 0.03515625 0.04296875
0 0.7890625 0.4814453125 0.03515625 0.03125
0 0.7861328125 0.44921875 0.0390625 0.04296875
0 0.7841796875 0.419921875 0.03515625 0.03125
0 0.7802734375 0.388671875 0.03125 0.04296875
0 0.7783203125 0.359375 0.03515625 0.029296875
0 0.775390625 0.3291015625 0.03515625 0.04296875
0 0.76953125 0.2978515625 0.03515625 0.02734375
0 0.7705078125 0.2744140625 0.03515625 0.029296875
0 0.763671875 0.2109375 0.03515625 0.0390625
0 0.7607421875 0.1826171875 0.03515625 0.02734375
0 0.7587890625 0.154296875 0.03125 0.037109375
0 0.7548828125 0.126953125 0.03515625 0.0234375
0 0.7548828125 0.099609375 0.03125 0.037109375
0 0.7509765625 0.0712890625 0.03125 0.0234375
0 0.748046875 0.04296875 0.033203125 0.03515625
0 0.7451171875 0.01953125 0.03515625 0.025390625
0 0.744140625 0.0048828125 0.03125 0.0078125
3 0.861328125 0.0146484375 0.0546875 0.029296875
2 0.8984375 0.01953125 0.052734375 0.0234375
2 0.9091796875 0.044921875 0.052734375 0.025390625
2 0.919921875 0.068359375 0.05078125 0.01953125
2 0.93359375 0.08984375 0.0546875 0.0234375
2 0.9443359375 0.1123046875 0.05078125 0.01953125
2 0.953125 0.1337890625 0.05078125 0.01953125
2 0.97265625 0.1787109375 0.05078125 0.01953125
2 0.98046875 0.19921875 0.0390625 0.01953125
2 0.9833984375 0.220703125 0.033203125 0.01953125
2 0.990234375 0.2431640625 0.01953125 0.01953125
0 0.98046875 0.287109375 0.02734375 0.01953125
0 0.9853515625 0.3115234375 0.029296875 0.033203125
0 0.9873046875 0.3388671875 0.025390625 0.025390625
0 0.9892578125 0.365234375 0.021484375 0.03515625
0 0.990234375 0.392578125 0.01953125 0.0234375
0 0.9931640625 0.4208984375 0.013671875 0.033203125
0 0.994140625 0.4482421875 0.01171875 0.0234375
4 0.6494140625 0.021484375 0.15234375 0.04296875
1 0.703125 0.0849609375 0.05078125 0.037109375
0 0.6513671875 0.0673828125 0.03515625 0.01953125
0 0.6650390625 0.0830078125 0.015625 0.0234375
0 0.6494140625 0.09375 0.0390625 0.015625
0 0.6298828125 0.08203125 0.03515625 0.0234375
0 0.6044921875 0.0673828125 0.0390625 0.01953125
0 0.5771484375 0.0791015625 0.03515625 0.01953125
0 0.5546875 0.06640625 0.041015625 0.0234375
0 0.5302734375 0.080078125 0.03515625 0.0234375
0 0.5537109375 0.0927734375 0.02734375 0.01171875
0 0.5263671875 0.0576171875 0.0234375 0.01171875
0 0.50390625 0.06640625 0.033203125 0.01953125
0 0.4765625 0.056640625 0.01953125 0.01171875
0 0.4580078125 0.0634765625 0.0234375 0.015625
0 0.423828125 0.0556640625 0.02734375 0.013671875
0 0.4013671875 0.064453125 0.037109375 0.01953125
0 0.4169921875 0.078125 0.013671875 0.0078125
0 0.380859375 0.0732421875 0.033203125 0.013671875
0 0.3544921875 0.0634765625 0.0390625 0.01953125
0 0.3779296875 0.056640625 0.02734375 0.009765625
4 0.6982421875 0.1875 0.099609375 0.0546875
1 0.65234375 0.2529296875 0.0390625 0.025390625
1 0.650390625 0.2158203125 0.0390625 0.029296875
1 0.59765625 0.1845703125 0.05859375 0.015625
0 0.5126953125 0.228515625 0.03125 0.021484375
1 0.513671875 0.2470703125 0.03125 0.01953125
1 0.513671875 0.205078125 0.02734375 0.0234375
1 0.611328125 0.27734375 0.07421875 0.013671875
1 0.5556640625 0.23046875 0.03125 0.04296875
4 0.6640625 0.423828125 0.1953125 0.0625
4 0.3046875 0.2177734375 0.16796875 0.16015625
0 0.3115234375 0.322265625 0.05859375 0.04296875
0 0.306640625 0.1201171875 0.056640625 0.041015625
1 0.26953125 0.0673828125 0.06640625 0.04296875
1 0.2763671875 0.3818359375 0.07421875 0.044921875
1 0.2490234375 0.3134765625 0.044921875 0.09765625
1 0.3642578125 0.3173828125 0.05859375 0.044921875
1 0.4052734375 0.302734375 0.02734375 0.01953125
1 0.396484375 0.2646484375 0.03125 0.05859375
1 0.3955078125 0.17578125 0.03125 0.0703125
1 0.3662109375 0.1279296875 0.046875 0.03125
0 0.6787109375 0.4697265625 0.037109375 0.01171875
0 0.6826171875 0.4453125 0.03515625 0.01953125
0 0.6552734375 0.4609375 0.0390625 0.021484375
0 0.603515625 0.4599609375 0.04296875 0.01953125
0 0.5751953125 0.4697265625 0.03515625 0.01171875
0 0.5517578125 0.458984375 0.03515625 0.0234375
0 0.5458984375 0.43359375 0.0390625 0.015625
0 0.5244140625 0.447265625 0.03125 0.0234375
0 0.51953125 0.470703125 0.03515625 0.015625
0 0.49609375 0.4599609375 0.03515625 0.0234375
0 0.4951171875 0.4326171875 0.03515625 0.015625
0 0.470703125 0.4462890625 0.03515625 0.01953125
0 0.46875 0.470703125 0.03515625 0.01171875
0 0.4423828125 0.4599609375 0.037109375 0.0234375
0 0.4169921875 0.4462890625 0.03515625 0.01953125
0 0.392578125 0.4609375 0.0390625 0.025390625
0 0.3642578125 0.4482421875 0.0390625 0.0234375
0 0.3876953125 0.431640625 0.041015625 0.01953125
0 0.3623046875 0.4716796875 0.041015625 0.009765625
0 0.3369140625 0.4638671875 0.041015625 0.017578125
0 0.337890625 0.435546875 0.02734375 0.015625
0 0.3125 0.4462890625 0.03125 0.017578125
4 0.0380859375 0.8818359375 0.07421875 0.046875
4 0.279296875 0.6689453125 0.38671875 0.091796875
4 0.6943359375 0.9521484375 0.2421875 0.068359375
4 0.681640625 0.681640625 0.21875 0.0625
4 0.537109375 0.6455078125 0.19921875 0.0703125
4 0.453125 0.5849609375 0.1015625 0.03515625
4 0.443359375 0.5634765625 0.05859375 0.013671875
4 0.462890625 0.5361328125 0.0703125 0.015625
4 0.44921875 0.9228515625 0.1171875 0.0390625
4 0.4755859375 0.857421875 0.234375 0.0546875
4 0.533203125 0.7919921875 0.04296875 0.01171875
4 0.5322265625 0.765625 0.0390625 0.015625
4 0.451171875 0.779296875 0.21484375 0.03515625
4 0.4560546875 0.8134765625 0.283203125 0.04296875
0 0.673828125 0.7080078125 0.046875 0.0234375
0 0.6220703125 0.7119140625 0.037109375 0.01953125
0 0.5625 0.712890625 0.0390625 0.015625
0 0.5390625 0.6982421875 0.037109375 0.01953125
0 0.509765625 0.712890625 0.037109375 0.01953125
0 0.4794921875 0.6982421875 0.0390625 0.01953125
0 0.4267578125 0.6982421875 0.037109375 0.02734375
0 0.3916015625 0.7138671875 0.033203125 0.01953125
0 0.3330078125 0.712890625 0.041015625 0.01953125
0 0.283203125 0.7138671875 0.0390625 0.015625
0 0.21875 0.71484375 0.0390625 0.01953125
0 0.685546875 0.9765625 0.05078125 0.025390625
0 0.6318359375 0.9794921875 0.041015625 0.01953125
0 0.6318359375 0.947265625 0.04296875 0.025390625
0 0.5712890625 0.9462890625 0.046875 0.021484375
0 0.5751953125 0.9794921875 0.0390625 0.021484375
0 0.5419921875 0.962890625 0.041015625 0.025390625
0 0.5126953125 0.9794921875 0.0390625 0.0234375
0 0.5126953125 0.9462890625 0.04296875 0.01953125
0 0.48828125 0.9638671875 0.04296875 0.0234375
0 0.4580078125 0.9794921875 0.03515625 0.0234375
0 0.4609375 0.94921875 0.041015625 0.01953125
0 0.4296875 0.96484375 0.04296875 0.0234375
0 0.400390625 0.98046875 0.0390625 0.0234375
0 0.3994140625 0.94921875 0.044921875 0.0234375
0 0.3720703125 0.96484375 0.0390625 0.02734375
0 0.3427734375 0.982421875 0.0390625 0.01953125
0 0.3408203125 0.951171875 0.03515625 0.021484375
0 0.31640625 0.9658203125 0.04296875 0.03125
0 0.28125 0.9833984375 0.03515625 0.0234375
0 0.2822265625 0.9521484375 0.037109375 0.025390625
0 0.25390625 0.9677734375 0.046875 0.02734375
0 0.2255859375 0.984375 0.046875 0.021484375
0 0.224609375 0.9521484375 0.04296875 0.0234375
1 0.0400390625 0.5546875 0.080078125 0.046875
1 0.0361328125 0.5166015625 0.072265625 0.04296875
1 0.0361328125 0.4638671875 0.072265625 0.056640625
1 0.0361328125 0.4267578125 0.072265625 0.0234375
1 0.060546875 0.119140625 0.046875 0.02734375
1 0.0615234375 0.1474609375 0.05078125 0.029296875
1 0.060546875 0.1796875 0.05078125 0.03125
1 0.0576171875 0.2099609375 0.05078125 0.029296875
1 0.0576171875 0.2451171875 0.046875 0.03125
1 0.0546875 0.2744140625 0.05078125 0.029296875
1 0.052734375 0.3134765625 0.044921875 0.02734375
1 0.05078125 0.3408203125 0.04296875 0.03125
1 0.0517578125 0.3779296875 0.052734375 0.029296875
1 0.0537109375 0.40625 0.05078125 0.02734375