3 0.5029296875 0.3876953125 0.994140625 0.478515625
2 0.8662109375 0.76171875 0.267578125 0.19921875
2 0.6787109375 0.7431640625 0.267578125 0.236328125
2 0.462890625 0.7509765625 0.216796875 0.1796875
2 0.30859375 0.73046875 0.134765625 0.13671875
2 0.9638671875 0.9833984375 0.072265625 0.033203125
2 0.8876953125 0.9345703125 0.140625 0.060546875
2 0.7958984375 0.9091796875 0.13671875 0.048828125
2 0.677734375 0.91796875 0.125 0.06640625
2 0.568359375 0.919921875 0.13671875 0.05859375
2 0.4453125 0.908203125 0.125 0.0703125
2 0.3193359375 0.87109375 0.1484375 0.0625
2 0.2177734375 0.8369140625 0.15234375 0.05859375
3 0.1376953125 0.693359375 0.24609375 0.21484375