1 0.0625 0.4599609375 0.125 0.3798828125
1 0.265625 0.435546875 0.2275390625 0.359375
1 0.5419921875 0.400390625 0.2763671875 0.345703125
1 0.8056640625 0.376953125 0.2451171875 0.3662109375
0 0.1064453125 0.1533203125 0.1162109375 0.1318359375
0 0.228515625 0.134765625 0.119140625 0.1123046875
0 0.3525390625 0.1279296875 0.123046875 0.103515625
0 0.4833984375 0.1064453125 0.111328125 0.10546875
0 0.6259765625 0.0908203125 0.1171875 0.123046875
0 0.7490234375 0.0654296875 0.1162109375 0.091796875
0 0.884765625 0.05078125 0.12109375 0.0859375