2 0.51953125 0.177734375 0.068359375 0.15625
3 0.2041015625 0.5986328125 0.107421875 0.119140625
3 0.81640625 0.560546875 0.111328125 0.1298828125
3 0.2255859375 0.75390625 0.1416015625 0.1220703125
3 0.01953125 0.6044921875 0.0390625 0.158203125
4 0.0361328125 0.896484375 0.0712890625 0.20703125
4 0.376953125 0.96875 0.1806640625 0.0615234375
4 0.9345703125 0.9619140625 0.115234375 0.076171875
2 0.25 0.587890625 0.0302734375 0.01953125
2 0.259765625 0.5751953125 0.03125 0.0185546875
2 0.2685546875 0.5615234375 0.0263671875 0.0146484375
2 0.2744140625 0.552734375 0.0283203125 0.0205078125
2 0.28515625 0.5400390625 0.025390625 0.015625
2 0.291015625 0.52734375 0.02734375 0.021484375
2 0.3017578125 0.515625 0.029296875 0.021484375
2 0.3076171875 0.5029296875 0.0322265625 0.0224609375
2 0.314453125 0.490234375 0.0283203125 0.021484375
2 0.322265625 0.4775390625 0.033203125 0.017578125
2 0.33203125 0.46484375 0.029296875 0.021484375
2 0.3359375 0.4521484375 0.02734375 0.01953125
2 0.3466796875 0.439453125 0.0244140625 0.021484375
2 0.353515625 0.4287109375 0.0263671875 0.029296875
2 0.361328125 0.416015625 0.02734375 0.0263671875
2 0.3681640625 0.4033203125 0.033203125 0.0185546875
2 0.37890625 0.392578125 0.0302734375 0.015625
2 0.3828125 0.37890625 0.0283203125 0.021484375
2 0.3916015625 0.3662109375 0.0283203125 0.0224609375
2 0.3994140625 0.35546875 0.033203125 0.0224609375
2 0.4072265625 0.3447265625 0.0322265625 0.0244140625
2 0.412109375 0.3310546875 0.0263671875 0.0185546875
2 0.4228515625 0.3173828125 0.0302734375 0.01953125
2 0.4287109375 0.3076171875 0.0263671875 0.0185546875
2 0.4365234375 0.29296875 0.0302734375 0.0205078125
2 0.4423828125 0.28125 0.03515625 0.0185546875
2 0.44921875 0.2685546875 0.02734375 0.021484375
2 0.4580078125 0.259765625 0.02734375 0.0244140625
2 0.462890625 0.24609375 0.0283203125 0.0185546875
2 0.47265625 0.2333984375 0.0283203125 0.0185546875
2 0.556640625 0.22265625 0.029296875 0.0205078125
2 0.5576171875 0.234375 0.03125 0.0185546875
2 0.5654296875 0.244140625 0.0302734375 0.017578125
2 0.5673828125 0.25390625 0.03515625 0.01953125
2 0.5771484375 0.2646484375 0.0322265625 0.0166015625
2 0.5830078125 0.275390625 0.037109375 0.0224609375
2 0.5888671875 0.2861328125 0.03515625 0.0205078125
2 0.595703125 0.2958984375 0.037109375 0.0234375
2 0.6015625 0.30859375 0.0341796875 0.01953125
2 0.6103515625 0.318359375 0.029296875 0.01953125
2 0.6181640625 0.330078125 0.0302734375 0.0224609375
2 0.62109375 0.3427734375 0.041015625 0.01953125
2 0.630859375 0.3544921875 0.0322265625 0.0205078125
2 0.6328125 0.3662109375 0.0302734375 0.0205078125
2 0.64453125 0.3779296875 0.0302734375 0.015625
2 0.6513671875 0.3896484375 0.0283203125 0.0185546875
2 0.6572265625 0.3994140625 0.0302734375 0.017578125
2 0.666015625 0.4140625 0.0302734375 0.0205078125
2 0.6728515625 0.4248046875 0.0322265625 0.017578125
2 0.6796875 0.4365234375 0.0302734375 0.0205078125
2 0.689453125 0.44921875 0.0400390625 0.015625
2 0.6962890625 0.458984375 0.0322265625 0.0224609375
2 0.703125 0.4716796875 0.025390625 0.021484375
2 0.7099609375 0.4853515625 0.0283203125 0.021484375
2 0.71875 0.498046875 0.0322265625 0.0166015625
2 0.7265625 0.5068359375 0.0283203125 0.017578125
2 0.7333984375 0.5185546875 0.02734375 0.017578125
2 0.7431640625 0.53125 0.0263671875 0.0205078125
2 0.7451171875 0.5380859375 0.0380859375 0.025390625
2 0.7666015625 0.552734375 0.0322265625 0.0205078125
1 0.3857421875 0.6064453125 0.0302734375 0.0244140625
1 0.412109375 0.6044921875 0.025390625 0.0234375
1 0.435546875 0.6005859375 0.025390625 0.0234375
1 0.458984375 0.599609375 0.0302734375 0.025390625
1 0.482421875 0.599609375 0.0283203125 0.025390625
1 0.51953125 0.5986328125 0.041015625 0.0224609375
1 0.546875 0.5966796875 0.03515625 0.0224609375
1 0.572265625 0.595703125 0.0322265625 0.0234375
1 0.6005859375 0.591796875 0.0341796875 0.0205078125
1 0.6201171875 0.5908203125 0.03515625 0.025390625
1 0.65234375 0.58984375 0.0380859375 0.0205078125
1 0.6845703125 0.5869140625 0.046875 0.0263671875
1 0.677734375 0.5673828125 0.0458984375 0.0166015625
1 0.6669921875 0.5537109375 0.044921875 0.0166015625
1 0.658203125 0.537109375 0.05078125 0.0224609375
1 0.65234375 0.5224609375 0.0556640625 0.0185546875
1 0.642578125 0.5087890625 0.0546875 0.017578125
1 0.6357421875 0.4931640625 0.0400390625 0.0185546875
1 0.623046875 0.478515625 0.0439453125 0.0224609375
1 0.6181640625 0.4619140625 0.048828125 0.021484375
1 0.6162109375 0.45703125 0.0341796875 0.029296875
1 0.6015625 0.4404296875 0.03125 0.029296875
1 0.59765625 0.431640625 0.0380859375 0.025390625
1 0.58984375 0.416015625 0.03125 0.02734375
1 0.58203125 0.40234375 0.029296875 0.02734375
1 0.578125 0.392578125 0.03515625 0.0234375
1 0.5693359375 0.376953125 0.0390625 0.0322265625
1 0.5595703125 0.3623046875 0.0234375 0.02734375
1 0.5546875 0.3505859375 0.0400390625 0.0283203125
1 0.515625 0.3544921875 0.033203125 0.025390625
1 0.5322265625 0.330078125 0.0576171875 0.0439453125
1 0.50390625 0.37109375 0.0341796875 0.021484375
1 0.4951171875 0.3857421875 0.037109375 0.0244140625
1 0.486328125 0.400390625 0.0361328125 0.025390625
1 0.4736328125 0.4140625 0.0380859375 0.0263671875
1 0.46875 0.4267578125 0.0380859375 0.021484375
1 0.455078125 0.44140625 0.0341796875 0.0234375
1 0.447265625 0.4580078125 0.0390625 0.0263671875
1 0.4306640625 0.4716796875 0.041015625 0.02734375
1 0.4228515625 0.4931640625 0.04296875 0.015625
1 0.4140625 0.5078125 0.04296875 0.0166015625
1 0.40625 0.5234375 0.0576171875 0.01953125
1 0.39453125 0.5380859375 0.0537109375 0.015625
1 0.3818359375 0.5537109375 0.052734375 0.0185546875
1 0.373046875 0.5703125 0.046875 0.0146484375
1 0.3662109375 0.5849609375 0.0498046875 0.017578125
1 0.3515625 0.6083984375 0.0458984375 0.029296875