1 0.9111328125 0.3232421875 0.177734375 0.369140625
1 0.685546875 0.3310546875 0.296875 0.404296875
1 0.36328125 0.33984375 0.36328125 0.38671875
1 0.0908203125 0.357421875 0.181640625 0.4375
0 0.974609375 0.7294921875 0.05078125 0.20703125
0 0.9091796875 0.728515625 0.12109375 0.21484375
0 0.810546875 0.7451171875 0.1171875 0.21484375
0 0.6806640625 0.751953125 0.109375 0.21484375
0 0.5751953125 0.7568359375 0.1171875 0.25390625
0 0.453125 0.78125 0.130859375 0.2578125
0 0.3203125 0.791015625 0.13671875 0.265625
0 0.1787109375 0.814453125 0.15625 0.23828125
0 0.0517578125 0.84375 0.103515625 0.26171875