1 0.7294921875 0.80859375 0.541015625 0.3828125
1 0.2265625 0.8095703125 0.453125 0.380859375
1 0.7119140625 0.16015625 0.576171875 0.3203125
1 0.2099609375 0.1611328125 0.419921875 0.322265625
0 0.923828125 0.4677734375 0.15234375 0.2265625
0 0.416015625 0.46875 0.314453125 0.22265625
1 0.1005859375 0.5390625 0.201171875 0.09375
1 0.7587890625 0.5400390625 0.22265625 0.091796875
1 0.7587890625 0.392578125 0.2265625 0.109375
1 0.6279296875 0.4677734375 0.1796875 0.203125
1 0.21484375 0.4677734375 0.19921875 0.2265625
1 0.0947265625 0.40234375 0.189453125 0.1015625