1 0.4462890625 0.3642578125 0.625 0.5234375
1 0.78515625 0.3359375 0.09765625 0.19140625
1 0.8115234375 0.5380859375 0.1171875 0.208984375
1 0.8017578125 0.693359375 0.15625 0.19140625
1 0.78125 0.8984375 0.3828125 0.203125
1 0.6083984375 0.705078125 0.259765625 0.236328125
1 0.0302734375 0.0126953125 0.060546875 0.025390625
1 0.033203125 0.052734375 0.06640625 0.1015625
1 0.0361328125 0.1298828125 0.072265625 0.09375
1 0.041015625 0.21484375 0.08203125 0.10546875
1 0.044921875 0.3076171875 0.08984375 0.109375
1 0.05078125 0.408203125 0.1015625 0.1328125
1 0.052734375 0.53515625 0.10546875 0.12890625
1 0.9345703125 0.0712890625 0.12890625 0.142578125