1 0.3349609375 0.56640625 0.146484375 0.234375
1 0.3779296875 0.7880859375 0.1884765625 0.2763671875
1 0.4072265625 0.9326171875 0.13671875 0.134765625
1 0.416015625 0.54296875 0.0771484375 0.2294921875
1 0.466796875 0.7392578125 0.0732421875 0.189453125
1 0.501953125 0.91015625 0.0625 0.1796875
1 0.375 0.3359375 0.0986328125 0.177734375
1 0.275390625 0.38671875 0.16015625 0.193359375
1 0.0361328125 0.15625 0.072265625 0.1240234375
1 0.0810546875 0.2138671875 0.0595703125 0.08984375
1 0.134765625 0.232421875 0.0517578125 0.09765625
1 0.1826171875 0.2705078125 0.046875 0.080078125
1 0.24609375 0.0947265625 0.0634765625 0.12890625
1 0.279296875 0.1748046875 0.0478515625 0.099609375
1 0.3115234375 0.103515625 0.0986328125 0.1298828125
1 0.3388671875 0.203125 0.076171875 0.1025390625
1 0.3154296875 0.0537109375 0.0908203125 0.1025390625
4 0.48046875 0.1806640625 0.1904296875 0.361328125
1 0.4853515625 0.44140625 0.1376953125 0.078125
1 0.4638671875 0.5595703125 0.060546875 0.1416015625
1 0.515625 0.53125 0.0673828125 0.1318359375
1 0.5712890625 0.529296875 0.0478515625 0.1279296875
1 0.6298828125 0.5380859375 0.0810546875 0.1767578125
1 0.689453125 0.513671875 0.0810546875 0.1689453125
1 0.525390625 0.712890625 0.046875 0.08203125
0 0.5029296875 0.728515625 0.0400390625 0.0673828125
0 0.580078125 0.796875 0.0478515625 0.0634765625
0 0.6044921875 0.701171875 0.03515625 0.064453125
0 0.5537109375 0.939453125 0.037109375 0.0654296875
0 0.6328125 0.9853515625 0.0458984375 0.0283203125
0 0.6533203125 0.89453125 0.0361328125 0.06640625
1 0.666015625 0.9482421875 0.033203125 0.0634765625
1 0.6171875 0.9453125 0.0478515625 0.0556640625
1 0.57421875 0.9140625 0.056640625 0.0966796875
1 0.6298828125 0.8896484375 0.0361328125 0.09375
1 0.6376953125 0.833984375 0.0400390625 0.056640625
1 0.5908203125 0.853515625 0.05078125 0.056640625
1 0.61328125 0.791015625 0.03125 0.0849609375
1 0.5478515625 0.80859375 0.021484375 0.0732421875
1 0.5693359375 0.7421875 0.0498046875 0.0576171875
1 0.515625 0.7900390625 0.0361328125 0.0654296875
1 0.5576171875 0.13671875 0.0771484375 0.1728515625
1 0.5712890625 0.080078125 0.0693359375 0.1591796875
1 0.607421875 0.078125 0.064453125 0.15625
1 0.6171875 0.02734375 0.033203125 0.0546875
1 0.6611328125 0.1025390625 0.0791015625 0.12890625
1 0.7099609375 0.125 0.078125 0.1748046875
1 0.7744140625 0.2255859375 0.0556640625 0.1474609375
1 0.826171875 0.326171875 0.0673828125 0.1669921875
1 0.921875 0.4453125 0.12890625 0.2646484375
4 0.9306640625 0.3056640625 0.138671875 0.6103515625
1 0.9375 0.765625 0.125 0.1953125