0 0.9775390625 0.1279296875 0.044921875 0.189453125
0 0.9365234375 0.2763671875 0.126953125 0.21875
0 0.8486328125 0.1240234375 0.15625 0.212890625
0 0.7646484375 0.2724609375 0.140625 0.19921875
0 0.94921875 0.57421875 0.1015625 0.208984375
0 0.865234375 0.734375 0.14453125 0.203125
0 0.861328125 0.4052734375 0.15234375 0.201171875
0 0.6611328125 0.126953125 0.16796875 0.201171875
0 0.5859375 0.259765625 0.1328125 0.1640625
0 0.4736328125 0.1240234375 0.1484375 0.23828125
0 0.3681640625 0.056640625 0.154296875 0.11328125
0 0.30078125 0.083984375 0.134765625 0.16796875
0 0.5849609375 0.88671875 0.171875 0.197265625
0 0.49609375 0.9462890625 0.1796875 0.107421875
0 0.7734375 0.8623046875 0.171875 0.234375
0 0.9462890625 0.84375 0.107421875 0.197265625
0 0.3349609375 0.98828125 0.1171875 0.0234375
2 0.1552734375 0.826171875 0.216796875 0.34765625
2 0.1494140625 0.2783203125 0.2265625 0.40234375
2 0.4091796875 0.2607421875 0.09375 0.1015625
2 0.4267578125 0.8603515625 0.0859375 0.115234375
2 0.3251953125 0.900390625 0.123046875 0.158203125
2 0.3154296875 0.2216796875 0.1015625 0.1328125
2 0.4111328125 0.3798828125 0.046875 0.05859375
2 0.4326171875 0.4248046875 0.04296875 0.041015625
2 0.455078125 0.4765625 0.041015625 0.0546875
2 0.4638671875 0.52734375 0.046875 0.05078125
2 0.462890625 0.58203125 0.041015625 0.0390625
2 0.4560546875 0.63671875 0.041015625 0.06640625
2 0.439453125 0.6884765625 0.037109375 0.046875
2 0.4189453125 0.7373046875 0.0390625 0.052734375
2 0.39453125 0.78125 0.037109375 0.04296875
2 0.3837890625 0.337890625 0.04296875 0.03515625
2 0.345703125 0.31640625 0.05078125 0.056640625
2 0.359375 0.7998046875 0.04296875 0.056640625