1 0.4091796875 0.4736328125 0.67578125 0.248046875
1 0.880859375 0.4501953125 0.23828125 0.34375
1 0.4013671875 0.1533203125 0.671875 0.265625
1 0.87890625 0.1376953125 0.2421875 0.275390625
1 0.1767578125 0.8603515625 0.2109375 0.279296875
1 0.3056640625 0.8564453125 0.15625 0.287109375
1 0.43359375 0.8583984375 0.203125 0.283203125
1 0.58203125 0.8642578125 0.19140625 0.271484375
1 0.755859375 0.87890625 0.154296875 0.2421875
1 0.8564453125 0.8564453125 0.140625 0.287109375
1 0.9453125 0.837890625 0.109375 0.32421875