4 0.095703125 0.3154296875 0.19140625 0.25390625
4 0.072265625 0.4375 0.14453125 0.177734375
1 0.0224609375 0.0595703125 0.04296875 0.029296875
1 0.076171875 0.0625 0.068359375 0.02734375
1 0.142578125 0.0615234375 0.06640625 0.025390625
1 0.2099609375 0.064453125 0.0625 0.03125
1 0.27734375 0.06640625 0.06640625 0.03125
1 0.34375 0.0673828125 0.06640625 0.02734375
1 0.41015625 0.0703125 0.07421875 0.029296875
1 0.474609375 0.072265625 0.060546875 0.03125
1 0.5400390625 0.072265625 0.0625 0.03125
1 0.6044921875 0.0751953125 0.0703125 0.03125
1 0.66796875 0.0751953125 0.064453125 0.03125
1 0.73046875 0.078125 0.0625 0.03515625
1 0.794921875 0.076171875 0.05859375 0.03515625
1 0.8505859375 0.078125 0.05859375 0.03125
1 0.91015625 0.0830078125 0.064453125 0.0234375
0 0.0048828125 0.1005859375 0.009765625 0.025390625
0 0.0400390625 0.1025390625 0.046875 0.025390625
0 0.0966796875 0.1015625 0.046875 0.02734375
0 0.1494140625 0.10546875 0.0546875 0.03125
0 0.203125 0.1064453125 0.04296875 0.02734375
0 0.2587890625 0.1064453125 0.05078125 0.02734375
0 0.310546875 0.10546875 0.05078125 0.03125
0 0.36328125 0.109375 0.044921875 0.03125
0 0.4189453125 0.1123046875 0.052734375 0.02734375
0 0.4716796875 0.111328125 0.044921875 0.029296875
0 0.51953125 0.1142578125 0.046875 0.03125
0 0.57421875 0.1142578125 0.048828125 0.02734375
0 0.6240234375 0.1181640625 0.04296875 0.02734375
0 0.6787109375 0.1201171875 0.04296875 0.03125
0 0.7314453125 0.1181640625 0.0546875 0.03125
0 0.783203125 0.1201171875 0.044921875 0.03125
0 0.833984375 0.1201171875 0.04296875 0.03125
0 0.884765625 0.12109375 0.03515625 0.025390625
0 0.9326171875 0.1240234375 0.04296875 0.03125
1 0.0068359375 0.1416015625 0.013671875 0.03515625
1 0.04296875 0.14453125 0.060546875 0.0390625
1 0.0966796875 0.142578125 0.046875 0.03125
1 0.1494140625 0.146484375 0.056640625 0.0390625
1 0.2041015625 0.14453125 0.0546875 0.03515625
1 0.2607421875 0.1474609375 0.0546875 0.0390625
1 0.3095703125 0.1455078125 0.048828125 0.03515625
1 0.361328125 0.150390625 0.064453125 0.0390625
1 0.4169921875 0.1494140625 0.05078125 0.03515625
1 0.47265625 0.154296875 0.05859375 0.04296875
1 0.51953125 0.154296875 0.041015625 0.03125
1 0.5732421875 0.1591796875 0.05859375 0.03125
1 0.6298828125 0.1572265625 0.046875 0.037109375
1 0.681640625 0.16015625 0.05078125 0.03515625
1 0.7294921875 0.15625 0.044921875 0.03125
1 0.7802734375 0.162109375 0.05859375 0.0390625
1 0.8359375 0.162109375 0.05078125 0.03125
1 0.884765625 0.1640625 0.05078125 0.03515625
1 0.93359375 0.1640625 0.029296875 0.03125
1 0.1494140625 0.2138671875 0.03515625 0.0390625
1 0.189453125 0.216796875 0.041015625 0.041015625
1 0.22265625 0.203125 0.03515625 0.03515625
1 0.2578125 0.2041015625 0.046875 0.0390625
1 0.33984375 0.1943359375 0.068359375 0.03515625
1 0.4267578125 0.1953125 0.0703125 0.03515625
1 0.541015625 0.2041015625 0.05859375 0.041015625
1 0.6240234375 0.205078125 0.05859375 0.037109375
1 0.7099609375 0.216796875 0.0625 0.046875
1 0.7998046875 0.216796875 0.064453125 0.03515625
1 0.884765625 0.2177734375 0.05078125 0.03515625
0 0.201171875 0.287109375 0.05078125 0.04296875
0 0.271484375 0.2783203125 0.05859375 0.04296875
0 0.1982421875 0.3349609375 0.05078125 0.046875
0 0.265625 0.3291015625 0.05859375 0.046875
0 0.2666015625 0.375 0.0546875 0.048828125
0 0.201171875 0.3837890625 0.0546875 0.04296875
0 0.1943359375 0.4326171875 0.056640625 0.05078125
0 0.267578125 0.4267578125 0.046875 0.05078125
0 0.26953125 0.482421875 0.05078125 0.05078125
0 0.1962890625 0.484375 0.0546875 0.048828125
0 0.1962890625 0.5322265625 0.05859375 0.05078125
0 0.267578125 0.5283203125 0.0546875 0.05078125
0 0.1943359375 0.5849609375 0.05078125 0.052734375
0 0.2685546875 0.5791015625 0.0546875 0.05078125
0 0.1982421875 0.6337890625 0.0546875 0.05078125
0 0.263671875 0.634765625 0.0546875 0.046875
0 0.197265625 0.6884765625 0.0546875 0.05078125
0 0.263671875 0.6826171875 0.048828125 0.046875
0 0.1923828125 0.734375 0.05078125 0.048828125
0 0.2646484375 0.7333984375 0.056640625 0.048828125
0 0.1953125 0.7900390625 0.052734375 0.05078125
0 0.2646484375 0.787109375 0.0625 0.052734375
0 0.1923828125 0.8388671875 0.05078125 0.052734375
0 0.1865234375 0.8896484375 0.0625 0.044921875
0 0.2607421875 0.837890625 0.046875 0.05078125
0 0.2587890625 0.8916015625 0.04296875 0.04296875
0 0.4892578125 0.287109375 0.056640625 0.03515625
0 0.388671875 0.345703125 0.056640625 0.03515625
0 0.5849609375 0.353515625 0.05859375 0.03125
0 0.4873046875 0.412109375 0.04296875 0.03125
0 0.3876953125 0.4765625 0.0546875 0.033203125
0 0.576171875 0.478515625 0.052734375 0.033203125
0 0.4853515625 0.5419921875 0.0625 0.03515625
0 0.3857421875 0.6064453125 0.052734375 0.0390625
0 0.5771484375 0.6103515625 0.0546875 0.03515625
0 0.48046875 0.671875 0.05859375 0.0390625
0 0.71484375 0.296875 0.0546875 0.03515625
0 0.8984375 0.3037109375 0.0546875 0.03515625
0 0.8037109375 0.3642578125 0.05078125 0.0390625
0 0.9052734375 0.4267578125 0.052734375 0.03515625
0 0.71875 0.4189453125 0.0546875 0.0390625
0 0.80859375 0.4873046875 0.052734375 0.04296875
0 0.9052734375 0.55078125 0.05078125 0.03515625
0 0.8095703125 0.6123046875 0.0546875 0.0390625
0 0.7138671875 0.5498046875 0.052734375 0.037109375
0 0.716796875 0.6748046875 0.056640625 0.0390625
0 0.90234375 0.67578125 0.05859375 0.03515625
1 0.1689453125 0.25390625 0.0390625 0.03125
1 0.19921875 0.25 0.041015625 0.033203125
1 0.2373046875 0.240234375 0.041015625 0.02734375
1 0.267578125 0.2431640625 0.0390625 0.029296875
1 0.3046875 0.2373046875 0.04296875 0.02734375
1 0.3486328125 0.236328125 0.041015625 0.033203125
1 0.3828125 0.2353515625 0.0390625 0.029296875
1 0.4208984375 0.2373046875 0.041015625 0.033203125
1 0.458984375 0.240234375 0.03515625 0.03125
1 0.4970703125 0.240234375 0.04296875 0.02734375
1 0.5341796875 0.244140625 0.03515625 0.03125
1 0.57421875 0.2421875 0.04296875 0.02734375
1 0.611328125 0.2412109375 0.03515625 0.02734375
1 0.646484375 0.2421875 0.03515625 0.03125
1 0.6953125 0.2529296875 0.041015625 0.02734375
1 0.734375 0.2529296875 0.041015625 0.03125
1 0.771484375 0.2548828125 0.0390625 0.029296875
1 0.810546875 0.2568359375 0.044921875 0.03125
1 0.841796875 0.25390625 0.037109375 0.02734375
1 0.8779296875 0.2587890625 0.0390625 0.03125
1 0.9150390625 0.2578125 0.04296875 0.03125
1 0.3994140625 0.263671875 0.0625 0.03125
1 0.3505859375 0.2783203125 0.05859375 0.05859375
1 0.3857421875 0.310546875 0.087890625 0.041015625
1 0.337890625 0.341796875 0.046875 0.05078125
1 0.4462890625 0.3447265625 0.0625 0.05078125
1 0.3876953125 0.380859375 0.09375 0.0390625
1 0.4365234375 0.2841796875 0.056640625 0.05078125
1 0.494140625 0.2587890625 0.064453125 0.0234375
1 0.5458984375 0.287109375 0.0703125 0.046875
1 0.4921875 0.3203125 0.10546875 0.04296875
1 0.580078125 0.26953125 0.064453125 0.029296875
1 0.625 0.2958984375 0.056640625 0.0546875
1 0.5810546875 0.3173828125 0.08203125 0.0390625
1 0.6328125 0.3505859375 0.0546875 0.052734375
1 0.5869140625 0.388671875 0.0703125 0.041015625
1 0.52734375 0.3505859375 0.05859375 0.048828125
1 0.4794921875 0.3759765625 0.072265625 0.04296875
1 0.5439453125 0.412109375 0.056640625 0.046875
1 0.431640625 0.4130859375 0.0625 0.046875
1 0.4814453125 0.44921875 0.07421875 0.048828125
1 0.388671875 0.4375 0.068359375 0.048828125
1 0.3466796875 0.40625 0.056640625 0.05859375
1 0.3427734375 0.4765625 0.048828125 0.0625
1 0.3916015625 0.513671875 0.076171875 0.05078125
1 0.443359375 0.4716796875 0.052734375 0.06640625
1 0.5244140625 0.48046875 0.0625 0.0546875
1 0.5751953125 0.44140625 0.076171875 0.04296875
1 0.62890625 0.4775390625 0.048828125 0.0546875
1 0.5791015625 0.517578125 0.08984375 0.04296875
1 0.4873046875 0.5068359375 0.078125 0.04296875
1 0.4296875 0.54296875 0.0546875 0.05078125
1 0.5419921875 0.5400390625 0.0703125 0.05078125
1 0.482421875 0.578125 0.0859375 0.0390625
1 0.3505859375 0.5380859375 0.0625 0.064453125
1 0.388671875 0.56640625 0.08203125 0.0390625
1 0.3359375 0.6025390625 0.04296875 0.0625
1 0.443359375 0.6015625 0.06640625 0.05078125
1 0.3828125 0.642578125 0.103515625 0.041015625
1 0.46875 0.6318359375 0.078125 0.04296875
1 0.5439453125 0.6708984375 0.0546875 0.05859375
1 0.4208984375 0.6728515625 0.0703125 0.05078125
1 0.521484375 0.611328125 0.056640625 0.05078125
1 0.5830078125 0.57421875 0.06640625 0.04296875
1 0.6220703125 0.544921875 0.0625 0.068359375
1 0.6279296875 0.607421875 0.05078125 0.048828125
1 0.572265625 0.6455078125 0.0859375 0.046875
1 0.6220703125 0.68359375 0.0625 0.06640625
1 0.7119140625 0.2626953125 0.068359375 0.041015625
1 0.673828125 0.294921875 0.03125 0.05078125
1 0.7666015625 0.294921875 0.0625 0.05078125
1 0.7119140625 0.33203125 0.06640625 0.0390625
1 0.806640625 0.2841796875 0.05078125 0.03125
1 0.8505859375 0.3017578125 0.0546875 0.056640625
1 0.89453125 0.2744140625 0.0546875 0.02734375
1 0.9462890625 0.2978515625 0.02734375 0.0546875
1 0.9033203125 0.3408203125 0.07421875 0.0390625
1 0.8046875 0.326171875 0.0859375 0.037109375
1 0.755859375 0.3623046875 0.0546875 0.05078125
1 0.8642578125 0.361328125 0.06640625 0.05078125
1 0.8095703125 0.4013671875 0.08984375 0.041015625
1 0.89453125 0.388671875 0.06640625 0.0390625
1 0.712890625 0.3857421875 0.076171875 0.0390625
1 0.6796875 0.423828125 0.03125 0.05078125
1 0.7734375 0.419921875 0.06640625 0.0546875
1 0.7119140625 0.4560546875 0.08203125 0.044921875
1 0.8037109375 0.44921875 0.08203125 0.041015625
1 0.75390625 0.4853515625 0.05078125 0.05078125
1 0.8623046875 0.482421875 0.05859375 0.0546875
1 0.9072265625 0.4599609375 0.072265625 0.046875
1 0.9384765625 0.48828125 0.0546875 0.048828125
1 0.8017578125 0.5205078125 0.1015625 0.041015625
1 0.7138671875 0.509765625 0.0703125 0.044921875
1 0.7646484375 0.541015625 0.05859375 0.0546875
1 0.71875 0.583984375 0.09375 0.0390625
1 0.84765625 0.5498046875 0.05859375 0.046875
1 0.896484375 0.513671875 0.06640625 0.0390625
1 0.9521484375 0.55078125 0.03515625 0.05078125
1 0.8994140625 0.5869140625 0.08203125 0.0390625
1 0.9375 0.615234375 0.05859375 0.0546875
1 0.8115234375 0.5732421875 0.083984375 0.05078125
1 0.751953125 0.6123046875 0.05078125 0.0546875
1 0.865234375 0.607421875 0.0546875 0.0546875
1 0.806640625 0.6474609375 0.083984375 0.03515625
1 0.91015625 0.6416015625 0.064453125 0.044921875
1 0.8515625 0.67578125 0.046875 0.0546875
1 0.9443359375 0.673828125 0.05078125 0.056640625
1 0.90625 0.7109375 0.09375 0.0390625
1 0.7744140625 0.6728515625 0.05859375 0.056640625
1 0.7236328125 0.6357421875 0.064453125 0.04296875
1 0.341796875 0.6767578125 0.0625 0.07421875
1 0.3857421875 0.703125 0.08203125 0.041015625
1 0.3349609375 0.740234375 0.056640625 0.05078125
1 0.4423828125 0.7431640625 0.05859375 0.052734375
1 0.380859375 0.77734375 0.0859375 0.037109375
1 0.33984375 0.806640625 0.068359375 0.06640625
1 0.3798828125 0.837890625 0.087890625 0.046875
1 0.326171875 0.8779296875 0.06640625 0.05859375
1 0.3798828125 0.91015625 0.068359375 0.0390625
1 0.44140625 0.876953125 0.0546875 0.0625
1 0.4287109375 0.8095703125 0.0546875 0.056640625
1 0.474609375 0.7705078125 0.07421875 0.046875
1 0.541015625 0.806640625 0.060546875 0.0625
1 0.4775390625 0.84765625 0.072265625 0.044921875
1 0.5283203125 0.876953125 0.060546875 0.05859375
1 0.57421875 0.8359375 0.078125 0.046875
1 0.62890625 0.8701171875 0.0625 0.0546875
1 0.576171875 0.9140625 0.095703125 0.0390625
1 0.48046875 0.90625 0.09375 0.04296875
1 0.5224609375 0.7412109375 0.060546875 0.0546875
1 0.5712890625 0.7021484375 0.0859375 0.046875
1 0.6298828125 0.736328125 0.0546875 0.05078125
1 0.576171875 0.77734375 0.08203125 0.046875
1 0.6240234375 0.806640625 0.0625 0.0625
0 0.5791015625 0.740234375 0.0625 0.04296875
0 0.3828125 0.740234375 0.06640625 0.044921875
0 0.482421875 0.8056640625 0.064453125 0.046875
0 0.580078125 0.8759765625 0.064453125 0.04296875
0 0.3857421875 0.8779296875 0.064453125 0.04296875
1 0.4794921875 0.7099609375 0.087890625 0.037109375
1 0.71484375 0.7109375 0.068359375 0.0390625
1 0.8115234375 0.70703125 0.08984375 0.044921875
1 0.8671875 0.7392578125 0.0703125 0.052734375
1 0.8134765625 0.775390625 0.078125 0.04296875
1 0.7568359375 0.740234375 0.0703125 0.05078125
1 0.7158203125 0.765625 0.08203125 0.0390625
1 0.7724609375 0.802734375 0.06640625 0.05859375
1 0.712890625 0.8369140625 0.080078125 0.046875
1 0.75390625 0.8701171875 0.07421875 0.0625
1 0.8046875 0.8330078125 0.083984375 0.05078125
1 0.8505859375 0.802734375 0.0703125 0.064453125
1 0.8994140625 0.7744140625 0.0703125 0.046875
1 0.951171875 0.8037109375 0.05078125 0.0546875
1 0.90234375 0.8447265625 0.07421875 0.0390625
1 0.9443359375 0.873046875 0.0546875 0.05078125
1 0.8955078125 0.8974609375 0.09375 0.05078125
1 0.865234375 0.8662109375 0.064453125 0.05078125
1 0.8076171875 0.9052734375 0.0625 0.0390625
1 0.7197265625 0.8955078125 0.083984375 0.0390625
0 0.71484375 0.8017578125 0.0546875 0.046875
0 0.80859375 0.7373046875 0.0625 0.044921875
0 0.9072265625 0.806640625 0.05859375 0.0390625
0 0.8095703125 0.8720703125 0.0625 0.0390625