4 0.580078125 0.0810546875 0.10546875 0.162109375
4 0.4794921875 0.091796875 0.0947265625 0.1826171875
4 0.4052734375 0.107421875 0.0673828125 0.2138671875
4 0.3427734375 0.1181640625 0.064453125 0.236328125
4 0.2919921875 0.1259765625 0.0751953125 0.2509765625
4 0.2314453125 0.1572265625 0.0546875 0.2509765625
4 0.1845703125 0.18359375 0.0458984375 0.2431640625
4 0.1416015625 0.2099609375 0.0419921875 0.2216796875
4 0.103515625 0.2255859375 0.0302734375 0.197265625
4 0.068359375 0.23828125 0.0380859375 0.193359375
4 0.025390625 0.2744140625 0.0498046875 0.150390625
4 0.69921875 0.0537109375 0.1328125 0.107421875
1 0.8583984375 0.7333984375 0.0966796875 0.4775390625
1 0.7255859375 0.7216796875 0.0830078125 0.435546875
1 0.60546875 0.7109375 0.0546875 0.3974609375
1 0.513671875 0.703125 0.0537109375 0.365234375
1 0.4306640625 0.7021484375 0.0361328125 0.337890625
1 0.3603515625 0.69921875 0.03515625 0.310546875
1 0.2998046875 0.6845703125 0.0302734375 0.296875