1 0.8798828125 0.048828125 0.240234375 0.09765625
1 0.6708984375 0.0400390625 0.224609375 0.078125
1 0.861328125 0.21875 0.27734375 0.109375
1 0.6181640625 0.2021484375 0.23828125 0.12109375
1 0.32421875 0.078125 0.220703125 0.140625
1 0.302734375 0.1962890625 0.177734375 0.09375
1 0.2841796875 0.271484375 0.1875 0.07421875
1 0.2724609375 0.333984375 0.16015625 0.064453125
1 0.0361328125 0.1123046875 0.0625 0.05859375
1 0.025390625 0.1513671875 0.05078125 0.05078125
1 0.009765625 0.1962890625 0.01953125 0.048828125
1 0.0498046875 0.2412109375 0.0625 0.08203125
1 0.017578125 0.275390625 0.03515625 0.04296875
1 0.0517578125 0.31640625 0.0625 0.0546875
0 0.0224609375 0.3447265625 0.044921875 0.087890625
0 0.0390625 0.4775390625 0.078125 0.05859375
0 0.982421875 0.916015625 0.03515625 0.05859375
0 0.947265625 0.8828125 0.07421875 0.046875
0 0.9287109375 0.921875 0.078125 0.05859375
0 0.857421875 0.8916015625 0.078125 0.044921875
0 0.8310546875 0.9345703125 0.078125 0.05859375
0 0.7705078125 0.8994140625 0.08203125 0.04296875
0 0.7451171875 0.9404296875 0.080078125 0.052734375
0 0.7998046875 0.96875 0.0625 0.041015625
0 0.6962890625 0.98046875 0.083984375 0.0390625
0 0.6796875 0.9189453125 0.078125 0.05078125
0 0.638671875 0.9560546875 0.078125 0.064453125
0 0.572265625 0.921875 0.07421875 0.056640625
0 0.537109375 0.9599609375 0.087890625 0.05859375
0 0.587890625 0.986328125 0.09375 0.02734375
0 0.484375 0.9912109375 0.0859375 0.017578125
0 0.470703125 0.9404296875 0.078125 0.0546875
0 0.4267578125 0.9736328125 0.0859375 0.052734375
0 0.359375 0.9453125 0.09375 0.060546875
0 0.2890625 0.98046875 0.09375 0.0390625
0 0.248046875 0.95703125 0.0625 0.0546875