1 0.0673828125 0.599609375 0.134765625 0.2216796875
1 0.1015625 0.4189453125 0.1640625 0.1923828125
1 0.1025390625 0.2373046875 0.06640625 0.1640625
1 0.2333984375 0.2802734375 0.169921875 0.169921875
1 0.4169921875 0.19140625 0.10546875 0.091796875
1 0.3681640625 0.2373046875 0.0849609375 0.099609375
1 0.3515625 0.3251953125 0.064453125 0.0947265625
1 0.2060546875 0.62109375 0.1572265625 0.1865234375
1 0.4267578125 0.6533203125 0.0537109375 0.0966796875
1 0.33984375 0.6806640625 0.0615234375 0.0751953125
1 0.603515625 0.65625 0.07421875 0.09765625
1 0.681640625 0.6728515625 0.083984375 0.1103515625
1 0.75390625 0.4853515625 0.111328125 0.15234375
1 0.81640625 0.6259765625 0.16015625 0.18359375
1 0.9423828125 0.6171875 0.115234375 0.23046875
1 0.904296875 0.4501953125 0.181640625 0.169921875
1 0.75390625 0.423828125 0.1416015625 0.1025390625
1 0.7509765625 0.484375 0.130859375 0.1357421875
1 0.7666015625 0.296875 0.1982421875 0.1875
1 0.615234375 0.2392578125 0.140625 0.1259765625
1 0.654296875 0.34765625 0.0693359375 0.0908203125
1 0.833984375 0.2041015625 0.1435546875 0.0634765625
1 0.900390625 0.2958984375 0.103515625 0.1513671875
0 0.9580078125 0.2109375 0.044921875 0.060546875
0 0.96484375 0.2666015625 0.052734375 0.05859375
0 0.98046875 0.3291015625 0.0390625 0.0673828125
0 0.9931640625 0.392578125 0.013671875 0.060546875
0 0.2158203125 0.0078125 0.041015625 0.015625
0 0.26171875 0.0107421875 0.0400390625 0.021484375
0 0.3134765625 0.0107421875 0.04296875 0.0205078125
0 0.361328125 0.0107421875 0.04296875 0.021484375
0 0.4091796875 0.0107421875 0.0419921875 0.021484375
0 0.455078125 0.013671875 0.04296875 0.02734375
0 0.5048828125 0.015625 0.037109375 0.03125
0 0.552734375 0.017578125 0.0390625 0.03515625
0 0.6015625 0.017578125 0.0390625 0.03515625
0 0.646484375 0.0166015625 0.0419921875 0.033203125
0 0.6953125 0.017578125 0.0419921875 0.0341796875
0 0.740234375 0.0166015625 0.0380859375 0.033203125
0 0.7919921875 0.017578125 0.0380859375 0.03515625
0 0.837890625 0.017578125 0.0439453125 0.033203125
0 0.8837890625 0.0205078125 0.041015625 0.041015625
0 0.93359375 0.0205078125 0.0400390625 0.041015625
0 0.9814453125 0.0185546875 0.037109375 0.037109375