0 0.9267578125 0.2900390625 0.146484375 0.193359375
0 0.9296875 0.513671875 0.140625 0.189453125
0 0.7763671875 0.5029296875 0.15625 0.20703125
0 0.7666015625 0.2939453125 0.15625 0.18359375
0 0.6005859375 0.2998046875 0.15625 0.19921875
0 0.6025390625 0.5048828125 0.1640625 0.169921875
0 0.4443359375 0.2958984375 0.15625 0.17578125
0 0.4443359375 0.5029296875 0.16015625 0.1953125
0 0.275390625 0.291015625 0.162109375 0.177734375
0 0.2724609375 0.494140625 0.16015625 0.19140625
0 0.123046875 0.29296875 0.140625 0.16015625
0 0.1279296875 0.5087890625 0.14453125 0.1875
1 0.912109375 0.0517578125 0.17578125 0.103515625
1 0.7177734375 0.0634765625 0.21484375 0.12109375
1 0.5205078125 0.0517578125 0.2109375 0.103515625
1 0.326171875 0.05859375 0.1953125 0.111328125
1 0.150390625 0.0615234375 0.1875 0.123046875
1 0.91015625 0.7998046875 0.1796875 0.140625
1 0.724609375 0.7880859375 0.208984375 0.140625
1 0.5244140625 0.7822265625 0.21484375 0.1484375
1 0.3359375 0.7724609375 0.197265625 0.14453125
1 0.154296875 0.7646484375 0.1953125 0.150390625