1 0.16015625 0.70703125 0.064453125 0.24609375
2 0.994140625 0.3837890625 0.01171875 0.0546875
2 0.9755859375 0.3916015625 0.01953125 0.0625
2 0.9482421875 0.4033203125 0.01953125 0.064453125
2 0.9228515625 0.4150390625 0.015625 0.05859375
2 0.896484375 0.4228515625 0.01953125 0.0625
2 0.869140625 0.431640625 0.017578125 0.0625
2 0.8408203125 0.443359375 0.01953125 0.060546875
2 0.814453125 0.455078125 0.0234375 0.064453125
2 0.7841796875 0.4638671875 0.01953125 0.0625
2 0.7587890625 0.4755859375 0.01953125 0.060546875
2 0.7294921875 0.4853515625 0.015625 0.060546875
2 0.701171875 0.4921875 0.01953125 0.05859375
3 0.59765625 0.416015625 0.03515625 0.158203125
1 0.4111328125 0.9658203125 0.146484375 0.06640625
1 0.2705078125 0.9677734375 0.04296875 0.064453125
1 0.5517578125 0.9208984375 0.0625 0.078125
1 0.5908203125 0.9755859375 0.09375 0.048828125
0 0.42578125 0.744140625 0.03515625 0.05078125
0 0.8447265625 0.8515625 0.04296875 0.048828125
0 0.76953125 0.8642578125 0.04296875 0.046875
0 0.974609375 0.591796875 0.04296875 0.044921875
0 0.8955078125 0.60546875 0.052734375 0.046875
0 0.8173828125 0.626953125 0.05078125 0.04296875
0 0.7431640625 0.6455078125 0.048828125 0.0390625