1 0.560546875 0.388671875 0.5947265625 0.498046875
1 0.23828125 0.3603515625 0.091796875 0.1806640625
1 0.212890625 0.5537109375 0.1103515625 0.19921875
1 0.2216796875 0.7021484375 0.1494140625 0.18359375
1 0.2421875 0.900390625 0.3642578125 0.1982421875
1 0.40625 0.712890625 0.248046875 0.224609375
1 0.96484375 0.033203125 0.0703125 0.06640625
1 0.9619140625 0.0927734375 0.0751953125 0.09765625
1 0.958984375 0.1650390625 0.08203125 0.08984375
1 0.9541015625 0.24609375 0.0908203125 0.1005859375
1 0.9501953125 0.3349609375 0.0986328125 0.10546875
1 0.9453125 0.4306640625 0.109375 0.1259765625
1 0.939453125 0.55078125 0.1064453125 0.1240234375
1 0.08984375 0.0888671875 0.1357421875 0.1767578125