4 0.248046875 0.66796875 0.1953125 0.4384765625
4 0.5400390625 0.701171875 0.265625 0.4599609375
4 0.7861328125 0.7236328125 0.1884765625 0.447265625
0 0.060546875 0.8154296875 0.0302734375 0.0322265625
0 0.125 0.814453125 0.0361328125 0.03515625
0 0.1884765625 0.8125 0.021484375 0.0302734375
1 0.0048828125 0.8583984375 0.009765625 0.0400390625
1 0.029296875 0.85546875 0.0341796875 0.0361328125
1 0.0615234375 0.8564453125 0.0361328125 0.0361328125
1 0.0927734375 0.8564453125 0.0322265625 0.03515625
1 0.126953125 0.85546875 0.0322265625 0.0400390625
1 0.15625 0.853515625 0.0322265625 0.033203125
1 0.1884765625 0.853515625 0.029296875 0.033203125
0 0.275390625 0.8935546875 0.0244140625 0.060546875
0 0.30859375 0.8857421875 0.0458984375 0.0634765625
1 0.12890625 0.9609375 0.05078125 0.078125
1 0.205078125 0.95703125 0.05859375 0.0859375
1 0.28125 0.953125 0.0703125 0.09375
1 0.37109375 0.955078125 0.0634765625 0.0888671875
1 0.447265625 0.9541015625 0.0625 0.091796875
1 0.529296875 0.953125 0.07421875 0.09375
1 0.615234375 0.953125 0.0693359375 0.09375
1 0.6982421875 0.951171875 0.0654296875 0.0966796875
1 0.7734375 0.9501953125 0.064453125 0.099609375
1 0.8525390625 0.9541015625 0.068359375 0.091796875
1 0.931640625 0.951171875 0.052734375 0.0966796875
4 0.97265625 0.95703125 0.05078125 0.0859375
4 0.8916015625 0.95703125 0.0478515625 0.0859375
4 0.810546875 0.955078125 0.052734375 0.083984375
4 0.7353515625 0.95703125 0.052734375 0.0859375
4 0.6513671875 0.9541015625 0.04296875 0.0888671875
4 0.5751953125 0.9560546875 0.046875 0.087890625
4 0.4912109375 0.9541015625 0.052734375 0.091796875
4 0.4111328125 0.95703125 0.044921875 0.0859375
4 0.330078125 0.95703125 0.0537109375 0.0859375
4 0.244140625 0.958984375 0.0556640625 0.0810546875
4 0.1630859375 0.958984375 0.046875 0.08203125
1 0.83203125 0.8671875 0.0244140625 0.0458984375
1 0.861328125 0.861328125 0.0302734375 0.0341796875
1 0.8935546875 0.86328125 0.033203125 0.0419921875
1 0.9208984375 0.859375 0.033203125 0.037109375
1 0.953125 0.861328125 0.025390625 0.0439453125
1 0.984375 0.861328125 0.02734375 0.0390625
0 0.9541015625 0.8212890625 0.0380859375 0.029296875
0 0.890625 0.8203125 0.03125 0.0361328125