4 0.517578125 0.1494140625 0.0498046875 0.1826171875
4 0.365234375 0.2822265625 0.052734375 0.130859375
4 0.271484375 0.369140625 0.044921875 0.1103515625
4 0.20703125 0.4267578125 0.0380859375 0.0908203125
4 0.158203125 0.4677734375 0.0380859375 0.0693359375
4 0.125 0.5029296875 0.0283203125 0.0615234375
4 0.1005859375 0.52734375 0.0263671875 0.0478515625
4 0.1552734375 0.640625 0.0341796875 0.205078125
4 0.6474609375 0.2919921875 0.044921875 0.1484375
4 0.7333984375 0.3984375 0.037109375 0.115234375
4 0.7998046875 0.486328125 0.0302734375 0.09375
4 0.83984375 0.515625 0.0263671875 0.0771484375
4 0.873046875 0.560546875 0.021484375 0.0654296875
4 0.8994140625 0.61328125 0.0185546875 0.0439453125
4 0.9189453125 0.6337890625 0.009765625 0.0380859375
4 0.9296875 0.6474609375 0.009765625 0.033203125
0 0.396484375 0.296875 0.0107421875 0.029296875
0 0.408203125 0.2861328125 0.01171875 0.0126953125
0 0.4208984375 0.30078125 0.017578125 0.0263671875
0 0.40625 0.3115234375 0.017578125 0.0205078125
0 0.4169921875 0.3369140625 0.0146484375 0.03515625
0 0.3955078125 0.3310546875 0.009765625 0.025390625
0 0.404296875 0.3505859375 0.01953125 0.0302734375
0 0.4130859375 0.369140625 0.0185546875 0.0361328125
0 0.3935546875 0.3681640625 0.01171875 0.025390625
0 0.4033203125 0.384765625 0.0234375 0.0322265625
0 0.3896484375 0.41015625 0.0146484375 0.025390625
0 0.4091796875 0.4140625 0.01953125 0.0263671875
0 0.3984375 0.431640625 0.0224609375 0.0322265625
0 0.4072265625 0.4521484375 0.0166015625 0.033203125
0 0.41796875 0.4384765625 0.0068359375 0.0234375
0 0.3828125 0.43359375 0.00390625 0.0146484375
0 0.3857421875 0.453125 0.013671875 0.0322265625
0 0.396484375 0.470703125 0.0224609375 0.0341796875
0 0.4140625 0.4794921875 0.0126953125 0.0283203125
0 0.404296875 0.494140625 0.0185546875 0.033203125
0 0.384765625 0.4931640625 0.0166015625 0.0302734375
0 0.3935546875 0.5146484375 0.0224609375 0.033203125
0 0.4033203125 0.5361328125 0.01953125 0.0380859375
0 0.3798828125 0.5380859375 0.0146484375 0.0341796875
0 0.388671875 0.55859375 0.0244140625 0.037109375
0 0.408203125 0.5634765625 0.009765625 0.03125
0 0.400390625 0.5810546875 0.01953125 0.0380859375
0 0.376953125 0.5830078125 0.0126953125 0.029296875
0 0.384765625 0.6025390625 0.0263671875 0.0390625
0 0.3720703125 0.6279296875 0.0146484375 0.0380859375
0 0.396484375 0.6279296875 0.0205078125 0.04296875
0 0.3818359375 0.6484375 0.0224609375 0.0419921875
0 0.39453125 0.671875 0.015625 0.025390625
0 0.369140625 0.66796875 0.013671875 0.025390625
0 0.4033203125 0.654296875 0.0087890625 0.0322265625
0 0.306640625 0.3701171875 0.0126953125 0.0126953125
0 0.314453125 0.3818359375 0.0146484375 0.021484375
0 0.298828125 0.380859375 0.0087890625 0.0224609375
0 0.3037109375 0.39453125 0.0166015625 0.0244140625
0 0.3193359375 0.40625 0.0087890625 0.0234375
0 0.3115234375 0.416015625 0.015625 0.0234375
0 0.2978515625 0.41015625 0.005859375 0.015625
0 0.30078125 0.42578125 0.017578125 0.02734375
0 0.30859375 0.4453125 0.013671875 0.02734375
0 0.291015625 0.4423828125 0.0107421875 0.0166015625
0 0.296875 0.458984375 0.015625 0.0283203125
0 0.3115234375 0.46484375 0.0087890625 0.0234375
0 0.3046875 0.4775390625 0.0166015625 0.029296875
0 0.287109375 0.4765625 0.0087890625 0.025390625
0 0.29296875 0.490234375 0.017578125 0.0234375
0 0.3115234375 0.5 0.0048828125 0.0224609375
0 0.2998046875 0.509765625 0.017578125 0.025390625
0 0.2841796875 0.509765625 0.0068359375 0.021484375
0 0.2890625 0.52734375 0.0166015625 0.0234375
0 0.2978515625 0.548828125 0.0146484375 0.0302734375
0 0.3076171875 0.533203125 0.0068359375 0.0283203125
0 0.28125 0.5419921875 0.0078125 0.0224609375
0 0.28515625 0.5615234375 0.017578125 0.02734375
0 0.2939453125 0.58203125 0.0166015625 0.029296875
0 0.27734375 0.5791015625 0.0078125 0.0224609375
0 0.283203125 0.5966796875 0.0185546875 0.029296875
0 0.291015625 0.615234375 0.0146484375 0.0341796875
0 0.2724609375 0.6171875 0.0078125 0.0263671875
0 0.2783203125 0.634765625 0.017578125 0.02734375
0 0.287109375 0.6552734375 0.0166015625 0.029296875
0 0.2685546875 0.6513671875 0.013671875 0.0224609375
0 0.2734375 0.6728515625 0.0205078125 0.025390625
0 0.283203125 0.6875 0.017578125 0.017578125
0 0.2919921875 0.6748046875 0.0126953125 0.0185546875
0 0.265625 0.6884765625 0.0068359375 0.015625
0 0.126953125 0.5419921875 0.009765625 0.0185546875
0 0.125 0.5595703125 0.005859375 0.015625
0 0.1298828125 0.5712890625 0.0126953125 0.0185546875
0 0.1220703125 0.580078125 0.009765625 0.017578125
0 0.1181640625 0.6005859375 0.0087890625 0.0205078125
0 0.115234375 0.6220703125 0.009765625 0.0185546875
0 0.1123046875 0.638671875 0.009765625 0.0166015625
0 0.1162109375 0.650390625 0.0126953125 0.021484375
0 0.11328125 0.6728515625 0.01171875 0.01953125
0 0.1103515625 0.6923828125 0.0087890625 0.01953125
0 0.12109375 0.6318359375 0.0107421875 0.017578125
0 0.107421875 0.65234375 0.0048828125 0.0126953125
0 0.15234375 0.505859375 0.0107421875 0.0126953125
0 0.1552734375 0.53515625 0.0126953125 0.0185546875
0 0.158203125 0.515625 0.0107421875 0.017578125
0 0.1494140625 0.5224609375 0.01171875 0.0185546875
0 0.146484375 0.5419921875 0.0126953125 0.021484375
0 0.1494140625 0.5546875 0.0078125 0.0166015625
0 0.1435546875 0.564453125 0.01171875 0.015625
0 0.1484375 0.576171875 0.0146484375 0.0224609375
0 0.1396484375 0.5869140625 0.009765625 0.015625
0 0.142578125 0.595703125 0.0087890625 0.0126953125
0 0.1337890625 0.59765625 0.005859375 0.0107421875
0 0.13671875 0.6083984375 0.0087890625 0.0146484375
0 0.1328125 0.630859375 0.01171875 0.0166015625
0 0.1337890625 0.6435546875 0.001953125 0.017578125
0 0.126953125 0.6435546875 0.0048828125 0.009765625
0 0.12890625 0.6533203125 0.009765625 0.0185546875
0 0.1328125 0.6640625 0.0068359375 0.0224609375
0 0.1259765625 0.673828125 0.0078125 0.0263671875
0 0.1298828125 0.6904296875 0.009765625 0.021484375
0 0.1220703125 0.6982421875 0.0087890625 0.0185546875
0 0.12890625 0.7080078125 0.0087890625 0.0166015625
0 0.1962890625 0.482421875 0.009765625 0.0234375
0 0.189453125 0.4755859375 0.0087890625 0.013671875
0 0.1865234375 0.4951171875 0.01171875 0.017578125
0 0.193359375 0.505859375 0.01171875 0.0205078125
0 0.18359375 0.517578125 0.0126953125 0.0185546875
0 0.189453125 0.52734375 0.01171875 0.0224609375
0 0.1787109375 0.541015625 0.01171875 0.01953125
0 0.185546875 0.552734375 0.0126953125 0.0234375
0 0.17578125 0.5634765625 0.0107421875 0.0224609375
0 0.181640625 0.5791015625 0.01171875 0.0234375
0 0.1796875 0.603515625 0.0107421875 0.0234375
0 0.17578125 0.62890625 0.0107421875 0.0244140625
0 0.171875 0.654296875 0.0078125 0.021484375
0 0.1796875 0.6474609375 0.0087890625 0.017578125
0 0.173828125 0.6728515625 0.0068359375 0.0224609375
0 0.23828125 0.4306640625 0.0087890625 0.0146484375
0 0.24609375 0.4423828125 0.009765625 0.0205078125
0 0.2314453125 0.44140625 0.0087890625 0.0146484375
0 0.2353515625 0.451171875 0.0126953125 0.01953125
0 0.2421875 0.4658203125 0.01171875 0.0244140625
0 0.25 0.458984375 0.0068359375 0.0224609375
0 0.2314453125 0.4765625 0.01171875 0.0224609375
0 0.2373046875 0.494140625 0.013671875 0.0263671875
0 0.24609375 0.484375 0.0068359375 0.0205078125
0 0.2275390625 0.50390625 0.0107421875 0.025390625
0 0.234375 0.51953125 0.0107421875 0.0234375
0 0.2216796875 0.521484375 0.00390625 0.0166015625
0 0.224609375 0.533203125 0.009765625 0.0205078125
0 0.23046875 0.5517578125 0.0107421875 0.0224609375
0 0.2177734375 0.548828125 0.0048828125 0.017578125
0 0.220703125 0.5634765625 0.0087890625 0.0283203125
0 0.228515625 0.5810546875 0.0087890625 0.0205078125
0 0.236328125 0.5673828125 0.0068359375 0.021484375
0 0.2138671875 0.5771484375 0.005859375 0.017578125
0 0.216796875 0.5947265625 0.0126953125 0.0234375
0 0.2236328125 0.6103515625 0.013671875 0.0263671875
0 0.2099609375 0.6083984375 0.0087890625 0.017578125
0 0.212890625 0.6240234375 0.0107421875 0.0263671875
0 0.220703125 0.63671875 0.015625 0.02734375
0 0.205078125 0.6376953125 0.0078125 0.017578125
0 0.2099609375 0.6552734375 0.0126953125 0.02734375
0 0.216796875 0.6689453125 0.0126953125 0.0244140625
0 0.2236328125 0.6591796875 0.0078125 0.017578125
0 0.205078125 0.68359375 0.0166015625 0.01953125
0 0.2216796875 0.6884765625 0.009765625 0.021484375
0 0.212890625 0.69921875 0.0107421875 0.0146484375
0 0.49609375 0.2587890625 0.017578125 0.033203125
0 0.4951171875 0.2958984375 0.0126953125 0.0322265625
0 0.5126953125 0.3203125 0.0234375 0.0263671875
0 0.5224609375 0.3017578125 0.013671875 0.02734375
0 0.48828125 0.3251953125 0.005859375 0.015625
0 0.494140625 0.345703125 0.017578125 0.0283203125
0 0.5078125 0.36328125 0.0185546875 0.03125
0 0.5224609375 0.349609375 0.01171875 0.0341796875
0 0.494140625 0.390625 0.021484375 0.033203125
0 0.5205078125 0.39453125 0.01953125 0.0322265625
0 0.5068359375 0.4130859375 0.021484375 0.03125
0 0.4931640625 0.439453125 0.021484375 0.0341796875
0 0.517578125 0.4453125 0.01953125 0.0380859375
0 0.505859375 0.4638671875 0.0244140625 0.0390625
0 0.490234375 0.4921875 0.01953125 0.03515625
0 0.517578125 0.49609375 0.01953125 0.03515625
0 0.5048828125 0.515625 0.0263671875 0.0361328125
0 0.4892578125 0.546875 0.01953125 0.03515625
0 0.517578125 0.548828125 0.021484375 0.0400390625
0 0.501953125 0.5693359375 0.0244140625 0.0361328125
0 0.48828125 0.6015625 0.0185546875 0.0390625
0 0.5146484375 0.603515625 0.0224609375 0.046875
0 0.5009765625 0.630859375 0.0341796875 0.0390625
0 0.4833984375 0.6533203125 0.0185546875 0.0263671875
0 0.5146484375 0.65234375 0.021484375 0.03125
0 0.5947265625 0.3173828125 0.0166015625 0.025390625
0 0.6083984375 0.33203125 0.0224609375 0.033203125
0 0.615234375 0.31640625 0.009765625 0.0234375
0 0.5947265625 0.3515625 0.017578125 0.02734375
0 0.609375 0.369140625 0.0166015625 0.029296875
0 0.5966796875 0.3896484375 0.017578125 0.02734375
0 0.6083984375 0.4091796875 0.0185546875 0.03125
0 0.59765625 0.4287109375 0.015625 0.03125
0 0.6181640625 0.4306640625 0.01171875 0.0322265625
0 0.607421875 0.447265625 0.0205078125 0.03125
0 0.595703125 0.46875 0.0166015625 0.0322265625
0 0.6181640625 0.470703125 0.013671875 0.02734375
0 0.609375 0.4873046875 0.021484375 0.0283203125
0 0.5986328125 0.51171875 0.0224609375 0.0322265625
0 0.619140625 0.513671875 0.017578125 0.0322265625
0 0.6103515625 0.53125 0.021484375 0.03125
0 0.59765625 0.5556640625 0.015625 0.033203125
0 0.619140625 0.55859375 0.015625 0.0380859375
0 0.611328125 0.576171875 0.017578125 0.0302734375
0 0.5986328125 0.599609375 0.01953125 0.03515625
0 0.6201171875 0.6025390625 0.013671875 0.03515625
0 0.6123046875 0.6201171875 0.0234375 0.033203125
0 0.5966796875 0.64453125 0.0205078125 0.0361328125
0 0.6220703125 0.646484375 0.015625 0.0380859375
0 0.6103515625 0.6650390625 0.01953125 0.03515625
0 0.5986328125 0.685546875 0.0146484375 0.0244140625
0 0.623046875 0.6865234375 0.0126953125 0.0234375
0 0.685546875 0.416015625 0.0126953125 0.0244140625
0 0.69921875 0.427734375 0.0146484375 0.0263671875
0 0.6884765625 0.4453125 0.015625 0.025390625
0 0.69921875 0.4599609375 0.0107421875 0.0244140625
0 0.689453125 0.4765625 0.01171875 0.0263671875
0 0.69921875 0.490234375 0.0146484375 0.025390625
0 0.69140625 0.509765625 0.0166015625 0.0234375
0 0.7080078125 0.5107421875 0.0078125 0.0234375
0 0.701171875 0.5234375 0.0146484375 0.0234375
0 0.69140625 0.5400390625 0.015625 0.0263671875
0 0.708984375 0.5458984375 0.0087890625 0.0185546875
0 0.703125 0.55859375 0.015625 0.0234375
0 0.6943359375 0.576171875 0.01171875 0.029296875
0 0.7109375 0.5771484375 0.009765625 0.0244140625
0 0.7060546875 0.5947265625 0.017578125 0.02734375
0 0.6953125 0.6123046875 0.0126953125 0.02734375
0 0.712890625 0.611328125 0.0078125 0.0234375
0 0.7060546875 0.62890625 0.017578125 0.02734375
0 0.697265625 0.6484375 0.0146484375 0.0283203125
0 0.7138671875 0.6455078125 0.0078125 0.029296875
0 0.7080078125 0.6640625 0.017578125 0.029296875
0 0.6982421875 0.68359375 0.0126953125 0.03125
0 0.7158203125 0.68359375 0.0078125 0.0302734375
0 0.708984375 0.7021484375 0.0146484375 0.0283203125
0 0.69921875 0.712890625 0.013671875 0.021484375
0 0.7626953125 0.498046875 0.0126953125 0.017578125
0 0.771484375 0.5087890625 0.009765625 0.0185546875
0 0.7646484375 0.5244140625 0.0126953125 0.01953125
0 0.7734375 0.53515625 0.009765625 0.0205078125
0 0.7666015625 0.55078125 0.009765625 0.017578125
0 0.7783203125 0.5625 0.009765625 0.01953125
0 0.76953125 0.5751953125 0.0126953125 0.01953125
0 0.7783203125 0.5888671875 0.01171875 0.01953125
0 0.7705078125 0.6015625 0.01171875 0.021484375
0 0.7802734375 0.61328125 0.013671875 0.0224609375
0 0.7734375 0.6298828125 0.009765625 0.0224609375
0 0.7822265625 0.6435546875 0.013671875 0.0234375
0 0.7744140625 0.6572265625 0.0126953125 0.017578125
0 0.7841796875 0.6728515625 0.01171875 0.01953125
0 0.775390625 0.685546875 0.013671875 0.01953125
0 0.78515625 0.697265625 0.0166015625 0.0224609375
0 0.7763671875 0.7119140625 0.0146484375 0.021484375
0 0.7861328125 0.7255859375 0.015625 0.0234375
0 0.81640625 0.5244140625 0.0107421875 0.015625
0 0.8125 0.5361328125 0.0078125 0.015625
0 0.81640625 0.5439453125 0.01171875 0.0146484375
0 0.8134765625 0.5546875 0.01171875 0.0146484375
0 0.8203125 0.5634765625 0.0078125 0.0166015625
0 0.8154296875 0.5751953125 0.009765625 0.0166015625
0 0.8232421875 0.5859375 0.009765625 0.017578125
0 0.81640625 0.595703125 0.01171875 0.01953125
0 0.8251953125 0.6064453125 0.0107421875 0.01953125
0 0.818359375 0.615234375 0.01171875 0.01953125
0 0.8271484375 0.626953125 0.0107421875 0.01953125
0 0.8203125 0.6376953125 0.0107421875 0.0185546875
0 0.828125 0.650390625 0.01171875 0.017578125
0 0.82421875 0.6640625 0.0107421875 0.0146484375
0 0.830078125 0.6728515625 0.0087890625 0.0166015625
0 0.8251953125 0.6865234375 0.009765625 0.015625
0 0.8330078125 0.6962890625 0.009765625 0.0205078125
0 0.826171875 0.7119140625 0.0107421875 0.01953125
0 0.8359375 0.720703125 0.0107421875 0.0166015625
0 0.8291015625 0.732421875 0.0107421875 0.01953125
0 0.8369140625 0.744140625 0.0107421875 0.017578125
0 0.8505859375 0.564453125 0.0078125 0.0146484375
0 0.8466796875 0.5732421875 0.01171875 0.015625
0 0.8544921875 0.583984375 0.0078125 0.0107421875
0 0.8486328125 0.58984375 0.0078125 0.0146484375
0 0.8564453125 0.6015625 0.0087890625 0.0166015625
0 0.8505859375 0.6103515625 0.0087890625 0.0166015625
0 0.859375 0.619140625 0.0087890625 0.0146484375
0 0.853515625 0.6279296875 0.0107421875 0.0166015625
0 0.859375 0.638671875 0.009765625 0.015625
0 0.85546875 0.646484375 0.0087890625 0.0126953125
0 0.861328125 0.6552734375 0.009765625 0.017578125
0 0.8564453125 0.6630859375 0.0068359375 0.0166015625
0 0.86328125 0.6767578125 0.009765625 0.0166015625
0 0.8583984375 0.685546875 0.0087890625 0.0166015625
0 0.8662109375 0.697265625 0.009765625 0.0146484375
0 0.859375 0.7041015625 0.0087890625 0.0166015625
0 0.8681640625 0.7158203125 0.0078125 0.0126953125
0 0.8623046875 0.7236328125 0.009765625 0.0166015625
0 0.869140625 0.7353515625 0.009765625 0.0126953125
0 0.86328125 0.7421875 0.0107421875 0.015625
0 0.8720703125 0.7548828125 0.009765625 0.0166015625
0 0.8759765625 0.6201171875 0.0107421875 0.0146484375
0 0.8779296875 0.63671875 0.0078125 0.015625
0 0.87890625 0.6513671875 0.0087890625 0.015625
0 0.8828125 0.6669921875 0.009765625 0.0166015625
0 0.8837890625 0.685546875 0.0078125 0.017578125
0 0.884765625 0.703125 0.01171875 0.0146484375
0 0.88671875 0.71875 0.009765625 0.015625
0 0.8876953125 0.736328125 0.009765625 0.0166015625
0 0.890625 0.7548828125 0.0078125 0.015625