0 0.4814453125 0.49609375 0.962890625 0.71875
0 0.474609375 0.9482421875 0.32421875 0.103515625
0 0.478515625 0.064453125 0.31640625 0.12890625
1 0.0478515625 0.04296875 0.095703125 0.0859375
1 0.138671875 0.0361328125 0.13671875 0.0703125
1 0.2626953125 0.04296875 0.1328125 0.0859375
1 0.68359375 0.044921875 0.119140625 0.08984375
1 0.7998046875 0.0400390625 0.119140625 0.080078125
1 0.91015625 0.0537109375 0.11328125 0.107421875
1 0.9248046875 0.9580078125 0.125 0.083984375
1 0.03125 0.951171875 0.0625 0.09765625
1 0.2509765625 0.970703125 0.123046875 0.05859375
1 0.1123046875 0.9794921875 0.123046875 0.041015625
1 0.8154296875 0.98046875 0.109375 0.0390625
1 0.8994140625 0.7724609375 0.16796875 0.16796875
1 0.904296875 0.232421875 0.1640625 0.16796875
1 0.05859375 0.2275390625 0.1171875 0.16796875
1 0.046875 0.7607421875 0.09375 0.173828125