4 0.1005859375 0.9873046875 0.14453125 0.025390625
4 0.1279296875 0.82421875 0.15234375 0.1328125
4 0.1376953125 0.673828125 0.1640625 0.146484375
4 0.126953125 0.509765625 0.150390625 0.126953125
4 0.107421875 0.3154296875 0.140625 0.12109375
4 0.08984375 0.11328125 0.140625 0.109375
3 0.3564453125 0.673828125 0.19921875 0.09375
3 0.4755859375 0.2734375 0.1015625 0.09765625
3 0.3896484375 0.224609375 0.1171875 0.1484375
3 0.3623046875 0.369140625 0.130859375 0.220703125
3 0.4931640625 0.4560546875 0.119140625 0.13671875
3 0.4990234375 0.65625 0.1171875 0.12890625
3 0.41015625 0.9765625 0.12109375 0.046875
2 0.7392578125 0.873046875 0.125 0.109375
2 0.720703125 0.6826171875 0.123046875 0.09375
2 0.7333984375 0.4384765625 0.11328125 0.072265625
2 0.7099609375 0.501953125 0.125 0.109375
2 0.7421875 0.1865234375 0.09765625 0.07421875
2 0.728515625 0.1298828125 0.09375 0.068359375
3 0.609375 0.298828125 0.109375 0.07421875
3 0.5634765625 0.0712890625 0.060546875 0.0625
2 0.576171875 0.0146484375 0.0703125 0.029296875
3 0.421875 0.03125 0.09765625 0.0625
3 0.34765625 0.0146484375 0.1015625 0.029296875
3 0.8212890625 0.2041015625 0.017578125 0.01953125
3 0.8681640625 0.232421875 0.013671875 0.01953125
3 0.796875 0.29296875 0.02734375 0.02734375
3 0.7958984375 0.3173828125 0.03125 0.02734375
3 0.798828125 0.33984375 0.03125 0.029296875
3 0.853515625 0.3017578125 0.0234375 0.017578125
3 0.8525390625 0.3212890625 0.0234375 0.0234375
3 0.8525390625 0.3427734375 0.02734375 0.02734375
3 0.89453125 0.310546875 0.01953125 0.01171875
3 0.8935546875 0.32421875 0.01953125 0.01953125
3 0.89453125 0.341796875 0.01953125 0.021484375
3 0.8662109375 0.4365234375 0.0234375 0.025390625
3 0.8203125 0.4580078125 0.025390625 0.02734375
2 0.5205078125 0.7021484375 0.02734375 0.03515625
2 0.544921875 0.7138671875 0.02734375 0.0234375
2 0.5693359375 0.7333984375 0.0234375 0.02734375
2 0.5908203125 0.74609375 0.025390625 0.03125
2 0.615234375 0.7568359375 0.029296875 0.02734375
2 0.63671875 0.7744140625 0.02734375 0.025390625
2 0.66015625 0.7900390625 0.02734375 0.02734375
2 0.6806640625 0.802734375 0.02734375 0.025390625
2 0.701171875 0.8115234375 0.025390625 0.0234375
2 0.681640625 0.880859375 0.02734375 0.025390625
2 0.65234375 0.8896484375 0.029296875 0.0234375
2 0.6259765625 0.8994140625 0.0234375 0.021484375
2 0.5986328125 0.912109375 0.025390625 0.01953125
2 0.5732421875 0.921875 0.025390625 0.02734375
2 0.5439453125 0.931640625 0.025390625 0.02734375
2 0.5146484375 0.9443359375 0.0234375 0.0234375
2 0.490234375 0.953125 0.02734375 0.02734375
2 0.4638671875 0.9609375 0.025390625 0.0234375
2 0.669921875 0.6875 0.0234375 0.0234375
2 0.513671875 0.5009765625 0.0234375 0.03125
2 0.5380859375 0.5146484375 0.0234375 0.02734375
2 0.5576171875 0.53125 0.0234375 0.02734375
2 0.580078125 0.5439453125 0.029296875 0.025390625
2 0.603515625 0.5615234375 0.025390625 0.029296875
2 0.625 0.5732421875 0.0234375 0.029296875
2 0.6455078125 0.5888671875 0.025390625 0.02734375
2 0.6689453125 0.6025390625 0.01953125 0.029296875
2 0.6875 0.6162109375 0.015625 0.02734375
2 0.7060546875 0.6298828125 0.021484375 0.029296875
2 0.515625 0.3193359375 0.0234375 0.03125
2 0.537109375 0.3330078125 0.0234375 0.0390625
2 0.5556640625 0.34765625 0.02734375 0.03515625
2 0.5771484375 0.3662109375 0.02734375 0.03515625
2 0.599609375 0.37890625 0.01953125 0.02734375
2 0.619140625 0.3935546875 0.025390625 0.0234375
2 0.63671875 0.408203125 0.01953125 0.033203125
2 0.6552734375 0.4248046875 0.0234375 0.03515625
2 0.673828125 0.4306640625 0.01953125 0.03125
2 0.6943359375 0.4501953125 0.01953125 0.03125
2 0.72265625 0.4033203125 0.02734375 0.025390625
2 0.703125 0.3876953125 0.025390625 0.02734375
2 0.6826171875 0.3759765625 0.0234375 0.025390625
2 0.6640625 0.3603515625 0.025390625 0.025390625
2 0.6474609375 0.3486328125 0.01953125 0.02734375
2 0.62890625 0.33203125 0.0234375 0.03125
2 0.6328125 0.2763671875 0.0234375 0.02734375
2 0.6513671875 0.26953125 0.0234375 0.0234375
2 0.6708984375 0.2607421875 0.0234375 0.02734375
2 0.689453125 0.2509765625 0.021484375 0.025390625
2 0.703125 0.2412109375 0.01953125 0.02734375
2 0.724609375 0.2275390625 0.021484375 0.02734375
2 0.541015625 0.2490234375 0.0234375 0.0234375
2 0.560546875 0.23828125 0.0234375 0.01953125
2 0.583984375 0.2294921875 0.0234375 0.01953125
2 0.603515625 0.22265625 0.01953125 0.0234375
2 0.625 0.208984375 0.015625 0.02734375
2 0.64453125 0.201171875 0.017578125 0.021484375
2 0.6640625 0.193359375 0.015625 0.021484375
2 0.6806640625 0.185546875 0.013671875 0.015625
2 0.703125 0.1748046875 0.01953125 0.017578125
2 0.6650390625 0.1279296875 0.017578125 0.025390625
2 0.6416015625 0.1162109375 0.01953125 0.01953125
2 0.6142578125 0.1083984375 0.0234375 0.0234375
2 0.5908203125 0.1015625 0.021484375 0.021484375
2 0.5673828125 0.087890625 0.0234375 0.021484375
2 0.544921875 0.0791015625 0.01953125 0.021484375
2 0.51953125 0.072265625 0.01953125 0.02734375
2 0.4951171875 0.064453125 0.0234375 0.025390625
2 0.4697265625 0.05078125 0.021484375 0.01953125
2 0.5546875 0.013671875 0.021484375 0.0234375
2 0.533203125 0.0087890625 0.0234375 0.017578125
2 0.515625 0.0048828125 0.0234375 0.009765625
2 0.3408203125 0.0390625 0.029296875 0.03515625