2 0.6416015625 0.3818359375 0.1357421875 0.2236328125
2 0.484375 0.4697265625 0.138671875 0.21875
2 0.3291015625 0.5703125 0.12109375 0.2255859375
2 0.1640625 0.6787109375 0.1455078125 0.2080078125
2 0.0380859375 0.76171875 0.076171875 0.19140625
2 0.912109375 0.27734375 0.17578125 0.2421875
0 0.912109375 0.072265625 0.0693359375 0.0810546875
1 0.673828125 0.5478515625 0.11328125 0.16796875
1 0.5712890625 0.595703125 0.08203125 0.16796875
1 0.4814453125 0.6484375 0.080078125 0.16796875
1 0.4091796875 0.6923828125 0.0732421875 0.1650390625
1 0.33203125 0.7451171875 0.0810546875 0.162109375
1 0.2470703125 0.8056640625 0.1005859375 0.1611328125
1 0.1640625 0.8564453125 0.087890625 0.177734375
1 0.072265625 0.9150390625 0.099609375 0.1689453125
1 0.8583984375 0.0830078125 0.0625 0.115234375
1 0.97265625 0.048828125 0.0546875 0.09765625