1 0.4375 0.32421875 0.24609375 0.154296875
1 0.2021484375 0.369140625 0.29296875 0.19921875
1 0.0615234375 0.400390625 0.12109375 0.14453125
1 0.4619140625 0.41015625 0.2421875 0.08203125
1 0.25390625 0.462890625 0.19921875 0.078125
1 0.083984375 0.5009765625 0.16796875 0.06640625
1 0.6796875 0.3662109375 0.1875 0.103515625
1 0.6259765625 0.2607421875 0.203125 0.16796875
1 0.869140625 0.0234375 0.130859375 0.046875
1 0.80859375 0.0556640625 0.095703125 0.0625
1 0.7890625 0.11328125 0.1015625 0.0546875
1 0.7490234375 0.1630859375 0.083984375 0.05078125
1 0.93359375 0.23046875 0.1328125 0.06640625
1 0.849609375 0.265625 0.10546875 0.05078125
1 0.9248046875 0.2998046875 0.13671875 0.10546875
1 0.8193359375 0.3291015625 0.109375 0.080078125
1 0.9619140625 0.3037109375 0.076171875 0.095703125
4 0.826171875 0.4775390625 0.34765625 0.201171875
1 0.5693359375 0.482421875 0.08203125 0.14453125
1 0.443359375 0.4599609375 0.1484375 0.0625
1 0.4736328125 0.5146484375 0.138671875 0.0703125
1 0.4755859375 0.5732421875 0.134765625 0.05078125
1 0.466796875 0.6357421875 0.1875 0.0859375
1 0.4921875 0.697265625 0.177734375 0.0859375
1 0.2822265625 0.5244140625 0.0859375 0.05078125
0 0.265625 0.501953125 0.0703125 0.04296875
0 0.193359375 0.5830078125 0.06640625 0.05078125
0 0.294921875 0.6083984375 0.068359375 0.037109375
0 0.0439453125 0.5546875 0.0703125 0.0390625
0 0.0048828125 0.638671875 0.009765625 0.048828125
0 0.0908203125 0.66015625 0.0703125 0.0390625
1 0.0341796875 0.6728515625 0.06640625 0.03515625
1 0.037109375 0.6220703125 0.05859375 0.05078125
1 0.0693359375 0.576171875 0.1015625 0.060546875
1 0.095703125 0.6357421875 0.09765625 0.0390625
1 0.154296875 0.6435546875 0.060546875 0.04296875
1 0.1337890625 0.59375 0.05859375 0.052734375
1 0.2001953125 0.6171875 0.08984375 0.03125
1 0.181640625 0.548828125 0.078125 0.0234375
1 0.2509765625 0.5712890625 0.060546875 0.052734375
1 0.201171875 0.515625 0.068359375 0.0390625
1 0.8896484375 0.55859375 0.18359375 0.08203125
1 0.9326171875 0.5732421875 0.1328125 0.07421875
1 0.9345703125 0.6123046875 0.130859375 0.068359375
1 0.98828125 0.62109375 0.0234375 0.03515625
1 0.92578125 0.66796875 0.13671875 0.083984375
1 0.90234375 0.7197265625 0.18359375 0.08203125
1 0.7958984375 0.787109375 0.15625 0.05859375
1 0.689453125 0.8427734375 0.17578125 0.072265625
1 0.564453125 0.9375 0.279296875 0.125
4 0.6953125 0.939453125 0.609375 0.12109375
1 0.2275390625 0.947265625 0.20703125 0.10546875