0 0.0244140625 0.625 0.048828125 0.14453125
0 0.0537109375 0.6396484375 0.05078125 0.142578125
0 0.1064453125 0.64453125 0.0634765625 0.1572265625
0 0.1357421875 0.654296875 0.0693359375 0.1572265625
0 0.181640625 0.669921875 0.0712890625 0.189453125
0 0.2431640625 0.6875 0.0703125 0.19921875
0 0.3056640625 0.7021484375 0.0693359375 0.208984375
0 0.37109375 0.7216796875 0.0771484375 0.193359375
0 0.4365234375 0.7275390625 0.0654296875 0.173828125
0 0.5068359375 0.765625 0.0869140625 0.21484375
0 0.587890625 0.7822265625 0.0791015625 0.212890625
0 0.68359375 0.8154296875 0.099609375 0.21875
0 0.787109375 0.8466796875 0.115234375 0.2080078125
0 0.908203125 0.8798828125 0.125 0.2138671875
1 0.04296875 0.3525390625 0.0859375 0.244140625
1 0.1171875 0.3623046875 0.125 0.2490234375
1 0.236328125 0.3759765625 0.1591796875 0.2548828125
1 0.404296875 0.3837890625 0.177734375 0.291015625
1 0.62109375 0.42578125 0.2392578125 0.361328125
1 0.869140625 0.439453125 0.26171875 0.484375