1 0.9375 0.1796875 0.125 0.1640625
1 0.96875 0.330078125 0.0625 0.17578125
1 0.8759765625 0.451171875 0.1328125 0.1484375
1 0.8173828125 0.3291015625 0.115234375 0.19140625
1 0.9140625 0.544921875 0.130859375 0.130859375
1 0.9482421875 0.6572265625 0.103515625 0.103515625
1 0.9658203125 0.755859375 0.068359375 0.111328125
1 0.8701171875 0.8447265625 0.11328125 0.126953125
1 0.837890625 0.7685546875 0.12109375 0.146484375
1 0.7275390625 0.86328125 0.14453125 0.125
1 0.6689453125 0.7685546875 0.109375 0.17578125
1 0.78515625 0.65625 0.13671875 0.1328125
1 0.7509765625 0.560546875 0.1171875 0.171875
1 0.6875 0.435546875 0.16015625 0.1640625
1 0.626953125 0.6689453125 0.140625 0.1484375
1 0.5498046875 0.5546875 0.138671875 0.171875
1 0.779296875 0.1865234375 0.150390625 0.1796875
1 0.6298828125 0.318359375 0.134765625 0.201171875
1 0.5517578125 0.18359375 0.16015625 0.193359375
1 0.498046875 0.4677734375 0.15234375 0.16796875
1 0.4111328125 0.3154296875 0.142578125 0.265625
1 0.3359375 0.189453125 0.19140625 0.205078125
1 0.2724609375 0.4228515625 0.142578125 0.189453125
1 0.3720703125 0.552734375 0.140625 0.19140625
1 0.4267578125 0.662109375 0.150390625 0.14453125
1 0.5107421875 0.7705078125 0.1171875 0.138671875
1 0.55859375 0.8681640625 0.1171875 0.125
1 0.4521484375 0.9453125 0.111328125 0.109375
1 0.380859375 0.9033203125 0.138671875 0.142578125
1 0.291015625 0.80859375 0.1328125 0.166015625
1 0.2607421875 0.9599609375 0.080078125 0.080078125
1 0.1708984375 0.908203125 0.134765625 0.1328125
1 0.103515625 0.806640625 0.140625 0.2109375
1 0.0419921875 0.6943359375 0.083984375 0.138671875
1 0.236328125 0.70703125 0.16015625 0.1484375
1 0.1376953125 0.5908203125 0.154296875 0.1875
1 0.197265625 0.3203125 0.125 0.234375
1 0.0908203125 0.1611328125 0.1796875 0.18359375
1 0.0615234375 0.4560546875 0.123046875 0.19140625
4 0.0849609375 0.3154296875 0.169921875 0.150390625
4 0.0390625 0.8125 0.078125 0.107421875
4 0.1611328125 0.970703125 0.12109375 0.05859375
4 0.263671875 0.580078125 0.16796875 0.111328125
4 0.4169921875 0.791015625 0.146484375 0.12890625
4 0.5341796875 0.31640625 0.16015625 0.1328125
4 0.6669921875 0.5537109375 0.1328125 0.1328125
4 0.7568359375 0.75390625 0.111328125 0.107421875
4 0.921875 0.322265625 0.1328125 0.1484375
4 0.97265625 0.560546875 0.0546875 0.095703125