3 0.6474609375 0.1064453125 0.0126953125 0.0283203125
3 0.658203125 0.10546875 0.0107421875 0.0263671875
3 0.669921875 0.103515625 0.0126953125 0.0302734375
3 0.6513671875 0.154296875 0.015625 0.033203125
3 0.6669921875 0.1513671875 0.013671875 0.03515625
3 0.6796875 0.1494140625 0.0126953125 0.03515625
3 0.654296875 0.2001953125 0.0126953125 0.046875
3 0.671875 0.197265625 0.0166015625 0.04296875
3 0.6904296875 0.1943359375 0.015625 0.048828125
2 0.529296875 0.341796875 0.060546875 0.169921875
2 0.5615234375 0.3037109375 0.0771484375 0.1728515625
2 0.7958984375 0.263671875 0.048828125 0.1708984375
2 0.841796875 0.3076171875 0.052734375 0.1884765625
2 0.1533203125 0.2568359375 0.068359375 0.21484375
2 0.3564453125 0.31640625 0.0849609375 0.216796875
3 0.076171875 0.8896484375 0.0556640625 0.15625
3 0.3369140625 0.658203125 0.107421875 0.2294921875
3 0.27734375 0.8515625 0.095703125 0.296875
3 0.5517578125 0.689453125 0.0927734375 0.2197265625
3 0.650390625 0.884765625 0.140625 0.23046875
3 0.78515625 0.8779296875 0.091796875 0.228515625
3 0.7099609375 0.548828125 0.0634765625 0.1826171875
3 0.72265625 0.7353515625 0.0810546875 0.2138671875
3 0.9248046875 0.6513671875 0.0458984375 0.125
3 0.970703125 0.857421875 0.05859375 0.189453125
3 0.9833984375 0.9609375 0.033203125 0.078125
2 0.962890625 0.6416015625 0.0400390625 0.1201171875
2 0.1064453125 0.763671875 0.0205078125 0.0439453125
2 0.1181640625 0.66015625 0.015625 0.0400390625
2 0.1240234375 0.623046875 0.01953125 0.0341796875
2 0.12890625 0.56640625 0.0166015625 0.0439453125
2 0.1337890625 0.513671875 0.015625 0.0400390625
2 0.142578125 0.462890625 0.01953125 0.0458984375
2 0.1474609375 0.41796875 0.017578125 0.0458984375
2 0.15234375 0.36328125 0.0185546875 0.0400390625
2 0.19140625 0.2763671875 0.017578125 0.0390625
2 0.2001953125 0.3115234375 0.017578125 0.0439453125
2 0.208984375 0.345703125 0.017578125 0.04296875
2 0.2177734375 0.3740234375 0.021484375 0.0390625
2 0.2275390625 0.4072265625 0.0224609375 0.041015625
2 0.2392578125 0.4404296875 0.0234375 0.0458984375
2 0.251953125 0.4736328125 0.02734375 0.0419921875
2 0.2626953125 0.509765625 0.0224609375 0.0458984375
2 0.271484375 0.5517578125 0.0224609375 0.0537109375
2 0.287109375 0.5810546875 0.025390625 0.046875
2 0.2998046875 0.62109375 0.0244140625 0.0478515625
2 0.3955078125 0.328125 0.0234375 0.0380859375
2 0.4052734375 0.3564453125 0.0224609375 0.03515625
2 0.4150390625 0.3857421875 0.0224609375 0.0361328125
2 0.4267578125 0.4169921875 0.025390625 0.0419921875
2 0.4375 0.4501953125 0.025390625 0.0439453125
2 0.44921875 0.484375 0.0205078125 0.041015625
2 0.4609375 0.5166015625 0.01953125 0.0458984375
2 0.4736328125 0.5458984375 0.0263671875 0.0400390625
2 0.4853515625 0.58203125 0.021484375 0.0380859375
2 0.498046875 0.61328125 0.0234375 0.04296875
2 0.509765625 0.646484375 0.021484375 0.0439453125
2 0.5693359375 0.3720703125 0.021484375 0.05078125
2 0.583984375 0.4013671875 0.0166015625 0.0419921875
2 0.59375 0.4306640625 0.0205078125 0.044921875
2 0.6064453125 0.4580078125 0.013671875 0.0380859375
2 0.6201171875 0.4873046875 0.0205078125 0.0419921875
2 0.630859375 0.5205078125 0.0224609375 0.04296875
2 0.64453125 0.548828125 0.0244140625 0.046875
2 0.658203125 0.5849609375 0.01953125 0.041015625
2 0.669921875 0.611328125 0.0205078125 0.0439453125
2 0.68359375 0.6455078125 0.017578125 0.0419921875
2 0.6982421875 0.6748046875 0.017578125 0.041015625
2 0.59765625 0.3203125 0.013671875 0.037109375
2 0.6083984375 0.34375 0.0166015625 0.0390625
2 0.623046875 0.3779296875 0.017578125 0.041015625
2 0.6337890625 0.408203125 0.0185546875 0.0400390625
2 0.6455078125 0.4345703125 0.0205078125 0.041015625
2 0.65625 0.462890625 0.0234375 0.03515625
2 0.669921875 0.4951171875 0.0234375 0.0361328125
2 0.681640625 0.5263671875 0.0185546875 0.041015625
2 0.7216796875 0.5244140625 0.021484375 0.044921875
2 0.7294921875 0.490234375 0.017578125 0.037109375
2 0.7353515625 0.462890625 0.0205078125 0.041015625
2 0.740234375 0.4267578125 0.01953125 0.0478515625
2 0.7421875 0.3974609375 0.0205078125 0.0458984375
2 0.751953125 0.3681640625 0.021484375 0.044921875
2 0.7578125 0.3369140625 0.0185546875 0.0439453125
2 0.759765625 0.3037109375 0.01953125 0.041015625
2 0.748046875 0.6845703125 0.025390625 0.0361328125
2 0.7529296875 0.6484375 0.0224609375 0.0419921875
2 0.76171875 0.61328125 0.0244140625 0.0390625
2 0.7646484375 0.5791015625 0.021484375 0.046875
2 0.7705078125 0.544921875 0.0234375 0.0458984375
2 0.7783203125 0.5126953125 0.029296875 0.04296875
2 0.78125 0.48046875 0.017578125 0.0458984375
2 0.7880859375 0.4462890625 0.0263671875 0.0390625
2 0.7919921875 0.4130859375 0.0263671875 0.0341796875
2 0.8017578125 0.380859375 0.0283203125 0.0380859375
2 0.8037109375 0.3505859375 0.025390625 0.037109375
2 0.8388671875 0.3759765625 0.01953125 0.0341796875
2 0.8505859375 0.416015625 0.017578125 0.04296875
2 0.859375 0.4638671875 0.01953125 0.041015625
2 0.8701171875 0.5048828125 0.017578125 0.04296875
2 0.8798828125 0.5419921875 0.0185546875 0.0390625
2 0.890625 0.5791015625 0.017578125 0.0341796875
2 0.9052734375 0.6240234375 0.01953125 0.041015625
2 0.92578125 0.7080078125 0.0126953125 0.0439453125
2 0.935546875 0.75390625 0.017578125 0.041015625
2 0.9443359375 0.79296875 0.0205078125 0.033203125
2 0.96875 0.6650390625 0.0107421875 0.033203125
2 0.9755859375 0.689453125 0.017578125 0.046875
2 0.9873046875 0.7138671875 0.0146484375 0.0380859375