4 0.482421875 0.505859375 0.29296875 0.3046875
1 0.9326171875 0.861328125 0.134765625 0.21484375
1 0.939453125 0.6416015625 0.12109375 0.208984375
1 0.935546875 0.3662109375 0.12890625 0.25390625
1 0.9384765625 0.1572265625 0.123046875 0.19921875
4 0.5419921875 0.9951171875 0.3046875 0.009765625
1 0.7275390625 0.5029296875 0.130859375 0.205078125
1 0.6474609375 0.693359375 0.11328125 0.1796875
1 0.5390625 0.7958984375 0.1328125 0.11328125
1 0.4404296875 0.7880859375 0.1171875 0.06640625
1 0.4013671875 0.7431640625 0.130859375 0.080078125
1 0.34765625 0.697265625 0.12109375 0.078125
1 0.302734375 0.6357421875 0.1328125 0.05859375
1 0.2705078125 0.55859375 0.125 0.064453125
1 0.265625 0.4248046875 0.1015625 0.080078125
1 0.291015625 0.37109375 0.11328125 0.095703125
1 0.3447265625 0.3046875 0.13671875 0.07421875
1 0.3916015625 0.265625 0.125 0.0859375
1 0.427734375 0.21875 0.1171875 0.107421875
1 0.5380859375 0.2060546875 0.14453125 0.15625
1 0.626953125 0.2578125 0.080078125 0.1328125
1 0.6826171875 0.34375 0.08984375 0.119140625