1 0.3271484375 0.7734375 0.4375 0.203125
1 0.3583984375 0.626953125 0.40234375 0.17578125
1 0.408203125 0.52734375 0.3515625 0.154296875
1 0.5166015625 0.427734375 0.25 0.1640625
1 0.453125 0.3759765625 0.3984375 0.171875
1 0.4833984375 0.259765625 0.337890625 0.1328125
1 0.50390625 0.1708984375 0.3828125 0.12890625
0 0.6123046875 0.9814453125 0.169921875 0.037109375
0 0.6396484375 0.9130859375 0.15234375 0.09765625
0 0.666015625 0.8173828125 0.1640625 0.08984375
0 0.6806640625 0.728515625 0.16015625 0.083984375
0 0.701171875 0.6435546875 0.15234375 0.078125
0 0.728515625 0.556640625 0.15234375 0.07421875
0 0.7353515625 0.4833984375 0.140625 0.072265625
0 0.7490234375 0.408203125 0.12890625 0.07421875
0 0.7666015625 0.3369140625 0.14453125 0.07421875
0 0.791015625 0.2783203125 0.14453125 0.07421875
0 0.802734375 0.212890625 0.126953125 0.0625
0 0.8154296875 0.15234375 0.134765625 0.056640625
0 0.8369140625 0.095703125 0.12109375 0.04296875
0 0.84765625 0.033203125 0.109375 0.05859375