2 0.1650390625 0.47265625 0.16015625 0.0703125
3 0.59765625 0.796875 0.123046875 0.109375
3 0.55859375 0.1669921875 0.1328125 0.11328125
3 0.7578125 0.7734375 0.125 0.14453125
3 0.60546875 0.982421875 0.162109375 0.03515625
4 0.8984375 0.9658203125 0.203125 0.068359375
4 0.97265625 0.619140625 0.0546875 0.185546875
4 0.96484375 0.052734375 0.0703125 0.10546875
2 0.5859375 0.7490234375 0.01953125 0.03125
2 0.57421875 0.7392578125 0.01953125 0.03125
2 0.5595703125 0.73046875 0.015625 0.02734375
2 0.55078125 0.7236328125 0.01953125 0.029296875
2 0.537109375 0.712890625 0.015625 0.02734375
2 0.5244140625 0.70703125 0.0234375 0.02734375
2 0.5126953125 0.6962890625 0.021484375 0.03125
2 0.5 0.6904296875 0.0234375 0.033203125
2 0.4873046875 0.6826171875 0.0234375 0.029296875
2 0.4736328125 0.6748046875 0.01953125 0.03515625
2 0.4609375 0.6640625 0.021484375 0.03125
2 0.447265625 0.66015625 0.01953125 0.02734375
2 0.4345703125 0.6494140625 0.021484375 0.025390625
2 0.423828125 0.642578125 0.03125 0.02734375
2 0.41015625 0.634765625 0.02734375 0.02734375
2 0.3974609375 0.6279296875 0.01953125 0.03515625
2 0.3857421875 0.6171875 0.015625 0.03125
2 0.3720703125 0.6123046875 0.0234375 0.029296875
2 0.359375 0.603515625 0.0234375 0.029296875
2 0.3486328125 0.595703125 0.0234375 0.03515625
2 0.3369140625 0.587890625 0.025390625 0.033203125
2 0.3232421875 0.58203125 0.01953125 0.02734375
2 0.3095703125 0.5712890625 0.01953125 0.03125
2 0.298828125 0.5654296875 0.01953125 0.02734375
2 0.2841796875 0.556640625 0.021484375 0.03125
2 0.271484375 0.5517578125 0.01953125 0.03515625
2 0.2587890625 0.5439453125 0.021484375 0.02734375
2 0.25 0.5361328125 0.0234375 0.02734375
2 0.236328125 0.5302734375 0.01953125 0.02734375
2 0.2236328125 0.5205078125 0.01953125 0.029296875
2 0.2119140625 0.4345703125 0.01953125 0.03125
2 0.2236328125 0.4326171875 0.01953125 0.03125
2 0.234375 0.4248046875 0.017578125 0.03125
2 0.244140625 0.4228515625 0.01953125 0.03515625
2 0.2548828125 0.4130859375 0.017578125 0.03125
2 0.2666015625 0.4072265625 0.0234375 0.0390625
2 0.27734375 0.4013671875 0.01953125 0.03515625
2 0.287109375 0.39453125 0.0234375 0.0390625
2 0.2998046875 0.388671875 0.01953125 0.03515625
2 0.3095703125 0.3798828125 0.01953125 0.03125
2 0.322265625 0.37109375 0.0234375 0.03125
2 0.3359375 0.3681640625 0.01953125 0.04296875
2 0.34765625 0.357421875 0.01953125 0.033203125
2 0.359375 0.35546875 0.021484375 0.03125
2 0.37109375 0.3447265625 0.015625 0.03125
2 0.3828125 0.3369140625 0.01953125 0.029296875
2 0.3935546875 0.330078125 0.01953125 0.03125
2 0.4091796875 0.3212890625 0.021484375 0.03125
2 0.419921875 0.314453125 0.01953125 0.033203125
2 0.431640625 0.3076171875 0.021484375 0.03125
2 0.4443359375 0.296875 0.015625 0.041015625
2 0.4541015625 0.291015625 0.0234375 0.03125
2 0.4677734375 0.2841796875 0.0234375 0.025390625
2 0.4814453125 0.2763671875 0.021484375 0.029296875
2 0.494140625 0.267578125 0.017578125 0.03125
2 0.50390625 0.259765625 0.017578125 0.029296875
2 0.515625 0.2529296875 0.01953125 0.02734375
2 0.5283203125 0.2431640625 0.021484375 0.02734375
2 0.5361328125 0.240234375 0.025390625 0.0390625
2 0.55078125 0.21875 0.021484375 0.033203125
1 0.60546875 0.6103515625 0.025390625 0.03125
1 0.6044921875 0.5830078125 0.0234375 0.025390625
1 0.6005859375 0.55859375 0.0234375 0.025390625
1 0.5986328125 0.53515625 0.02734375 0.03125
1 0.5986328125 0.509765625 0.025390625 0.029296875
1 0.59765625 0.47265625 0.0234375 0.04296875
1 0.595703125 0.4443359375 0.0234375 0.03515625
1 0.5947265625 0.41796875 0.0234375 0.033203125
1 0.591796875 0.3896484375 0.01953125 0.03515625
1 0.5888671875 0.3681640625 0.02734375 0.03515625
1 0.5888671875 0.3359375 0.021484375 0.0390625
1 0.5859375 0.302734375 0.02734375 0.046875
1 0.5654296875 0.3095703125 0.015625 0.046875
1 0.5517578125 0.3212890625 0.017578125 0.046875
1 0.5341796875 0.330078125 0.0234375 0.05078125
1 0.51953125 0.3359375 0.01953125 0.05859375
1 0.505859375 0.345703125 0.01953125 0.056640625
1 0.4892578125 0.3525390625 0.01953125 0.041015625
1 0.474609375 0.365234375 0.0234375 0.044921875
1 0.4580078125 0.37109375 0.0234375 0.05078125
1 0.4521484375 0.373046875 0.03125 0.03515625
1 0.435546875 0.3876953125 0.03125 0.03125
1 0.42578125 0.392578125 0.02734375 0.0390625
1 0.41015625 0.400390625 0.02734375 0.03125
1 0.396484375 0.408203125 0.02734375 0.03125
1 0.3857421875 0.412109375 0.0234375 0.03515625
1 0.3701171875 0.421875 0.03125 0.0390625
1 0.35546875 0.4306640625 0.02734375 0.0234375
1 0.3427734375 0.4365234375 0.029296875 0.041015625
1 0.34765625 0.4755859375 0.02734375 0.03515625
1 0.322265625 0.458984375 0.044921875 0.05859375
1 0.3642578125 0.48828125 0.0234375 0.03515625
1 0.37890625 0.4970703125 0.025390625 0.0390625
1 0.3935546875 0.505859375 0.02734375 0.037109375
1 0.408203125 0.5185546875 0.02734375 0.0390625
1 0.421875 0.5244140625 0.0234375 0.0390625
1 0.4365234375 0.5380859375 0.0234375 0.03515625
1 0.4541015625 0.5458984375 0.02734375 0.0390625
1 0.4677734375 0.5634765625 0.02734375 0.04296875
1 0.490234375 0.572265625 0.015625 0.04296875
1 0.5048828125 0.5810546875 0.015625 0.04296875
1 0.521484375 0.5888671875 0.01953125 0.05859375
1 0.53515625 0.6005859375 0.015625 0.0546875
1 0.5517578125 0.61328125 0.01953125 0.0546875
1 0.568359375 0.6220703125 0.015625 0.048828125
1 0.5830078125 0.6298828125 0.017578125 0.05078125
1 0.607421875 0.64453125 0.029296875 0.046875