1 0.5 0.078125 0.16015625 0.15625
1 0.642578125 0.19921875 0.09765625 0.1953125
1 0.7041015625 0.33203125 0.080078125 0.17578125
1 0.7421875 0.4365234375 0.078125 0.13671875
1 0.7958984375 0.5361328125 0.0703125 0.115234375
1 0.8310546875 0.6171875 0.080078125 0.16796875
1 0.3896484375 0.171875 0.060546875 0.13671875
1 0.330078125 0.24609375 0.064453125 0.181640625
1 0.2919921875 0.359375 0.05859375 0.193359375
1 0.2470703125 0.4541015625 0.0625 0.177734375
1 0.201171875 0.5751953125 0.056640625 0.12109375
1 0.158203125 0.6689453125 0.0546875 0.150390625
1 0.638671875 0.8154296875 0.20703125 0.3671875
1 0.3330078125 0.8291015625 0.171875 0.33984375
1 0.478515625 0.8876953125 0.11328125 0.22265625
1 0.5576171875 0.2294921875 0.03515625 0.08984375
1 0.595703125 0.2880859375 0.03125 0.08984375
1 0.6259765625 0.345703125 0.03515625 0.1015625
1 0.6494140625 0.46875 0.04296875 0.16015625
1 0.517578125 0.197265625 0.046875 0.109375
1 0.4658203125 0.1923828125 0.04296875 0.119140625
1 0.4208984375 0.2509765625 0.0390625 0.10546875
1 0.384765625 0.3095703125 0.033203125 0.09765625
1 0.35546875 0.3828125 0.03515625 0.1015625
1 0.333984375 0.46484375 0.046875 0.1015625
1 0.30078125 0.568359375 0.0859375 0.115234375
1 0.69921875 0.5498046875 0.078125 0.12109375
1 0.75390625 0.689453125 0.068359375 0.232421875
1 0.23828125 0.6640625 0.0546875 0.15234375
1 0.2041015625 0.8095703125 0.037109375 0.16796875
1 0.2333984375 0.947265625 0.130859375 0.10546875
1 0.720703125 0.94140625 0.12109375 0.109375
1 0.8916015625 0.7685546875 0.216796875 0.462890625
1 0.09375 0.7998046875 0.1875 0.400390625