4 0.302734375 0.52734375 0.60546875 0.9453125
1 0.966796875 0.0302734375 0.06640625 0.05859375
1 0.919921875 0.0615234375 0.033203125 0.029296875
1 0.86328125 0.0400390625 0.087890625 0.078125
1 0.74609375 0.0458984375 0.07421875 0.078125
1 0.796875 0.0517578125 0.03515625 0.0625
1 0.6396484375 0.0537109375 0.15625 0.0703125
1 0.4443359375 0.0712890625 0.05078125 0.0703125
1 0.3984375 0.123046875 0.05078125 0.06640625
1 0.365234375 0.0849609375 0.05859375 0.08203125
1 0.3251953125 0.140625 0.0546875 0.087890625
1 0.2802734375 0.0791015625 0.06640625 0.06640625
1 0.2783203125 0.2060546875 0.0625 0.068359375
1 0.234375 0.1455078125 0.0546875 0.095703125
4 0.27734375 0.1455078125 0.052734375 0.05859375
1 0.1962890625 0.0927734375 0.0703125 0.08203125
1 0.197265625 0.2080078125 0.056640625 0.08203125
1 0.150390625 0.2802734375 0.052734375 0.09375
4 0.1923828125 0.279296875 0.05859375 0.0625
1 0.2333984375 0.255859375 0.033203125 0.04296875
1 0.158203125 0.150390625 0.046875 0.091796875
1 0.115234375 0.09375 0.05078125 0.0546875
1 0.115234375 0.22265625 0.056640625 0.078125
1 0.07421875 0.1572265625 0.05078125 0.0859375
4 0.115234375 0.154296875 0.0546875 0.0703125
1 0.0361328125 0.103515625 0.05859375 0.05859375
1 0.013671875 0.1611328125 0.02734375 0.09375
1 0.0107421875 0.41015625 0.021484375 0.064453125
1 0.0107421875 0.2861328125 0.021484375 0.095703125
1 0.037109375 0.220703125 0.05859375 0.083984375
1 0.041015625 0.3564453125 0.05859375 0.080078125
1 0.0791015625 0.2861328125 0.05078125 0.09765625
4 0.03515625 0.2900390625 0.052734375 0.0546875
1 0.1201171875 0.337890625 0.05078125 0.0625
1 0.0068359375 0.69921875 0.013671875 0.0390625
1 0.017578125 0.931640625 0.03515625 0.08203125
1 0.0146484375 0.806640625 0.029296875 0.0859375
1 0.044921875 0.744140625 0.056640625 0.060546875
1 0.044921875 0.8740234375 0.0546875 0.0703125
1 0.0888671875 0.8095703125 0.048828125 0.10546875
1 0.1240234375 0.8671875 0.056640625 0.07421875
1 0.0830078125 0.9326171875 0.048828125 0.078125
1 0.1591796875 0.806640625 0.048828125 0.08984375
1 0.1669921875 0.9365234375 0.046875 0.099609375
1 0.203125 0.8798828125 0.056640625 0.080078125
4 0.0439453125 0.8095703125 0.0546875 0.068359375
4 0.1201171875 0.935546875 0.0546875 0.06640625
4 0.1953125 0.806640625 0.048828125 0.052734375
1 0.2421875 0.9365234375 0.046875 0.0859375
1 0.2861328125 0.8837890625 0.0546875 0.05859375
1 0.333984375 0.9453125 0.046875 0.08984375
4 0.2822265625 0.943359375 0.048828125 0.0625
4 0.8916015625 0.5908203125 0.111328125 0.15234375
1 0.994140625 0.1162109375 0.01171875 0.0390625
1 0.9794921875 0.1162109375 0.0234375 0.0390625
1 0.9580078125 0.1162109375 0.0234375 0.03515625
1 0.9365234375 0.1162109375 0.0234375 0.03125
1 0.912109375 0.12109375 0.02734375 0.041015625
1 0.890625 0.123046875 0.02734375 0.033203125
1 0.8671875 0.1240234375 0.03125 0.03515625
1 0.8427734375 0.1279296875 0.0234375 0.03515625
1 0.8232421875 0.1259765625 0.0234375 0.03515625
1 0.8037109375 0.12890625 0.01953125 0.0390625
1 0.783203125 0.1318359375 0.0234375 0.044921875
1 0.76171875 0.1328125 0.029296875 0.03515625
1 0.7333984375 0.130859375 0.02734375 0.041015625
1 0.7080078125 0.134765625 0.02734375 0.03515625
1 0.6787109375 0.138671875 0.02734375 0.0390625
1 0.6513671875 0.142578125 0.0234375 0.0390625
1 0.62890625 0.1484375 0.02734375 0.04296875
1 0.62890625 0.18359375 0.0234375 0.041015625
1 0.6279296875 0.2158203125 0.025390625 0.03515625
1 0.6279296875 0.2451171875 0.029296875 0.03515625
1 0.630859375 0.275390625 0.02734375 0.04296875
1 0.6279296875 0.310546875 0.025390625 0.044921875
1 0.62890625 0.349609375 0.02734375 0.0390625
1 0.62890625 0.3740234375 0.02734375 0.046875
1 0.630859375 0.408203125 0.02734375 0.04296875
1 0.630859375 0.4384765625 0.02734375 0.041015625
1 0.6298828125 0.4677734375 0.025390625 0.03125
1 0.6298828125 0.505859375 0.02734375 0.052734375
1 0.6298828125 0.5341796875 0.0234375 0.0390625
1 0.630859375 0.57421875 0.02734375 0.044921875
1 0.6298828125 0.6044921875 0.0234375 0.046875
1 0.630859375 0.6416015625 0.025390625 0.046875
1 0.6318359375 0.6669921875 0.0234375 0.05078125
1 0.6318359375 0.69921875 0.0234375 0.0546875
1 0.6318359375 0.7275390625 0.025390625 0.05078125
1 0.6328125 0.765625 0.02734375 0.0546875
1 0.6318359375 0.80078125 0.025390625 0.0390625
1 0.6328125 0.83203125 0.025390625 0.046875
1 0.6318359375 0.8642578125 0.0234375 0.044921875
1 0.6318359375 0.892578125 0.0234375 0.0390625
1 0.634765625 0.9296875 0.03125 0.03515625
1 0.67578125 0.93359375 0.037109375 0.033203125
1 0.7119140625 0.9306640625 0.0390625 0.037109375
1 0.740234375 0.9345703125 0.041015625 0.041015625
1 0.763671875 0.935546875 0.0390625 0.037109375
1 0.78515625 0.935546875 0.03515625 0.037109375
1 0.8056640625 0.9365234375 0.03515625 0.03125
1 0.82421875 0.9384765625 0.03515625 0.037109375
1 0.8505859375 0.939453125 0.03515625 0.037109375
1 0.873046875 0.9365234375 0.0390625 0.033203125
1 0.8974609375 0.94140625 0.041015625 0.03515625
1 0.935546875 0.9443359375 0.044921875 0.03125
1 0.9794921875 0.947265625 0.041015625 0.041015625