4 0.400390625 0.626953125 0.0546875 0.166015625
4 0.4609375 0.6181640625 0.083984375 0.1796875
4 0.54296875 0.6142578125 0.0546875 0.16015625
3 0.0751953125 0.2841796875 0.138671875 0.2890625
1 0.060546875 0.771484375 0.05078125 0.1171875
1 0.111328125 0.6201171875 0.064453125 0.19921875
1 0.1689453125 0.5087890625 0.06640625 0.15625
1 0.2509765625 0.4130859375 0.064453125 0.19140625
1 0.330078125 0.29296875 0.08203125 0.2109375
1 0.4140625 0.2099609375 0.103515625 0.283203125
1 0.51171875 0.1298828125 0.1015625 0.1953125
1 0.5947265625 0.1796875 0.08203125 0.26953125
1 0.6640625 0.25 0.0703125 0.279296875
1 0.7392578125 0.3583984375 0.076171875 0.248046875
1 0.7890625 0.435546875 0.05859375 0.16796875
1 0.8359375 0.53515625 0.060546875 0.162109375
1 0.8701171875 0.6259765625 0.0546875 0.16015625
1 0.9228515625 0.6943359375 0.056640625 0.150390625
2 0.3642578125 0.49609375 0.05078125 0.0859375
2 0.609375 0.498046875 0.05078125 0.095703125
1 0.251953125 0.677734375 0.18359375 0.146484375
1 0.68359375 0.64453125 0.15234375 0.13671875
1 0.193359375 0.23828125 0.04296875 0.2265625
1 0.251953125 0.150390625 0.0859375 0.21484375
1 0.3212890625 0.0849609375 0.076171875 0.169921875
1 0.7744140625 0.0234375 0.087890625 0.046875
1 0.8662109375 0.07421875 0.09375 0.1484375
1 0.9365234375 0.1240234375 0.107421875 0.248046875
1 0.97265625 0.2314453125 0.0546875 0.24609375