3 0.4541015625 0.4150390625 0.607421875 0.703125
2 0.900390625 0.2421875 0.1015625 0.07421875
2 0.8642578125 0.2763671875 0.08984375 0.0859375
2 0.8564453125 0.3212890625 0.1015625 0.08203125
2 0.8466796875 0.390625 0.140625 0.09765625
2 0.8056640625 0.451171875 0.10546875 0.099609375
2 0.767578125 0.5126953125 0.12890625 0.1015625
2 0.958984375 0.31640625 0.0390625 0.03515625
2 0.94921875 0.3408203125 0.0390625 0.03515625
2 0.939453125 0.3740234375 0.0390625 0.02734375
2 0.9384765625 0.4072265625 0.05078125 0.037109375
2 0.94140625 0.4462890625 0.046875 0.037109375
2 0.9560546875 0.4931640625 0.0390625 0.0390625
2 0.9384765625 0.52734375 0.041015625 0.0390625
2 0.90625 0.5224609375 0.03515625 0.044921875
2 0.8662109375 0.537109375 0.037109375 0.05859375
2 0.865234375 0.587890625 0.0390625 0.05078125
2 0.876953125 0.73828125 0.0390625 0.0390625
2 0.859375 0.779296875 0.046875 0.04296875
2 0.943359375 0.681640625 0.05078125 0.0625
2 0.9658203125 0.7431640625 0.068359375 0.068359375