3 0.623046875 0.1884765625 0.578125 0.21875
2 0.3232421875 0.69140625 0.42578125 0.216796875
2 0.3525390625 0.9013671875 0.455078125 0.197265625
2 0.404296875 0.6044921875 0.08984375 0.03125
2 0.419921875 0.5732421875 0.09375 0.03515625
2 0.4306640625 0.5458984375 0.091796875 0.02734375
2 0.4384765625 0.515625 0.09765625 0.025390625
2 0.4599609375 0.4833984375 0.115234375 0.0234375
2 0.4736328125 0.4580078125 0.091796875 0.01953125
2 0.490234375 0.4228515625 0.099609375 0.0234375
2 0.50390625 0.3916015625 0.099609375 0.0234375
2 0.515625 0.357421875 0.091796875 0.02734375
2 0.5322265625 0.32421875 0.09765625 0.02734375
2 0.546875 0.2919921875 0.09375 0.02734375
2 0.5556640625 0.259765625 0.078125 0.0234375
2 0.44921875 0.82421875 0.09765625 0.029296875
2 0.4609375 0.7919921875 0.10546875 0.03125
2 0.474609375 0.759765625 0.09765625 0.03125
2 0.490234375 0.7265625 0.109375 0.0234375
2 0.5087890625 0.6923828125 0.109375 0.0234375
2 0.5224609375 0.658203125 0.103515625 0.029296875
2 0.5419921875 0.62109375 0.09765625 0.029296875
2 0.5517578125 0.5888671875 0.109375 0.029296875
2 0.57421875 0.5546875 0.11328125 0.025390625
2 0.5888671875 0.5166015625 0.1015625 0.02734375
2 0.609375 0.47265625 0.109375 0.03515625
2 0.625 0.4443359375 0.11328125 0.037109375
2 0.64453125 0.404296875 0.119140625 0.041015625
2 0.6572265625 0.361328125 0.095703125 0.04296875
2 0.67578125 0.322265625 0.115234375 0.03125
2 0.6962890625 0.2783203125 0.109375 0.033203125
0 0.3701171875 0.435546875 0.130859375 0.0703125
0 0.30078125 0.3896484375 0.12890625 0.076171875
0 0.232421875 0.341796875 0.130859375 0.068359375
0 0.1689453125 0.2890625 0.12109375 0.0703125
0 0.091796875 0.2421875 0.1484375 0.08203125
0 0.046875 0.1884765625 0.09375 0.0859375
0 0.046875 0.099609375 0.09375 0.0859375
0 0.1103515625 0.1533203125 0.12890625 0.08203125
0 0.103515625 0.0595703125 0.14453125 0.08203125
0 0.1884765625 0.115234375 0.12890625 0.078125
0 0.1953125 0.0361328125 0.14453125 0.072265625
0 0.2734375 0.078125 0.15234375 0.076171875
0 0.2578125 0.171875 0.1328125 0.07421875
0 0.1796875 0.20703125 0.115234375 0.080078125
0 0.2529296875 0.2578125 0.11328125 0.06640625
0 0.3193359375 0.3095703125 0.125 0.0703125
0 0.3203125 0.228515625 0.1171875 0.0859375
0 0.39453125 0.2744140625 0.12109375 0.07421875
0 0.3857421875 0.3564453125 0.12109375 0.08203125
0 0.4306640625 0.4111328125 0.08984375 0.0703125
0 0.4375 0.3330078125 0.09765625 0.078125
0 0.4228515625 0.1025390625 0.1328125 0.08203125
0 0.3369140625 0.1357421875 0.12109375 0.0703125
0 0.3486328125 0.0419921875 0.150390625 0.07421875
0 0.2861328125 0.009765625 0.123046875 0.01953125
0 0.4384765625 0.0263671875 0.15234375 0.052734375
0 0.5244140625 0.0654296875 0.125 0.078125
0 0.6123046875 0.0361328125 0.1484375 0.072265625