3 0.6142578125 0.4716796875 0.4443359375 0.943359375
2 0.2666015625 0.140625 0.1845703125 0.25390625
2 0.283203125 0.31640625 0.220703125 0.2490234375
2 0.275390625 0.517578125 0.1689453125 0.2021484375
2 0.2939453125 0.6611328125 0.1279296875 0.1259765625
2 0.0400390625 0.044921875 0.0693359375 0.0810546875
2 0.1044921875 0.1220703125 0.0546875 0.1298828125
2 0.1279296875 0.20703125 0.0458984375 0.1279296875
2 0.1201171875 0.3173828125 0.0625 0.1171875
2 0.1181640625 0.4189453125 0.0537109375 0.1259765625
2 0.12890625 0.533203125 0.0654296875 0.1171875
2 0.1630859375 0.6513671875 0.05859375 0.13671875
2 0.1953125 0.7451171875 0.0546875 0.1416015625
3 0.3291015625 0.8203125 0.19921875 0.228515625