3 0.2646484375 0.6171875 0.21484375 0.3212890625
3 0.7744140625 0.5556640625 0.109375 0.16796875
2 0.4169921875 0.232421875 0.140625 0.17578125
1 0.341796875 0.72265625 0.0478515625 0.064453125
1 0.3623046875 0.7197265625 0.037109375 0.0693359375
1 0.3896484375 0.7216796875 0.0341796875 0.0693359375
1 0.419921875 0.7216796875 0.033203125 0.064453125
1 0.4443359375 0.7255859375 0.0361328125 0.0595703125
1 0.46875 0.7255859375 0.0390625 0.0615234375
1 0.4921875 0.7275390625 0.0361328125 0.05859375
1 0.5185546875 0.7294921875 0.03515625 0.0615234375
1 0.5400390625 0.728515625 0.029296875 0.05859375
1 0.560546875 0.7275390625 0.0302734375 0.0615234375
1 0.5810546875 0.728515625 0.025390625 0.0625
1 0.5986328125 0.7294921875 0.02734375 0.05859375
1 0.6181640625 0.7275390625 0.02734375 0.0576171875
1 0.6376953125 0.7294921875 0.0244140625 0.056640625
1 0.6533203125 0.7294921875 0.0224609375 0.0546875
1 0.6669921875 0.728515625 0.021484375 0.0546875
1 0.68359375 0.7294921875 0.021484375 0.0556640625
1 0.697265625 0.7294921875 0.0205078125 0.052734375
1 0.712890625 0.728515625 0.021484375 0.052734375
1 0.7265625 0.728515625 0.0205078125 0.052734375
1 0.7421875 0.73046875 0.015625 0.052734375
1 0.7568359375 0.7314453125 0.015625 0.05078125
1 0.76953125 0.73046875 0.013671875 0.0478515625
1 0.7802734375 0.7314453125 0.0185546875 0.0478515625
1 0.79296875 0.7314453125 0.0166015625 0.0498046875
1 0.806640625 0.7314453125 0.015625 0.0478515625
1 0.8173828125 0.7294921875 0.0166015625 0.044921875
1 0.71484375 0.5830078125 0.0234375 0.048828125
1 0.7021484375 0.564453125 0.01953125 0.044921875
1 0.6875 0.548828125 0.025390625 0.048828125
1 0.6748046875 0.5283203125 0.029296875 0.044921875
1 0.6630859375 0.5146484375 0.02734375 0.044921875
1 0.6455078125 0.498046875 0.033203125 0.0458984375
1 0.6376953125 0.482421875 0.02734375 0.0458984375
1 0.625 0.4677734375 0.029296875 0.0439453125
1 0.6123046875 0.4482421875 0.0263671875 0.0361328125
1 0.603515625 0.4365234375 0.0302734375 0.0400390625
1 0.591796875 0.4208984375 0.0302734375 0.04296875
1 0.578125 0.404296875 0.0244140625 0.0400390625
1 0.56640625 0.3896484375 0.0244140625 0.037109375
1 0.556640625 0.3759765625 0.02734375 0.0380859375
1 0.5458984375 0.361328125 0.025390625 0.033203125
1 0.5380859375 0.3486328125 0.029296875 0.0361328125
1 0.5244140625 0.3330078125 0.0234375 0.0322265625
1 0.5146484375 0.318359375 0.0234375 0.033203125
1 0.505859375 0.306640625 0.02734375 0.0361328125
1 0.49609375 0.2958984375 0.02734375 0.0322265625
1 0.484375 0.2822265625 0.0234375 0.029296875
1 0.357421875 0.6806640625 0.0185546875 0.0185546875
1 0.36328125 0.66015625 0.01953125 0.021484375
1 0.369140625 0.63671875 0.013671875 0.0283203125
1 0.3720703125 0.6103515625 0.0205078125 0.025390625
1 0.3798828125 0.58984375 0.017578125 0.0283203125
1 0.384765625 0.5634765625 0.0185546875 0.025390625
1 0.3896484375 0.5400390625 0.0185546875 0.025390625
1 0.3935546875 0.515625 0.017578125 0.0244140625
1 0.40234375 0.4921875 0.015625 0.0244140625
1 0.4052734375 0.46875 0.017578125 0.025390625
1 0.412109375 0.4453125 0.0166015625 0.02734375
1 0.41796875 0.4208984375 0.0185546875 0.0263671875
1 0.4208984375 0.396484375 0.0166015625 0.0224609375
1 0.4248046875 0.375 0.0166015625 0.0263671875
1 0.431640625 0.349609375 0.0166015625 0.0283203125
1 0.435546875 0.3251953125 0.01953125 0.0224609375
0 0.830078125 0.712890625 0.0234375 0.0146484375
0 0.853515625 0.71484375 0.0244140625 0.015625
0 0.8798828125 0.716796875 0.0263671875 0.0146484375
0 0.9072265625 0.71875 0.02734375 0.015625
0 0.9326171875 0.7197265625 0.0263671875 0.017578125
0 0.95703125 0.72265625 0.0263671875 0.0166015625
0 0.9853515625 0.724609375 0.0263671875 0.0166015625
0 0.986328125 0.7529296875 0.02734375 0.037109375
0 0.8388671875 0.744140625 0.0322265625 0.0361328125
0 0.8603515625 0.744140625 0.03515625 0.0322265625
0 0.880859375 0.74609375 0.0361328125 0.033203125
0 0.904296875 0.7470703125 0.0361328125 0.0361328125
0 0.92578125 0.7470703125 0.0341796875 0.0361328125
0 0.9453125 0.75 0.037109375 0.0341796875
0 0.9677734375 0.751953125 0.03515625 0.03515625
1 0.9853515625 0.8642578125 0.029296875 0.046875
1 0.9609375 0.86328125 0.060546875 0.0458984375
1 0.90234375 0.8564453125 0.0673828125 0.052734375
1 0.8359375 0.8505859375 0.0712890625 0.0556640625
1 0.7646484375 0.845703125 0.076171875 0.0517578125
1 0.689453125 0.837890625 0.0751953125 0.0556640625
1 0.6142578125 0.833984375 0.076171875 0.05078125
1 0.5361328125 0.8291015625 0.080078125 0.0517578125
1 0.4619140625 0.826171875 0.078125 0.060546875
1 0.3828125 0.81640625 0.0888671875 0.0576171875
1 0.302734375 0.8154296875 0.08984375 0.060546875
1 0.220703125 0.810546875 0.0927734375 0.0615234375
1 0.1337890625 0.8037109375 0.091796875 0.0595703125
0 0.09765625 0.849609375 0.044921875 0.029296875
0 0.150390625 0.853515625 0.05859375 0.0302734375
0 0.2080078125 0.857421875 0.052734375 0.0322265625
0 0.265625 0.859375 0.0615234375 0.029296875
0 0.31640625 0.8662109375 0.05078125 0.0302734375
0 0.3779296875 0.8662109375 0.0576171875 0.0283203125
0 0.4267578125 0.8681640625 0.0498046875 0.03125
0 0.48046875 0.873046875 0.05078125 0.0322265625
0 0.53125 0.876953125 0.05859375 0.029296875
0 0.583984375 0.880859375 0.046875 0.0263671875
0 0.6328125 0.8837890625 0.0498046875 0.029296875
0 0.681640625 0.88671875 0.048828125 0.0302734375
0 0.734375 0.890625 0.0556640625 0.0283203125
0 0.78125 0.8935546875 0.05078125 0.0322265625
0 0.828125 0.8974609375 0.0458984375 0.0302734375
0 0.8779296875 0.8994140625 0.048828125 0.025390625
0 0.9228515625 0.904296875 0.0478515625 0.029296875
0 0.9697265625 0.904296875 0.052734375 0.0302734375
0 0.1162109375 0.908203125 0.0693359375 0.0654296875
0 0.1669921875 0.9130859375 0.068359375 0.0712890625
0 0.212890625 0.9111328125 0.0654296875 0.0654296875
0 0.2607421875 0.9130859375 0.072265625 0.0673828125
0 0.302734375 0.916015625 0.0615234375 0.0693359375
0 0.349609375 0.9189453125 0.0634765625 0.068359375
0 0.3896484375 0.921875 0.0634765625 0.0673828125
0 0.431640625 0.9248046875 0.0732421875 0.0712890625
0 0.4794921875 0.9296875 0.0615234375 0.0693359375
0 0.5234375 0.9296875 0.0751953125 0.0634765625
0 0.5673828125 0.9345703125 0.0712890625 0.056640625
0 0.6083984375 0.9375 0.0576171875 0.0625
0 0.6533203125 0.9384765625 0.06640625 0.0625
0 0.689453125 0.9375 0.0595703125 0.0615234375
0 0.736328125 0.94140625 0.068359375 0.060546875
0 0.7763671875 0.9423828125 0.0615234375 0.0576171875
0 0.8173828125 0.947265625 0.056640625 0.0576171875
0 0.859375 0.951171875 0.0615234375 0.0625
0 0.8955078125 0.9541015625 0.0546875 0.0556640625
0 0.9326171875 0.9560546875 0.05859375 0.056640625
0 0.9716796875 0.9580078125 0.056640625 0.0537109375