4 0.5087890625 0.5244140625 0.251953125 0.7080078125
2 0.77734375 0.2587890625 0.267578125 0.44921875
2 0.841796875 0.6259765625 0.31640625 0.3037109375
2 0.2822265625 0.28125 0.232421875 0.2646484375
2 0.244140625 0.53515625 0.19921875 0.2509765625
2 0.2177734375 0.787109375 0.2529296875 0.2353515625
2 0.244140625 0.0439453125 0.09765625 0.087890625
2 0.154296875 0.1162109375 0.1259765625 0.13671875
2 0.0400390625 0.33984375 0.080078125 0.1435546875
2 0.916015625 0.0244140625 0.0771484375 0.048828125
2 0.9501953125 0.0546875 0.048828125 0.0439453125
2 0.970703125 0.10546875 0.05859375 0.05859375
2 0.978515625 0.1640625 0.04296875 0.080078125
2 0.982421875 0.25390625 0.03515625 0.09375
2 0.9638671875 0.375 0.0712890625 0.0849609375
2 0.3388671875 0.0625 0.0634765625 0.0537109375
2 0.2783203125 0.115234375 0.0771484375 0.064453125
2 0.509765625 0.037109375 0.044921875 0.0478515625
2 0.55078125 0.056640625 0.0400390625 0.0400390625
2 0.580078125 0.0869140625 0.03125 0.0390625
2 0.6025390625 0.1171875 0.0400390625 0.0380859375
2 0.6083984375 0.1533203125 0.03125 0.029296875
2 0.607421875 0.1806640625 0.0283203125 0.0322265625
2 0.6064453125 0.224609375 0.033203125 0.0380859375
2 0.6298828125 0.2626953125 0.03125 0.0390625
2 0.630859375 0.3037109375 0.029296875 0.0380859375
2 0.63671875 0.34765625 0.0244140625 0.03515625
2 0.62890625 0.3857421875 0.0244140625 0.0361328125
2 0.6279296875 0.4296875 0.0390625 0.0341796875
2 0.63671875 0.4697265625 0.0244140625 0.04296875
2 0.6337890625 0.5107421875 0.033203125 0.046875
2 0.4716796875 0.0986328125 0.033203125 0.0361328125
2 0.44921875 0.1298828125 0.0390625 0.04296875
2 0.4267578125 0.169921875 0.0263671875 0.041015625
2 0.41015625 0.2119140625 0.0341796875 0.0380859375
2 0.3994140625 0.25 0.03125 0.0380859375
2 0.4033203125 0.2978515625 0.0478515625 0.046875
2 0.3720703125 0.3525390625 0.041015625 0.0478515625
2 0.369140625 0.3876953125 0.033203125 0.0390625
2 0.3701171875 0.4267578125 0.0390625 0.0400390625
2 0.3740234375 0.466796875 0.0322265625 0.046875
2 0.369140625 0.5107421875 0.041015625 0.048828125
2 0.3740234375 0.55078125 0.0361328125 0.0400390625
2 0.37109375 0.5869140625 0.044921875 0.04296875
2 0.3720703125 0.62890625 0.044921875 0.041015625
2 0.3681640625 0.666015625 0.033203125 0.044921875
2 0.369140625 0.7041015625 0.044921875 0.0439453125
2 0.3701171875 0.7451171875 0.0400390625 0.0439453125
2 0.373046875 0.7890625 0.0517578125 0.0439453125
2 0.3623046875 0.8388671875 0.0361328125 0.048828125
2 0.6376953125 0.552734375 0.0302734375 0.046875
2 0.6376953125 0.5986328125 0.033203125 0.0478515625
2 0.640625 0.642578125 0.03125 0.048828125
2 0.6376953125 0.6806640625 0.0283203125 0.0419921875
2 0.640625 0.724609375 0.0400390625 0.048828125
2 0.640625 0.765625 0.03125 0.056640625
2 0.3857421875 0.0185546875 0.0634765625 0.0361328125
2 0.09375 0.33984375 0.0439453125 0.0498046875
2 0.0732421875 0.3994140625 0.041015625 0.0703125
2 0.048828125 0.4765625 0.0498046875 0.07421875
2 0.04296875 0.5458984375 0.046875 0.0556640625
2 0.0498046875 0.603515625 0.0439453125 0.056640625