3 0.828125 0.3564453125 0.14453125 0.076171875
3 0.8193359375 0.4267578125 0.140625 0.08984375
3 0.81640625 0.51953125 0.14453125 0.095703125
3 0.8193359375 0.822265625 0.12890625 0.119140625
3 0.818359375 0.8896484375 0.13671875 0.080078125
3 0.8759765625 0.251953125 0.13671875 0.07421875
3 0.6494140625 0.7919921875 0.076171875 0.0546875
3 0.646484375 0.734375 0.078125 0.0546875
3 0.6435546875 0.509765625 0.0703125 0.0546875
3 0.646484375 0.4326171875 0.07421875 0.046875
3 0.6533203125 0.3759765625 0.076171875 0.05078125
3 0.69140625 0.2900390625 0.068359375 0.03125
1 0.642578125 0.625 0.078125 0.14453125
1 0.8388671875 0.6650390625 0.0859375 0.181640625
1 0.9501953125 0.5537109375 0.03515625 0.060546875
1 0.9501953125 0.6328125 0.041015625 0.0703125
1 0.9501953125 0.7470703125 0.044921875 0.052734375
1 0.9521484375 0.4677734375 0.037109375 0.0546875
1 0.712890625 0.6181640625 0.029296875 0.0625
1 0.7138671875 0.7080078125 0.03515625 0.0625
1 0.7109375 0.5390625 0.03125 0.06640625
1 0.716796875 0.46875 0.03125 0.05859375
1 0.720703125 0.783203125 0.0390625 0.0390625
3 0.4833984375 0.7314453125 0.072265625 0.05859375
3 0.4697265625 0.6611328125 0.080078125 0.046875
3 0.47265625 0.5234375 0.08203125 0.046875
3 0.4736328125 0.4345703125 0.078125 0.05078125
3 0.482421875 0.37109375 0.08203125 0.05078125
3 0.5107421875 0.3134765625 0.0625 0.041015625
0 0.244140625 0.546875 0.0625 0.05859375
0 0.3212890625 0.560546875 0.0546875 0.05078125
0 0.357421875 0.521484375 0.0546875 0.056640625
0 0.39453125 0.5703125 0.05859375 0.0625
0 0.419921875 0.5263671875 0.03125 0.048828125
0 0.4013671875 0.4736328125 0.0546875 0.0625
0 0.3740234375 0.4326171875 0.0546875 0.04296875
0 0.32421875 0.46875 0.064453125 0.05859375
0 0.2861328125 0.5146484375 0.0625 0.05859375
0 0.255859375 0.4716796875 0.05859375 0.05859375
0 0.2939453125 0.4365234375 0.05859375 0.03515625
0 0.283203125 0.5869140625 0.05078125 0.05078125
0 0.3291015625 0.615234375 0.0390625 0.0390625
0 0.3603515625 0.6005859375 0.06640625 0.048828125
0 0.419921875 0.6201171875 0.0390625 0.033203125
0 0.3955078125 0.638671875 0.0390625 0.033203125
0 0.4267578125 0.4287109375 0.029296875 0.041015625
1 0.1640625 0.48046875 0.03125 0.03515625
1 0.1650390625 0.51953125 0.037109375 0.03515625
1 0.1650390625 0.5576171875 0.03515625 0.03125
1 0.1962890625 0.521484375 0.03515625 0.03515625
1 0.19921875 0.55859375 0.03125 0.03125
1 0.201171875 0.5869140625 0.03515625 0.025390625
1 0.19921875 0.4814453125 0.03515625 0.03515625
1 0.166015625 0.4462890625 0.03515625 0.029296875
1 0.2041015625 0.4462890625 0.0390625 0.02734375
1 0.537109375 0.5673828125 0.04296875 0.05078125
1 0.5390625 0.6103515625 0.04296875 0.04296875
1 0.541015625 0.6484375 0.03515625 0.04296875
1 0.541015625 0.4716796875 0.03515625 0.04296875
1 0.5693359375 0.3359375 0.041015625 0.02734375