4 0.6083984375 0.1806640625 0.28125 0.1484375
4 0.53515625 0.5859375 0.294921875 0.15234375
1 0.1953125 0.9892578125 0.14453125 0.021484375
1 0.3076171875 0.9599609375 0.138671875 0.078125
1 0.453125 0.8291015625 0.39453125 0.23046875
1 0.3681640625 0.712890625 0.123046875 0.08203125
1 0.2919921875 0.673828125 0.162109375 0.0859375
1 0.25 0.591796875 0.134765625 0.10546875
1 0.3232421875 0.5146484375 0.12890625 0.0625
1 0.423828125 0.4697265625 0.115234375 0.05859375
1 0.5390625 0.37109375 0.35546875 0.15625
1 0.478515625 0.287109375 0.126953125 0.06640625
1 0.4013671875 0.2626953125 0.134765625 0.0859375
1 0.3662109375 0.1943359375 0.1171875 0.10546875
1 0.4267578125 0.1318359375 0.115234375 0.06640625
1 0.5283203125 0.08984375 0.08984375 0.046875
1 0.609375 0.0322265625 0.296875 0.064453125
0 0.904296875 0.041015625 0.19140625 0.08203125
0 0.88671875 0.2568359375 0.2265625 0.125
0 0.8564453125 0.5263671875 0.240234375 0.125
1 0.7490234375 0.962890625 0.140625 0.07421875
1 0.890625 0.962890625 0.154296875 0.07421875
1 0.8046875 0.423828125 0.103515625 0.07421875
1 0.9306640625 0.4267578125 0.125 0.0703125
1 0.8251953125 0.357421875 0.119140625 0.06640625
1 0.9365234375 0.3544921875 0.10546875 0.06640625
4 0.841796875 0.1357421875 0.1171875 0.08984375
4 0.951171875 0.1318359375 0.09765625 0.09765625