3 0.0478515625 0.19140625 0.03125 0.015625
3 0.04296875 0.203125 0.03125 0.013671875
3 0.0380859375 0.212890625 0.03125 0.01171875
3 0.09375 0.205078125 0.0390625 0.015625
3 0.0849609375 0.21875 0.0390625 0.015625
3 0.080078125 0.2333984375 0.0390625 0.017578125
3 0.1337890625 0.2333984375 0.04296875 0.02734375
3 0.146484375 0.216796875 0.046875 0.0234375
3 0.123046875 0.251953125 0.046875 0.021484375
2 0.337890625 0.1162109375 0.1640625 0.095703125
2 0.2802734375 0.140625 0.17578125 0.10546875
2 0.15234375 0.375 0.203125 0.05859375
2 0.1806640625 0.423828125 0.2109375 0.052734375
3 0.8056640625 0.013671875 0.388671875 0.02734375
3 0.6826171875 0.1943359375 0.23828125 0.09375
3 0.8251953125 0.330078125 0.32421875 0.140625
3 0.771484375 0.47265625 0.24609375 0.08984375
3 0.677734375 0.666015625 0.1953125 0.0625
3 0.7734375 0.7001953125 0.1953125 0.078125
3 0.724609375 0.8037109375 0.20703125 0.0625
3 0.8291015625 0.931640625 0.181640625 0.076171875
3 0.7802734375 0.962890625 0.185546875 0.048828125
2 0.46875 0.60546875 0.11328125 0.05078125
2 0.5390625 0.751953125 0.12890625 0.05078125
3 0.4833984375 0.568359375 0.115234375 0.03515625
3 0.517578125 0.357421875 0.26953125 0.109375
2 0.4345703125 0.005859375 0.037109375 0.01171875
2 0.458984375 0.0185546875 0.04296875 0.0234375
2 0.48828125 0.0361328125 0.0390625 0.0234375
2 0.5185546875 0.0556640625 0.0390625 0.01953125
2 0.546875 0.0751953125 0.04296875 0.01953125
2 0.5751953125 0.0927734375 0.0390625 0.0234375
2 0.6015625 0.109375 0.04296875 0.01953125
2 0.6328125 0.130859375 0.046875 0.0234375
2 0.65625 0.15234375 0.04296875 0.025390625
2 0.3486328125 0.158203125 0.033203125 0.02734375
2 0.2919921875 0.1845703125 0.04296875 0.015625
2 0.3134765625 0.1982421875 0.03515625 0.0234375
2 0.3759765625 0.1826171875 0.0390625 0.017578125
2 0.4033203125 0.197265625 0.04296875 0.0234375
2 0.333984375 0.21484375 0.03515625 0.021484375
2 0.359375 0.2314453125 0.0390625 0.0234375
2 0.423828125 0.216796875 0.04296875 0.0234375
2 0.38671875 0.251953125 0.037109375 0.01953125
2 0.4501953125 0.234375 0.0390625 0.02734375
2 0.40625 0.271484375 0.0390625 0.0234375
2 0.4365234375 0.287109375 0.03515625 0.0234375
2 0.458984375 0.3076171875 0.0390625 0.0234375
2 0.4736328125 0.2529296875 0.04296875 0.0234375
2 0.50390625 0.2705078125 0.04296875 0.0234375
2 0.53125 0.2900390625 0.04296875 0.0234375
2 0.552734375 0.3076171875 0.0390625 0.01953125
2 0.5791015625 0.3251953125 0.0390625 0.01953125
2 0.6083984375 0.349609375 0.037109375 0.0234375
2 0.4462890625 0.34375 0.03515625 0.0234375
2 0.40625 0.34375 0.03515625 0.0234375
2 0.3779296875 0.345703125 0.0390625 0.0234375
2 0.3359375 0.3447265625 0.04296875 0.03125
2 0.306640625 0.34765625 0.033203125 0.0234375
2 0.275390625 0.3466796875 0.0390625 0.021484375
2 0.240234375 0.3447265625 0.0390625 0.0234375
2 0.203125 0.3466796875 0.0390625 0.0234375
2 0.236328125 0.3935546875 0.037109375 0.0234375
2 0.2685546875 0.3955078125 0.041015625 0.01953125
2 0.3046875 0.3955078125 0.04296875 0.0234375
2 0.337890625 0.396484375 0.041015625 0.01953125
2 0.3720703125 0.3974609375 0.03515625 0.01953125
2 0.40625 0.3974609375 0.0390625 0.01953125
2 0.4423828125 0.3994140625 0.044921875 0.0234375
2 0.4775390625 0.3984375 0.044921875 0.0234375
2 0.51953125 0.3994140625 0.0390625 0.0234375
2 0.5576171875 0.3994140625 0.0390625 0.021484375
2 0.59765625 0.4013671875 0.037109375 0.0234375
2 0.248046875 0.439453125 0.033203125 0.015625
2 0.2841796875 0.4541015625 0.046875 0.01953125
2 0.3203125 0.4736328125 0.04296875 0.01953125
2 0.3603515625 0.4892578125 0.046875 0.015625
2 0.39453125 0.505859375 0.044921875 0.015625
2 0.4345703125 0.525390625 0.046875 0.01953125
2 0.4697265625 0.54296875 0.0390625 0.015625
2 0.509765625 0.5634765625 0.0390625 0.01953125
2 0.548828125 0.5810546875 0.04296875 0.013671875
2 0.58203125 0.5986328125 0.03515625 0.015625
2 0.619140625 0.6123046875 0.04296875 0.021484375
2 0.482421875 0.6162109375 0.04296875 0.015625
2 0.50390625 0.630859375 0.05078125 0.015625
2 0.5283203125 0.64453125 0.05078125 0.015625
2 0.5478515625 0.66015625 0.044921875 0.015625
2 0.5673828125 0.6748046875 0.04296875 0.01953125
2 0.5908203125 0.6923828125 0.048828125 0.015625
2 0.609375 0.705078125 0.046875 0.01953125
2 0.634765625 0.72265625 0.046875 0.01953125
2 0.65625 0.7421875 0.046875 0.02734375
2 0.6767578125 0.7548828125 0.04296875 0.01953125