1 0.3095703125 0.1767578125 0.44140625 0.353515625
1 0.7802734375 0.1787109375 0.4375 0.35546875
1 0.955078125 0.5107421875 0.08984375 0.177734375
1 0.8671875 0.515625 0.1171875 0.16015625
1 0.76953125 0.5205078125 0.119140625 0.166015625
1 0.6669921875 0.5224609375 0.1171875 0.16796875
1 0.5400390625 0.5244140625 0.16796875 0.1640625
1 0.4091796875 0.521484375 0.1328125 0.16796875
1 0.3095703125 0.521484375 0.12109375 0.16796875
1 0.2060546875 0.5185546875 0.12890625 0.177734375
1 0.1015625 0.5244140625 0.12109375 0.171875
1 0.0283203125 0.5185546875 0.0546875 0.17578125
1 0.1044921875 0.685546875 0.208984375 0.12109375
1 0.9072265625 0.677734375 0.18359375 0.107421875