1 0.2197265625 0.052734375 0.1240234375 0.1044921875
1 0.2099609375 0.15625 0.109375 0.0888671875
1 0.1982421875 0.248046875 0.1162109375 0.09375
1 0.193359375 0.33984375 0.146484375 0.099609375
1 0.177734375 0.4423828125 0.125 0.1064453125
1 0.1611328125 0.54296875 0.1171875 0.1005859375
1 0.1533203125 0.6494140625 0.1220703125 0.1181640625
1 0.1435546875 0.7607421875 0.15234375 0.1181640625
1 0.1279296875 0.865234375 0.16015625 0.1201171875
1 0.4619140625 0.0517578125 0.3037109375 0.103515625
1 0.4599609375 0.2392578125 0.32421875 0.2890625
1 0.4140625 0.509765625 0.267578125 0.2646484375
1 0.4072265625 0.8291015625 0.365234375 0.33203125
1 0.7236328125 0.0341796875 0.123046875 0.068359375
1 0.7138671875 0.1103515625 0.1123046875 0.103515625
1 0.7138671875 0.2060546875 0.123046875 0.0986328125
1 0.708984375 0.302734375 0.11328125 0.1064453125
1 0.7041015625 0.41015625 0.1328125 0.1181640625
1 0.703125 0.515625 0.1259765625 0.1162109375
1 0.705078125 0.626953125 0.1455078125 0.1142578125
1 0.701171875 0.7431640625 0.1376953125 0.1220703125
1 0.7041015625 0.8623046875 0.16796875 0.1181640625
1 0.6953125 0.955078125 0.1455078125 0.083984375
1 0.8876953125 0.0341796875 0.125 0.0673828125
1 0.9169921875 0.091796875 0.166015625 0.0859375
1 0.904296875 0.1748046875 0.19140625 0.154296875