0 0.923828125 0.544921875 0.11328125 0.197265625
0 0.888671875 0.673828125 0.12109375 0.16015625
0 0.927734375 0.822265625 0.12890625 0.169921875
0 0.7919921875 0.8291015625 0.130859375 0.177734375
0 0.7548828125 0.6513671875 0.138671875 0.150390625
0 0.7861328125 0.494140625 0.138671875 0.14453125
0 0.6435546875 0.49609375 0.111328125 0.16796875
0 0.6103515625 0.6328125 0.109375 0.1875
0 0.650390625 0.810546875 0.130859375 0.16796875
0 0.5078125 0.7939453125 0.130859375 0.19140625
0 0.4599609375 0.6396484375 0.107421875 0.232421875
0 0.49609375 0.451171875 0.12890625 0.16796875
0 0.34375 0.4580078125 0.12109375 0.25
0 0.3046875 0.619140625 0.12890625 0.2578125
0 0.361328125 0.775390625 0.13671875 0.166015625
0 0.36328125 0.8955078125 0.1328125 0.12890625
0 0.1923828125 0.43359375 0.13671875 0.224609375
0 0.13671875 0.5751953125 0.142578125 0.19921875
0 0.1875 0.7529296875 0.146484375 0.162109375
0 0.2080078125 0.8935546875 0.140625 0.134765625
0 0.052734375 0.7353515625 0.10546875 0.185546875
0 0.064453125 0.884765625 0.12109375 0.12109375
0 0.0458984375 0.4189453125 0.091796875 0.21484375