1 0.4716796875 0.470703125 0.34765625 0.205078125
1 0.2138671875 0.66796875 0.1796875 0.1298828125
1 0.94140625 0.8642578125 0.1171875 0.1201171875
1 0.0556640625 0.7568359375 0.107421875 0.09375
1 0.1953125 0.7841796875 0.1474609375 0.1025390625
1 0.3525390625 0.8203125 0.12890625 0.1025390625
1 0.513671875 0.8603515625 0.138671875 0.1044921875
1 0.646484375 0.888671875 0.109375 0.0771484375
1 0.8173828125 0.935546875 0.0986328125 0.08203125
1 0.951171875 0.9658203125 0.09765625 0.068359375
1 0.7236328125 0.9501953125 0.150390625 0.099609375
1 0.560546875 0.9638671875 0.2080078125 0.072265625
1 0.1416015625 0.947265625 0.201171875 0.10546875
1 0.0712890625 0.5 0.12890625 0.0859375
1 0.2041015625 0.533203125 0.1416015625 0.0859375
1 0.3525390625 0.57421875 0.12890625 0.095703125
1 0.462890625 0.6005859375 0.0830078125 0.0703125
1 0.765625 0.6767578125 0.1357421875 0.0947265625
1 0.9140625 0.71484375 0.1396484375 0.0947265625
1 0.5927734375 0.7265625 0.5341796875 0.31640625