4 0.4443359375 0.4208984375 0.1796875 0.44921875
2 0.1142578125 0.033203125 0.046875 0.06640625
2 0.0859375 0.0810546875 0.0390625 0.09765625
2 0.0546875 0.158203125 0.05078125 0.10546875
2 0.0283203125 0.2255859375 0.044921875 0.1015625
2 0.0087890625 0.294921875 0.017578125 0.10546875
2 0.990234375 0.529296875 0.01953125 0.103515625
2 0.96875 0.455078125 0.037109375 0.09375
2 0.9384765625 0.3857421875 0.0390625 0.1015625
2 0.908203125 0.3125 0.037109375 0.109375
2 0.8779296875 0.240234375 0.03515625 0.099609375
2 0.853515625 0.1689453125 0.04296875 0.08984375
2 0.822265625 0.0986328125 0.033203125 0.095703125
2 0.794921875 0.0341796875 0.0390625 0.06640625
0 0.4365234375 0.0947265625 0.0859375 0.189453125
0 0.666015625 0.5791015625 0.0546875 0.11328125
0 0.2216796875 0.568359375 0.06640625 0.0859375
1 0.728515625 0.025390625 0.046875 0.05078125
1 0.7578125 0.0927734375 0.0546875 0.0859375
1 0.7919921875 0.1708984375 0.0546875 0.07421875
1 0.822265625 0.2392578125 0.05859375 0.0703125
1 0.8486328125 0.3115234375 0.0625 0.08203125
1 0.876953125 0.388671875 0.05078125 0.07421875
1 0.9072265625 0.4580078125 0.05859375 0.0703125
1 0.9345703125 0.529296875 0.064453125 0.078125
1 0.9677734375 0.6083984375 0.05859375 0.08203125
1 0.9833984375 0.6884765625 0.033203125 0.080078125
1 0.17578125 0.0244140625 0.06640625 0.048828125
1 0.1484375 0.0830078125 0.0546875 0.064453125
1 0.1220703125 0.1533203125 0.064453125 0.08203125
1 0.091796875 0.2236328125 0.0625 0.0625
1 0.068359375 0.2919921875 0.064453125 0.068359375
1 0.037109375 0.3642578125 0.0546875 0.064453125
1 0.017578125 0.4345703125 0.03515625 0.078125
1 0.0068359375 0.51171875 0.013671875 0.07421875
1 0.1171875 0.734375 0.203125 0.318359375
1 0.1982421875 0.365234375 0.220703125 0.431640625
1 0.642578125 0.3623046875 0.21875 0.44921875
1 0.7138671875 0.7431640625 0.35546875 0.31640625
1 0.310546875 0.751953125 0.18359375 0.3046875
1 0.591796875 0.7421875 0.1328125 0.31640625
1 0.337890625 0.07421875 0.125 0.1484375
1 0.53125 0.0791015625 0.130859375 0.15625
1 0.0517578125 0.927734375 0.078125 0.046875
1 0.130859375 0.923828125 0.08203125 0.048828125
1 0.2138671875 0.9267578125 0.078125 0.046875
1 0.2939453125 0.921875 0.07421875 0.04296875
1 0.3701171875 0.9267578125 0.078125 0.048828125
1 0.4501953125 0.9287109375 0.078125 0.05078125
1 0.529296875 0.9287109375 0.0859375 0.046875
1 0.6171875 0.931640625 0.08984375 0.04296875
1 0.6943359375 0.93359375 0.0703125 0.046875
1 0.775390625 0.9287109375 0.0859375 0.046875
1 0.8544921875 0.9267578125 0.06640625 0.05078125
1 0.9248046875 0.923828125 0.072265625 0.046875