3 0.5751953125 0.5380859375 0.70703125 0.609375
2 0.7490234375 0.08984375 0.076171875 0.1015625
2 0.71484375 0.1259765625 0.0859375 0.08984375
2 0.6689453125 0.1337890625 0.08203125 0.1015625
2 0.599609375 0.1435546875 0.09765625 0.142578125
2 0.5380859375 0.1845703125 0.099609375 0.10546875
2 0.4765625 0.2236328125 0.103515625 0.130859375
2 0.673828125 0.0302734375 0.03515625 0.041015625
2 0.6494140625 0.041015625 0.03515625 0.041015625
2 0.6162109375 0.0498046875 0.02734375 0.0390625
2 0.5830078125 0.0517578125 0.037109375 0.05078125
2 0.5439453125 0.0478515625 0.037109375 0.046875
2 0.49609375 0.0341796875 0.0390625 0.0390625
2 0.462890625 0.05078125 0.0390625 0.041015625
2 0.466796875 0.083984375 0.044921875 0.03515625
2 0.4521484375 0.1240234375 0.05859375 0.037109375
2 0.4013671875 0.125 0.05078125 0.0390625
2 0.25 0.1123046875 0.0390625 0.0390625
2 0.208984375 0.130859375 0.04296875 0.046875
2 0.3076171875 0.0458984375 0.0625 0.05078125
2 0.2451171875 0.029296875 0.068359375 0.05859375