4 0.87890625 0.4775390625 0.2421875 0.544921875
4 0.4248046875 0.4951171875 0.2578125 0.45703125
4 0.06640625 0.50390625 0.1328125 0.5
1 0.96484375 0.8046875 0.06640625 0.12109375
1 0.8828125 0.830078125 0.109375 0.10546875
1 0.8291015625 0.7568359375 0.08203125 0.076171875
1 0.78125 0.7021484375 0.087890625 0.056640625
1 0.736328125 0.630859375 0.095703125 0.09375
1 0.9580078125 0.1728515625 0.07421875 0.09765625
1 0.87890625 0.1572265625 0.111328125 0.06640625
1 0.822265625 0.22265625 0.095703125 0.05859375
1 0.775390625 0.27734375 0.08203125 0.05859375
1 0.728515625 0.35546875 0.10546875 0.07421875
1 0.6337890625 0.490234375 0.048828125 0.09375
1 0.6875 0.423828125 0.087890625 0.08984375
1 0.6875 0.55859375 0.07421875 0.09375
1 0.732421875 0.494140625 0.0546875 0.13671875
1 0.67578125 0.2236328125 0.275390625 0.236328125
1 0.6669921875 0.73046875 0.26171875 0.216796875
1 0.51953125 0.1884765625 0.109375 0.080078125
1 0.53125 0.80859375 0.109375 0.072265625
1 0.4765625 0.7744140625 0.05859375 0.103515625
1 0.4716796875 0.228515625 0.056640625 0.08984375
1 0.400390625 0.201171875 0.0859375 0.0546875
1 0.35546875 0.2490234375 0.08203125 0.0703125
1 0.3193359375 0.310546875 0.078125 0.05078125
1 0.41015625 0.80078125 0.080078125 0.0703125
1 0.3642578125 0.7392578125 0.078125 0.0703125
1 0.3193359375 0.703125 0.068359375 0.0625
1 0.2919921875 0.6318359375 0.09375 0.09765625
1 0.2880859375 0.3759765625 0.0859375 0.078125
1 0.208984375 0.5029296875 0.05078125 0.10546875
1 0.2509765625 0.564453125 0.0625 0.076171875
1 0.2822265625 0.5146484375 0.05078125 0.11328125
1 0.2470703125 0.4462890625 0.0625 0.0625
1 0.2353515625 0.7431640625 0.2265625 0.140625
1 0.2080078125 0.625 0.0625 0.1015625
1 0.16796875 0.5654296875 0.0546875 0.06640625
1 0.1630859375 0.453125 0.05078125 0.08984375
1 0.205078125 0.396484375 0.05078125 0.080078125
1 0.22265625 0.3369140625 0.072265625 0.046875
1 0.2236328125 0.2705078125 0.2265625 0.1953125
1 0.0205078125 0.79296875 0.0390625 0.06640625
1 0.060546875 0.7646484375 0.05859375 0.103515625
1 0.1103515625 0.798828125 0.08984375 0.06640625
1 0.017578125 0.23828125 0.03515625 0.05859375
1 0.0625 0.2666015625 0.0390625 0.109375
1 0.1044921875 0.224609375 0.087890625 0.060546875
1 0.0634765625 0.04296875 0.125 0.0859375