4 0.5322265625 0.5771484375 0.181640625 0.4150390625
2 0.4912109375 0.2451171875 0.12109375 0.15625
2 0.5859375 0.3046875 0.0810546875 0.1474609375
2 0.65625 0.4326171875 0.0537109375 0.1455078125
2 0.4033203125 0.3056640625 0.06640625 0.1650390625
2 0.357421875 0.4208984375 0.0615234375 0.1455078125
2 0.2197265625 0.5390625 0.2548828125 0.44921875
2 0.8037109375 0.5439453125 0.19140625 0.439453125
2 0.9638671875 0.34375 0.06640625 0.140625
2 0.916015625 0.4453125 0.0712890625 0.142578125
2 0.0517578125 0.40234375 0.0576171875 0.1240234375