4 0.44921875 0.505859375 0.37890625 0.21484375
1 0.6474609375 0.0283203125 0.177734375 0.056640625
1 0.517578125 0.173828125 0.458984375 0.275390625
1 0.623046875 0.3359375 0.150390625 0.08203125
1 0.728515625 0.3955078125 0.17578125 0.09765625
1 0.80078125 0.5068359375 0.17578125 0.14453125
1 0.728515625 0.607421875 0.1328125 0.09765625
1 0.609375 0.6640625 0.14453125 0.078125
1 0.494140625 0.8251953125 0.44140625 0.2734375
1 0.5947265625 0.9599609375 0.150390625 0.080078125
1 0.7099609375 0.9833984375 0.169921875 0.033203125
0 0.10546875 0.6376953125 0.2109375 0.232421875
0 0.107421875 0.201171875 0.21484375 0.20703125
1 0.1513671875 0.05078125 0.146484375 0.1015625
1 0.03515625 0.0751953125 0.0703125 0.150390625
1 0.15234375 0.400390625 0.126953125 0.201171875
1 0.0400390625 0.3583984375 0.078125 0.140625
1 0.1474609375 0.908203125 0.1328125 0.18359375
1 0.03125 0.9189453125 0.0625 0.15234375
0 0.10546875 0.9755859375 0.2109375 0.048828125