0 0.9560546875 0.279296875 0.087890625 0.21875
0 0.8876953125 0.125 0.15625 0.21484375
0 0.802734375 0.275390625 0.140625 0.201171875
0 0.96875 0.580078125 0.0625 0.2109375
0 0.904296875 0.7412109375 0.146484375 0.205078125
0 0.8994140625 0.4091796875 0.154296875 0.203125
0 0.6982421875 0.1279296875 0.16796875 0.203125
0 0.6220703125 0.26171875 0.1328125 0.166015625
0 0.5087890625 0.125 0.1484375 0.240234375
0 0.40234375 0.056640625 0.15625 0.11328125
0 0.3349609375 0.0849609375 0.13671875 0.16796875
0 0.62109375 0.8955078125 0.173828125 0.19921875
0 0.53125 0.9501953125 0.1796875 0.099609375
0 0.8115234375 0.8701171875 0.171875 0.236328125
0 0.9658203125 0.8515625 0.068359375 0.19921875
2 0.1865234375 0.830078125 0.21875 0.33984375
2 0.181640625 0.28125 0.2265625 0.40625
2 0.443359375 0.2626953125 0.095703125 0.1015625
2 0.4609375 0.8681640625 0.0859375 0.1171875
2 0.359375 0.9091796875 0.125 0.16015625
2 0.349609375 0.2236328125 0.1015625 0.1328125
2 0.4462890625 0.3828125 0.048828125 0.05859375
2 0.4677734375 0.4287109375 0.04296875 0.04296875
2 0.4892578125 0.48046875 0.04296875 0.056640625
2 0.4990234375 0.5322265625 0.046875 0.05078125
2 0.498046875 0.587890625 0.04296875 0.0390625
2 0.4912109375 0.642578125 0.041015625 0.06640625
2 0.474609375 0.6943359375 0.037109375 0.046875
2 0.453125 0.744140625 0.041015625 0.052734375
2 0.4296875 0.7880859375 0.037109375 0.04296875
2 0.41796875 0.3408203125 0.04296875 0.03515625
2 0.3798828125 0.3193359375 0.05078125 0.05859375
2 0.3935546875 0.806640625 0.04296875 0.056640625