4 0.630859375 0.525390625 0.466796875 0.23046875
2 0.986328125 0.4853515625 0.02734375 0.02734375
2 0.978515625 0.517578125 0.04296875 0.03125
2 0.94921875 0.546875 0.09375 0.033203125
2 0.880859375 0.5791015625 0.087890625 0.03515625
2 0.810546875 0.603515625 0.09375 0.03515625
2 0.7314453125 0.626953125 0.09765625 0.03125
2 0.6591796875 0.6474609375 0.087890625 0.029296875
2 0.5751953125 0.6630859375 0.09375 0.03125
2 0.9677734375 0.4599609375 0.064453125 0.033203125
2 0.9140625 0.427734375 0.076171875 0.037109375
2 0.8603515625 0.41015625 0.076171875 0.0390625
2 0.7958984375 0.3916015625 0.07421875 0.0390625
2 0.7333984375 0.375 0.09375 0.0390625
2 0.6435546875 0.361328125 0.08984375 0.03515625
1 0.5732421875 0.3486328125 0.22265625 0.078125
1 0.4755859375 0.6845703125 0.177734375 0.068359375
1 0.5205078125 0.2646484375 0.248046875 0.09375
1 0.353515625 0.224609375 0.236328125 0.263671875
1 0.2138671875 0.8056640625 0.134765625 0.228515625
1 0.4072265625 0.74609375 0.23828125 0.107421875
2 0.951171875 0.041015625 0.09765625 0.06640625
2 0.908203125 0.013671875 0.16015625 0.02734375
2 0.9853515625 0.0830078125 0.029296875 0.056640625
2 0.982421875 0.9580078125 0.03515625 0.046875
2 0.943359375 0.9833984375 0.11328125 0.033203125
1 0.9716796875 0.185546875 0.056640625 0.0625
1 0.9248046875 0.14453125 0.09765625 0.068359375
1 0.8505859375 0.099609375 0.087890625 0.0625
1 0.78515625 0.05859375 0.095703125 0.064453125
1 0.712890625 0.0224609375 0.109375 0.044921875
0 0.9697265625 0.3603515625 0.0546875 0.029296875
0 0.8955078125 0.3203125 0.05078125 0.04296875
0 0.8173828125 0.2734375 0.046875 0.03125
0 0.736328125 0.2294921875 0.0546875 0.0390625
0 0.65625 0.1826171875 0.05078125 0.0390625
0 0.5712890625 0.1357421875 0.0625 0.033203125
0 0.4931640625 0.0859375 0.0625 0.0390625
0 0.4013671875 0.0341796875 0.056640625 0.03515625
0 0.267578125 0.0048828125 0.046875 0.009765625
0 0.2529296875 0.0751953125 0.037109375 0.02734375
0 0.240234375 0.1572265625 0.041015625 0.029296875
0 0.2060546875 0.232421875 0.0546875 0.029296875
0 0.197265625 0.306640625 0.0546875 0.03125
0 0.181640625 0.3779296875 0.05078125 0.03515625
0 0.1669921875 0.44921875 0.0546875 0.03125
0 0.1513671875 0.521484375 0.0546875 0.03515625
0 0.13671875 0.58984375 0.05078125 0.029296875
0 0.125 0.658203125 0.056640625 0.02734375
0 0.1103515625 0.7236328125 0.0546875 0.03125
0 0.0947265625 0.791015625 0.05859375 0.03125
0 0.08203125 0.8564453125 0.0546875 0.025390625
0 0.068359375 0.921875 0.05859375 0.02734375
0 0.1884765625 0.97265625 0.048828125 0.029296875
0 0.2822265625 0.9326171875 0.05078125 0.0234375
0 0.3818359375 0.8837890625 0.05859375 0.03125
0 0.474609375 0.8408203125 0.05078125 0.02734375
0 0.962890625 0.619140625 0.052734375 0.029296875
0 0.865234375 0.6630859375 0.04296875 0.03125
0 0.7685546875 0.7060546875 0.05859375 0.03515625
0 0.6728515625 0.75 0.0546875 0.02734375
0 0.5810546875 0.7939453125 0.0546875 0.029296875
1 0.990234375 0.88671875 0.01953125 0.0625
1 0.9365234375 0.92578125 0.0859375 0.05859375
1 0.859375 0.95703125 0.09375 0.048828125
1 0.775390625 0.9814453125 0.083984375 0.037109375
1 0.98828125 0.59375 0.0234375 0.04296875
1 0.91015625 0.6416015625 0.0625 0.046875
1 0.822265625 0.6806640625 0.060546875 0.04296875
1 0.716796875 0.7294921875 0.05078125 0.044921875
1 0.625 0.7685546875 0.056640625 0.0390625
1 0.5244140625 0.81640625 0.068359375 0.0390625
1 0.4306640625 0.8603515625 0.064453125 0.03515625
1 0.330078125 0.908203125 0.07421875 0.03125
1 0.2412109375 0.951171875 0.0625 0.037109375
1 0.1474609375 0.986328125 0.064453125 0.02734375
1 0.056640625 0.9677734375 0.0546875 0.05859375
1 0.076171875 0.888671875 0.064453125 0.04296875
1 0.0869140625 0.8251953125 0.056640625 0.0390625
1 0.1005859375 0.7568359375 0.05859375 0.037109375
1 0.1162109375 0.689453125 0.052734375 0.03515625
1 0.1279296875 0.623046875 0.056640625 0.0390625
1 0.171875 0.416015625 0.0625 0.037109375
1 0.16015625 0.4833984375 0.0625 0.0390625
1 0.146484375 0.556640625 0.06640625 0.03515625
1 0.1884765625 0.3408203125 0.0546875 0.041015625
1 0.201171875 0.26953125 0.064453125 0.04296875
1 0.2607421875 0.0361328125 0.048828125 0.05078125
1 0.361328125 0.013671875 0.08203125 0.02734375
1 0.451171875 0.0625 0.0703125 0.0390625
1 0.5341796875 0.1123046875 0.08203125 0.0390625
1 0.6181640625 0.158203125 0.07421875 0.04296875
1 0.69921875 0.2060546875 0.0625 0.03515625
1 0.7783203125 0.2509765625 0.07421875 0.03515625
1 0.853515625 0.2939453125 0.06640625 0.04296875
1 0.9365234375 0.33984375 0.0703125 0.04296875
1 0.9873046875 0.3857421875 0.0234375 0.04296875
0 0.0751953125 0.0205078125 0.07421875 0.0390625
0 0.06640625 0.0654296875 0.078125 0.044921875
0 0.05859375 0.1220703125 0.072265625 0.037109375
1 0.1787109375 0.009765625 0.072265625 0.01953125
1 0.1748046875 0.0283203125 0.0625 0.025390625
1 0.169921875 0.0625 0.0703125 0.04296875
1 0.1630859375 0.099609375 0.06640625 0.05078125
1 0.16015625 0.1298828125 0.07421875 0.0234375
1 0.15625 0.1650390625 0.072265625 0.046875
1 0.150390625 0.1982421875 0.05859375 0.021484375
1 0.09375 0.2138671875 0.06640625 0.03125
1 0.0888671875 0.2431640625 0.060546875 0.04296875
1 0.0791015625 0.2744140625 0.0625 0.03515625
1 0.0703125 0.306640625 0.060546875 0.04296875
1 0.0703125 0.3359375 0.0546875 0.029296875
1 0.0615234375 0.3681640625 0.0625 0.0390625
1 0.056640625 0.3974609375 0.06640625 0.029296875
1 0.052734375 0.4296875 0.064453125 0.046875
1 0.048828125 0.4580078125 0.0625 0.02734375
1 0.048828125 0.490234375 0.05078125 0.04296875
1 0.0146484375 0.7197265625 0.029296875 0.0390625
1 0.017578125 0.6904296875 0.03515625 0.01953125
1 0.0205078125 0.6630859375 0.041015625 0.04296875
1 0.0224609375 0.630859375 0.044921875 0.02734375
1 0.025390625 0.603515625 0.05078125 0.044921875
1 0.02734375 0.57421875 0.0546875 0.03125