4 0.0185546875 0.8876953125 0.03515625 0.13671875
4 0.1767578125 0.8623046875 0.123046875 0.14453125
4 0.31640625 0.853515625 0.13671875 0.15234375
4 0.4697265625 0.86328125 0.1171875 0.140625
4 0.6513671875 0.8818359375 0.11328125 0.130859375
4 0.83984375 0.8984375 0.1015625 0.1328125
3 0.31640625 0.6484375 0.0859375 0.18359375
3 0.689453125 0.5380859375 0.08984375 0.09375
3 0.7353515625 0.6181640625 0.13671875 0.109375
3 0.6005859375 0.6435546875 0.20703125 0.12109375
3 0.51953125 0.521484375 0.126953125 0.111328125
3 0.3330078125 0.515625 0.12109375 0.109375
3 0.0283203125 0.599609375 0.056640625 0.11328125
2 0.130859375 0.2919921875 0.1015625 0.1171875
2 0.3076171875 0.30859375 0.087890625 0.115234375
2 0.5361328125 0.2978515625 0.06640625 0.10546875
2 0.4765625 0.3193359375 0.103515625 0.1171875
2 0.7705078125 0.2890625 0.0703125 0.091796875
2 0.82421875 0.3017578125 0.0625 0.08984375
3 0.666015625 0.4130859375 0.068359375 0.1015625
3 0.8779296875 0.4560546875 0.05859375 0.056640625
2 0.9326171875 0.4443359375 0.03125 0.06640625
3 0.9384765625 0.5888671875 0.1015625 0.091796875
3 0.958984375 0.65625 0.08203125 0.09375
3 0.7548828125 0.2158203125 0.017578125 0.015625
3 0.728515625 0.1708984375 0.015625 0.01171875
3 0.671875 0.23828125 0.025390625 0.02734375
3 0.6484375 0.2392578125 0.025390625 0.029296875
3 0.62890625 0.236328125 0.02734375 0.029296875
3 0.6640625 0.185546875 0.015625 0.0234375
3 0.6455078125 0.1865234375 0.0234375 0.021484375
3 0.625 0.1865234375 0.02734375 0.0234375
3 0.6552734375 0.1474609375 0.01171875 0.017578125
3 0.642578125 0.1474609375 0.017578125 0.01953125
3 0.6259765625 0.146484375 0.01953125 0.017578125
3 0.5380859375 0.173828125 0.0234375 0.01953125
3 0.517578125 0.216796875 0.0234375 0.0234375
2 0.2900390625 0.49609375 0.03125 0.025390625
2 0.279296875 0.4736328125 0.021484375 0.02734375
2 0.2607421875 0.4501953125 0.025390625 0.0234375
2 0.2490234375 0.4306640625 0.029296875 0.0234375
2 0.2392578125 0.4072265625 0.025390625 0.02734375
2 0.22265625 0.3876953125 0.0234375 0.0234375
2 0.2080078125 0.3662109375 0.02734375 0.0234375
2 0.1962890625 0.3466796875 0.0234375 0.0234375
2 0.1884765625 0.3271484375 0.01953125 0.0234375
2 0.1240234375 0.345703125 0.0234375 0.0234375
2 0.115234375 0.373046875 0.021484375 0.02734375
2 0.10546875 0.3974609375 0.01953125 0.0234375
2 0.0947265625 0.4228515625 0.01953125 0.0234375
2 0.0849609375 0.447265625 0.0234375 0.0234375
2 0.076171875 0.4736328125 0.0234375 0.0234375
2 0.064453125 0.501953125 0.0234375 0.0234375
2 0.056640625 0.5244140625 0.0234375 0.025390625
2 0.048828125 0.548828125 0.0234375 0.0234375
2 0.3046875 0.3564453125 0.021484375 0.01953125
2 0.4775390625 0.501953125 0.029296875 0.0234375
2 0.46484375 0.4794921875 0.0234375 0.0234375
2 0.44921875 0.4619140625 0.0234375 0.0234375
2 0.4384765625 0.4404296875 0.0234375 0.02734375
2 0.4208984375 0.4189453125 0.02734375 0.0234375
2 0.41015625 0.3984375 0.02734375 0.0234375
2 0.3955078125 0.3798828125 0.025390625 0.0234375
2 0.3828125 0.357421875 0.02734375 0.01953125
2 0.3701171875 0.3408203125 0.0234375 0.015625
2 0.357421875 0.3232421875 0.02734375 0.01953125
2 0.646484375 0.5009765625 0.03125 0.0234375
2 0.634765625 0.48046875 0.03515625 0.021484375
2 0.62109375 0.462890625 0.03125 0.025390625
2 0.603515625 0.443359375 0.033203125 0.02734375
2 0.591796875 0.421875 0.02734375 0.017578125
2 0.578125 0.404296875 0.0234375 0.0234375
2 0.564453125 0.3876953125 0.03125 0.01953125
2 0.548828125 0.37109375 0.033203125 0.0234375
2 0.5439453125 0.3525390625 0.029296875 0.01953125
2 0.525390625 0.3330078125 0.029296875 0.017578125
2 0.5693359375 0.3076171875 0.0234375 0.02734375
2 0.5830078125 0.326171875 0.02734375 0.0234375
2 0.59375 0.345703125 0.0234375 0.021484375
2 0.6083984375 0.361328125 0.0234375 0.0234375
2 0.6201171875 0.3779296875 0.02734375 0.01953125
2 0.6357421875 0.3955078125 0.02734375 0.021484375
2 0.6865234375 0.3916015625 0.0234375 0.021484375
2 0.693359375 0.3740234375 0.021484375 0.01953125
2 0.7021484375 0.3564453125 0.025390625 0.0234375
2 0.7109375 0.337890625 0.0234375 0.01953125
2 0.7197265625 0.3251953125 0.02734375 0.017578125
2 0.732421875 0.3056640625 0.02734375 0.01953125
2 0.712890625 0.4765625 0.021484375 0.0234375
2 0.72265625 0.458984375 0.01953125 0.0234375
2 0.73046875 0.4365234375 0.017578125 0.021484375
2 0.7373046875 0.41796875 0.0234375 0.017578125
2 0.75 0.3984375 0.0234375 0.015625
2 0.7578125 0.380859375 0.01953125 0.015625
2 0.7646484375 0.3623046875 0.01953125 0.015625
2 0.7724609375 0.3466796875 0.013671875 0.01171875
2 0.7822265625 0.326171875 0.015625 0.017578125
2 0.8251953125 0.361328125 0.0234375 0.015625
2 0.8369140625 0.3828125 0.017578125 0.01953125
2 0.84375 0.408203125 0.021484375 0.021484375
2 0.8505859375 0.4296875 0.01953125 0.01953125
2 0.86328125 0.453125 0.01953125 0.01953125
2 0.87109375 0.4736328125 0.01953125 0.01953125
2 0.876953125 0.4970703125 0.0234375 0.01953125
2 0.884765625 0.5205078125 0.0234375 0.0234375
2 0.8974609375 0.54296875 0.017578125 0.01953125
2 0.9326171875 0.4638671875 0.0234375 0.01953125
2 0.9384765625 0.484375 0.0234375 0.021484375
2 0.9482421875 0.5009765625 0.0234375 0.01953125
2 0.95703125 0.5166015625 0.02734375 0.021484375
2 0.970703125 0.5361328125 0.02734375 0.017578125
2 0.9814453125 0.548828125 0.02734375 0.0234375
2 0.990234375 0.56640625 0.01953125 0.0234375
2 0.9091796875 0.6640625 0.03125 0.02734375
2 0.9970703125 0.5869140625 0.005859375 0.0234375