2 0.4228515625 0.0498046875 0.1328125 0.099609375
2 0.3798828125 0.1513671875 0.109375 0.138671875
2 0.33984375 0.2578125 0.109375 0.140625
2 0.3037109375 0.3740234375 0.115234375 0.16796875
2 0.2607421875 0.4873046875 0.140625 0.150390625
2 0.2119140625 0.60546875 0.107421875 0.16796875
2 0.1708984375 0.7314453125 0.115234375 0.171875
2 0.123046875 0.85546875 0.119140625 0.162109375
2 0.0673828125 0.951171875 0.12109375 0.09765625
2 0.6640625 0.0986328125 0.10546875 0.1484375
2 0.7705078125 0.0908203125 0.1015625 0.130859375
2 0.8798828125 0.234375 0.099609375 0.197265625
2 0.94140625 0.33984375 0.1171875 0.18359375
2 0.658203125 0.236328125 0.15234375 0.177734375
2 0.6181640625 0.34375 0.146484375 0.166015625
2 0.6015625 0.4580078125 0.1796875 0.203125
2 0.5556640625 0.568359375 0.17578125 0.1796875
2 0.5224609375 0.669921875 0.1640625 0.16796875
2 0.48046875 0.78515625 0.15625 0.169921875
2 0.447265625 0.880859375 0.166015625 0.171875
2 0.4072265625 0.9560546875 0.14453125 0.087890625
2 0.755859375 0.8291015625 0.1640625 0.255859375
2 0.013671875 0.03515625 0.02734375 0.0703125