0 0.203125 0.8251953125 0.064453125 0.107421875
0 0.3583984375 0.8837890625 0.05859375 0.103515625
0 0.5283203125 0.9453125 0.064453125 0.109375
0 0.6689453125 0.9365234375 0.04296875 0.0908203125
0 0.7626953125 0.8447265625 0.0390625 0.0927734375
0 0.8427734375 0.7626953125 0.0341796875 0.0771484375
0 0.4091796875 0.3984375 0.0849609375 0.1494140625
0 0.7255859375 0.376953125 0.0654296875 0.1572265625
1 0.0341796875 0.1083984375 0.0517578125 0.060546875
1 0.0712890625 0.091796875 0.0419921875 0.0517578125
1 0.1103515625 0.083984375 0.0400390625 0.0517578125
1 0.1474609375 0.0771484375 0.0439453125 0.0537109375
1 0.1845703125 0.0634765625 0.0390625 0.048828125
1 0.2158203125 0.056640625 0.0361328125 0.056640625
1 0.0234375 0.255859375 0.0458984375 0.0859375
1 0.052734375 0.2451171875 0.0517578125 0.083984375
1 0.087890625 0.236328125 0.0458984375 0.0849609375
1 0.1162109375 0.2236328125 0.0498046875 0.0810546875
1 0.1455078125 0.2109375 0.046875 0.0732421875
1 0.1787109375 0.205078125 0.044921875 0.0771484375
1 0.20703125 0.197265625 0.0498046875 0.0810546875
1 0.2333984375 0.19140625 0.0380859375 0.07421875
1 0.0185546875 0.4033203125 0.03515625 0.052734375
1 0.060546875 0.3857421875 0.048828125 0.046875
1 0.1015625 0.3740234375 0.044921875 0.0537109375
1 0.1357421875 0.359375 0.04296875 0.048828125
1 0.1708984375 0.34375 0.0439453125 0.05078125
1 0.205078125 0.3310546875 0.0322265625 0.0478515625
1 0.236328125 0.353515625 0.0849609375 0.1181640625
1 0.3193359375 0.3759765625 0.0869140625 0.134765625
1 0.4765625 0.412109375 0.0693359375 0.1357421875
1 0.55078125 0.42578125 0.09765625 0.14453125
1 0.646484375 0.4248046875 0.0478515625 0.1337890625
1 0.76953125 0.357421875 0.046875 0.1103515625
1 0.693359375 0.3984375 0.0458984375 0.1123046875
1 0.8125 0.330078125 0.056640625 0.11328125
1 0.251953125 0.6064453125 0.052734375 0.162109375
1 0.2919921875 0.6181640625 0.0693359375 0.1787109375
1 0.3388671875 0.634765625 0.0498046875 0.171875
1 0.380859375 0.650390625 0.0625 0.1865234375
1 0.423828125 0.6630859375 0.0458984375 0.16796875
1 0.4677734375 0.677734375 0.056640625 0.1767578125
1 0.5146484375 0.693359375 0.0576171875 0.166015625
1 0.556640625 0.705078125 0.0625 0.1875
1 0.6318359375 0.6982421875 0.0595703125 0.173828125
1 0.685546875 0.6533203125 0.072265625 0.14453125
1 0.73828125 0.611328125 0.0673828125 0.134765625
1 0.787109375 0.5712890625 0.060546875 0.1494140625
1 0.251953125 0.8330078125 0.056640625 0.115234375
1 0.3046875 0.8515625 0.0546875 0.1298828125
1 0.408203125 0.8955078125 0.0625 0.1162109375
1 0.470703125 0.9248046875 0.05859375 0.1279296875
1 0.580078125 0.953125 0.052734375 0.09375
1 0.6318359375 0.9521484375 0.0498046875 0.095703125
1 0.7001953125 0.8955078125 0.046875 0.1015625
1 0.736328125 0.869140625 0.04296875 0.109375
1 0.783203125 0.8125 0.0361328125 0.0947265625
1 0.814453125 0.7890625 0.044921875 0.0888671875