2 0.0390625 0.7998046875 0.078125 0.201171875
2 0.11328125 0.69921875 0.1005859375 0.201171875
2 0.1767578125 0.572265625 0.123046875 0.193359375
2 0.1826171875 0.38671875 0.111328125 0.2177734375
2 0.2275390625 0.2158203125 0.107421875 0.2197265625
2 0.298828125 0.107421875 0.1142578125 0.2060546875
2 0.9765625 0.7353515625 0.046875 0.201171875
2 0.91015625 0.65234375 0.091796875 0.19140625
2 0.8583984375 0.5361328125 0.1083984375 0.1884765625
2 0.8408203125 0.365234375 0.1025390625 0.22265625
2 0.7861328125 0.2001953125 0.0927734375 0.2236328125
2 0.7099609375 0.099609375 0.0888671875 0.1943359375
2 0.6083984375 0.05859375 0.103515625 0.115234375
2 0.4052734375 0.056640625 0.1123046875 0.11328125
2 0.41015625 0.1552734375 0.0537109375 0.056640625
2 0.3193359375 0.2265625 0.037109375 0.068359375
2 0.3662109375 0.1787109375 0.044921875 0.0556640625
2 0.283203125 0.271484375 0.03125 0.0859375
2 0.248046875 0.33984375 0.0380859375 0.0771484375
2 0.2314453125 0.4130859375 0.03125 0.07421875
2 0.2275390625 0.5029296875 0.02734375 0.091796875
2 0.2333984375 0.5732421875 0.0341796875 0.0791015625
2 0.2509765625 0.6689453125 0.04296875 0.0869140625
2 0.240234375 0.7392578125 0.04296875 0.0595703125
2 0.197265625 0.78515625 0.0458984375 0.0654296875
2 0.15234375 0.80859375 0.0400390625 0.0498046875
2 0.10546875 0.841796875 0.037109375 0.05078125
2 0.078125 0.896484375 0.029296875 0.0732421875
2 0.0595703125 0.958984375 0.03515625 0.0810546875
2 0.7744140625 0.681640625 0.0341796875 0.0732421875
2 0.8134765625 0.7431640625 0.0478515625 0.05859375
2 0.8525390625 0.7685546875 0.046875 0.072265625
2 0.9072265625 0.7744140625 0.0595703125 0.060546875
2 0.9482421875 0.810546875 0.0478515625 0.08203125
2 0.9814453125 0.8798828125 0.0361328125 0.08984375
2 0.9892578125 0.955078125 0.0205078125 0.0888671875
2 0.7314453125 0.9296875 0.056640625 0.1396484375
2 0.775390625 0.9482421875 0.0478515625 0.1025390625
2 0.328125 0.947265625 0.0390625 0.1044921875
2 0.2763671875 0.96484375 0.0458984375 0.0693359375
2 0.3876953125 0.8603515625 0.076171875 0.2783203125
2 0.6474609375 0.8623046875 0.0986328125 0.2744140625