3 0.544921875 0.4111328125 0.5810546875 0.6748046875
2 0.1181640625 0.2451171875 0.09765625 0.072265625
2 0.15234375 0.27734375 0.0869140625 0.08203125
2 0.1591796875 0.3212890625 0.09765625 0.0791015625
2 0.1689453125 0.3876953125 0.1357421875 0.0927734375
2 0.2080078125 0.4453125 0.099609375 0.0947265625
2 0.2451171875 0.5048828125 0.125 0.0986328125
2 0.060546875 0.31640625 0.0390625 0.033203125
2 0.0712890625 0.33984375 0.0390625 0.033203125
2 0.0791015625 0.3720703125 0.0361328125 0.025390625
2 0.0810546875 0.4033203125 0.046875 0.03515625
2 0.078125 0.4404296875 0.044921875 0.0361328125
2 0.064453125 0.486328125 0.037109375 0.037109375
2 0.0810546875 0.517578125 0.0390625 0.0380859375
2 0.1123046875 0.513671875 0.0341796875 0.04296875
2 0.150390625 0.5283203125 0.03515625 0.0546875
2 0.1513671875 0.576171875 0.037109375 0.048828125
2 0.1396484375 0.720703125 0.037109375 0.037109375
2 0.1572265625 0.759765625 0.044921875 0.0419921875
2 0.076171875 0.666015625 0.0498046875 0.0595703125
2 0.0546875 0.7255859375 0.0693359375 0.064453125