0 0.17578125 0.4462890625 0.1796875 0.2734375
0 0.01953125 0.4384765625 0.0390625 0.20703125
0 0.0625 0.5771484375 0.125 0.138671875
0 0.072265625 0.326171875 0.14453125 0.1171875
1 0.408203125 0.736328125 0.1796875 0.1015625
1 0.228515625 0.7392578125 0.1796875 0.08984375
1 0.06640625 0.724609375 0.1328125 0.08984375
1 0.4375 0.4873046875 0.12890625 0.125
1 0.419921875 0.357421875 0.1171875 0.1015625
2 0.666015625 0.1298828125 0.26171875 0.259765625
2 0.8759765625 0.7783203125 0.248046875 0.38671875
1 0.451171875 0.927734375 0.14453125 0.14453125
1 0.2880859375 0.921875 0.201171875 0.15625
1 0.08984375 0.9248046875 0.1796875 0.150390625
1 0.162109375 0.1396484375 0.169921875 0.171875
1 0.0400390625 0.123046875 0.080078125 0.18359375
1 0.6015625 0.7275390625 0.05078125 0.0546875
1 0.634765625 0.8251953125 0.06640625 0.0703125
1 0.625 0.9052734375 0.08203125 0.07421875
1 0.3603515625 0.052734375 0.0546875 0.06640625
1 0.3466796875 0.1318359375 0.0703125 0.078125
1 0.296875 0.208984375 0.05078125 0.078125