2 0.2763671875 0.857421875 0.123046875 0.095703125
2 0.3916015625 0.853515625 0.123046875 0.091796875
2 0.4775390625 0.8642578125 0.1240234375 0.1025390625
2 0.6220703125 0.87109375 0.12109375 0.11328125
2 0.7177734375 0.876953125 0.1171875 0.103515625
2 0.806640625 0.8828125 0.1240234375 0.1083984375
2 0.9521484375 0.892578125 0.0888671875 0.0830078125
2 0.900390625 0.8359375 0.083984375 0.0908203125
2 0.85546875 0.767578125 0.0634765625 0.1025390625
2 0.8076171875 0.6943359375 0.076171875 0.1005859375
2 0.759765625 0.623046875 0.078125 0.109375
2 0.7138671875 0.556640625 0.087890625 0.1044921875
2 0.66796875 0.494140625 0.0888671875 0.09765625
2 0.6171875 0.41796875 0.0712890625 0.1103515625
2 0.5732421875 0.35546875 0.064453125 0.1005859375
2 0.5234375 0.2802734375 0.0849609375 0.1005859375
2 0.39453125 0.2646484375 0.083984375 0.103515625
2 0.36328125 0.3271484375 0.0849609375 0.1015625
2 0.333984375 0.40234375 0.0966796875 0.1064453125
2 0.3037109375 0.4638671875 0.0849609375 0.099609375
2 0.267578125 0.5341796875 0.0908203125 0.099609375
2 0.240234375 0.5927734375 0.0771484375 0.0986328125
2 0.21875 0.6640625 0.0908203125 0.115234375
2 0.1787109375 0.720703125 0.0859375 0.099609375
2 0.1572265625 0.8046875 0.0849609375 0.0908203125
2 0.1123046875 0.85546875 0.080078125 0.09765625
2 0.203125 0.2724609375 0.056640625 0.0947265625
2 0.310546875 0.0537109375 0.072265625 0.0947265625
2 0.2724609375 0.1328125 0.0634765625 0.0947265625
2 0.2314453125 0.1962890625 0.0625 0.091796875
2 0.1572265625 0.3447265625 0.0634765625 0.0966796875
2 0.123046875 0.4130859375 0.0654296875 0.10546875
2 0.0830078125 0.486328125 0.068359375 0.091796875
2 0.0439453125 0.5625 0.0634765625 0.083984375
2 0.0234375 0.638671875 0.0439453125 0.08984375
2 0.7138671875 0.03515625 0.048828125 0.0654296875
2 0.7568359375 0.099609375 0.068359375 0.0947265625
2 0.802734375 0.18359375 0.0615234375 0.083984375
2 0.8427734375 0.2578125 0.060546875 0.0947265625
2 0.8974609375 0.3408203125 0.0703125 0.0908203125
2 0.955078125 0.388671875 0.048828125 0.1064453125