2 0.220703125 0.021484375 0.2890625 0.04296875
2 0.4267578125 0.080078125 0.61328125 0.16015625
2 0.2236328125 0.10546875 0.30078125 0.10546875
2 0.474609375 0.1943359375 0.69140625 0.24609375
2 0.232421875 0.265625 0.291015625 0.125
2 0.5166015625 0.3828125 0.751953125 0.25
2 0.2431640625 0.4619140625 0.37109375 0.140625
2 0.57421875 0.5771484375 0.8515625 0.275390625
2 0.2763671875 0.712890625 0.412109375 0.205078125
2 0.5927734375 0.861328125 0.814453125 0.27734375
2 0.2900390625 0.958984375 0.4921875 0.08203125