0 0.2626953125 0.056640625 0.111328125 0.11328125
0 0.619140625 0.064453125 0.10546875 0.12890625
0 0.958984375 0.064453125 0.08203125 0.12890625
1 0.7939453125 0.0654296875 0.2470703125 0.130859375
1 0.1025390625 0.05859375 0.205078125 0.1171875
1 0.44140625 0.0634765625 0.248046875 0.125
1 0.2451171875 0.5439453125 0.2431640625 0.6416015625
1 0.5302734375 0.5419921875 0.232421875 0.6103515625
1 0.8037109375 0.541015625 0.2587890625 0.6240234375
1 0.6552734375 0.5419921875 0.15625 0.6376953125
1 0.3779296875 0.5361328125 0.1630859375 0.6376953125
1 0.09375 0.5234375 0.158203125 0.6513671875
1 0.927734375 0.5322265625 0.14453125 0.650390625