2 0.9677734375 0.21875 0.064453125 0.30078125
2 0.90625 0.43359375 0.1875 0.634765625
2 0.8701171875 0.22265625 0.107421875 0.3125
2 0.7783203125 0.4833984375 0.25390625 0.71484375
2 0.7041015625 0.232421875 0.12890625 0.30078125
2 0.58203125 0.5263671875 0.2578125 0.779296875
2 0.5 0.2431640625 0.14453125 0.38671875
2 0.380859375 0.572265625 0.28515625 0.85546875
2 0.240234375 0.2783203125 0.2109375 0.42578125
2 0.115234375 0.591796875 0.23046875 0.81640625
2 0.0146484375 0.2919921875 0.029296875 0.509765625