2 0.7587890625 0.0419921875 0.0556640625 0.052734375
2 0.806640625 0.095703125 0.0693359375 0.0576171875
2 0.8564453125 0.1474609375 0.0537109375 0.0537109375
2 0.8984375 0.2138671875 0.05078125 0.0478515625
2 0.958984375 0.2685546875 0.06640625 0.0546875
2 0.283203125 0.037109375 0.048828125 0.0546875
2 0.228515625 0.109375 0.0576171875 0.056640625
2 0.1767578125 0.1845703125 0.0498046875 0.0546875
2 0.126953125 0.2568359375 0.0537109375 0.05859375
2 0.078125 0.3310546875 0.064453125 0.05078125
2 0.02734375 0.408203125 0.0498046875 0.05859375
3 0.302734375 0.59765625 0.107421875 0.1572265625
3 0.681640625 0.51953125 0.1337890625 0.16015625
1 0.60546875 0.181640625 0.0888671875 0.1201171875
1 0.4609375 0.22265625 0.1220703125 0.1279296875
1 0.712890625 0.32421875 0.1357421875 0.078125
1 0.39453125 0.3330078125 0.1328125 0.0771484375
1 0.31640625 0.419921875 0.11328125 0.0751953125
1 0.787109375 0.419921875 0.1259765625 0.126953125
1 0.8154296875 0.611328125 0.3037109375 0.130859375
1 0.1787109375 0.728515625 0.2216796875 0.126953125
1 0.1845703125 0.607421875 0.1123046875 0.0732421875
1 0.8701171875 0.515625 0.107421875 0.0703125
1 0.244140625 0.5126953125 0.0947265625 0.0791015625