0 0.0869140625 0.0400390625 0.146484375 0.078125
0 0.09375 0.13671875 0.15234375 0.109375
0 0.0849609375 0.2568359375 0.14453125 0.09765625
0 0.0849609375 0.375 0.140625 0.1015625
0 0.0751953125 0.4853515625 0.1328125 0.09375
0 0.0751953125 0.5927734375 0.140625 0.08984375
0 0.072265625 0.7041015625 0.130859375 0.0859375
0 0.0703125 0.8125 0.130859375 0.0859375
0 0.0654296875 0.9228515625 0.130859375 0.1015625
1 0.4951171875 0.2333984375 0.5 0.466796875
1 0.486328125 0.7314453125 0.490234375 0.537109375