1 0.728515625 0.173828125 0.291015625 0.2958984375
1 0.2685546875 0.115234375 0.337890625 0.2294921875
1 0.08984375 0.2783203125 0.1796875 0.2607421875
1 0.5322265625 0.041015625 0.259765625 0.08203125
1 0.8974609375 0.0517578125 0.205078125 0.103515625
1 0.9072265625 0.412109375 0.1845703125 0.265625
1 0.521484375 0.3095703125 0.4130859375 0.2763671875
1 0.23046875 0.5341796875 0.3759765625 0.3427734375
1 0.79296875 0.5517578125 0.326171875 0.2890625
1 0.5361328125 0.7861328125 0.443359375 0.2958984375
1 0.0927734375 0.7607421875 0.185546875 0.259765625
1 0.2705078125 0.9091796875 0.365234375 0.181640625
1 0.916015625 0.7490234375 0.16796875 0.2451171875
1 0.7841796875 0.921875 0.322265625 0.15625
4 0.533203125 0.51953125 0.26171875 0.255859375
4 0.9345703125 0.18359375 0.1298828125 0.23046875
4 0.0390625 0.080078125 0.078125 0.1591796875