0 0.1943359375 0.060546875 0.087890625 0.0966796875
0 0.4111328125 0.0458984375 0.126953125 0.0869140625
0 0.6748046875 0.0576171875 0.1298828125 0.1015625
0 0.541015625 0.171875 0.162109375 0.09765625
0 0.2646484375 0.181640625 0.1298828125 0.09375
0 0.1904296875 0.3349609375 0.0908203125 0.0966796875
0 0.3759765625 0.3154296875 0.140625 0.09765625
0 0.6572265625 0.330078125 0.138671875 0.1044921875
0 0.5029296875 0.45703125 0.181640625 0.1123046875
0 0.2490234375 0.4541015625 0.12890625 0.09375
0 0.17578125 0.59765625 0.1005859375 0.107421875
0 0.375 0.60546875 0.1455078125 0.107421875
0 0.6474609375 0.6083984375 0.140625 0.115234375
0 0.501953125 0.7373046875 0.1689453125 0.1201171875
0 0.3583984375 0.8828125 0.17578125 0.1162109375
0 0.2578125 0.7509765625 0.17578125 0.1220703125
0 0.1357421875 0.8701171875 0.1162109375 0.107421875
0 0.646484375 0.8798828125 0.1318359375 0.107421875