1 0.8681640625 0.5556640625 0.2177734375 0.2197265625
1 0.751953125 0.7158203125 0.1259765625 0.2236328125
1 0.9482421875 0.7197265625 0.103515625 0.294921875
1 0.8408203125 0.880859375 0.23046875 0.2060546875
4 0.845703125 0.708984375 0.166015625 0.2373046875
1 0.76171875 0.4169921875 0.142578125 0.20703125
1 0.94921875 0.4130859375 0.1015625 0.2236328125
4 0.8740234375 0.126953125 0.1416015625 0.1943359375
1 0.7685546875 0.1474609375 0.130859375 0.220703125
1 0.876953125 0.28125 0.203125 0.1787109375
1 0.966796875 0.1171875 0.06640625 0.234375
1 0.884765625 0.02734375 0.1845703125 0.0546875
1 0.591796875 0.57421875 0.1904296875 0.3291015625
2 0.466796875 0.802734375 0.3837890625 0.39453125
2 0.2529296875 0.935546875 0.185546875 0.12890625
2 0.1298828125 0.8125 0.259765625 0.375
2 0.2998046875 0.5859375 0.3115234375 0.4296875
2 0.06640625 0.6025390625 0.126953125 0.1708984375
2 0.15234375 0.37890625 0.2685546875 0.3857421875
2 0.6181640625 0.0830078125 0.1962890625 0.166015625
2 0.470703125 0.3212890625 0.333984375 0.4736328125
2 0.330078125 0.166015625 0.3779296875 0.3310546875
2 0.1455078125 0.05859375 0.1748046875 0.1171875
2 0.0908203125 0.17578125 0.1181640625 0.1474609375