4 0.658203125 0.5771484375 0.5546875 0.54296875
4 0.833984375 0.6552734375 0.072265625 0.16796875
4 0.74609375 0.6357421875 0.19140625 0.171875
4 0.560546875 0.640625 0.1328125 0.1796875
1 0.94921875 0.923828125 0.1015625 0.109375
1 0.853515625 0.935546875 0.08984375 0.1015625
1 0.7705078125 0.94921875 0.08203125 0.1015625
1 0.693359375 0.955078125 0.08203125 0.08984375
1 0.6171875 0.9599609375 0.07421875 0.078125
1 0.5458984375 0.966796875 0.068359375 0.06640625
1 0.4775390625 0.9716796875 0.076171875 0.056640625
1 0.4130859375 0.9794921875 0.064453125 0.041015625
1 0.357421875 0.9814453125 0.060546875 0.03515625
1 0.298828125 0.98828125 0.0625 0.0234375
1 0.2470703125 0.9912109375 0.044921875 0.017578125