4 0.53515625 0.138671875 0.58984375 0.138671875
4 0.541015625 0.8427734375 0.60546875 0.15625
4 0.4052734375 0.9375 0.41796875 0.103515625
0 0.0380859375 0.359375 0.0625 0.03515625
0 0.109375 0.3603515625 0.076171875 0.03515625
0 0.1845703125 0.3642578125 0.06640625 0.0390625
0 0.251953125 0.3671875 0.06640625 0.033203125
0 0.322265625 0.37109375 0.0703125 0.03125
0 0.3525390625 0.3935546875 0.056640625 0.029296875
0 0.349609375 0.4345703125 0.046875 0.03125
0 0.3505859375 0.5078125 0.0390625 0.03515625
0 0.349609375 0.5546875 0.046875 0.04296875
0 0.3232421875 0.580078125 0.05859375 0.03125
0 0.2470703125 0.5791015625 0.06640625 0.03125
0 0.1796875 0.576171875 0.06640625 0.03515625
0 0.10546875 0.57421875 0.0625 0.03515625
0 0.033203125 0.5712890625 0.06640625 0.03515625
1 0.447265625 0.373046875 0.076171875 0.0390625
1 0.5224609375 0.400390625 0.08203125 0.03515625
1 0.5693359375 0.4248046875 0.0859375 0.03125
1 0.5947265625 0.458984375 0.0703125 0.03125
1 0.5927734375 0.501953125 0.07421875 0.033203125
1 0.578125 0.5322265625 0.08984375 0.03125
1 0.53515625 0.5546875 0.09375 0.044921875
1 0.501953125 0.57421875 0.0546875 0.03125
1 0.470703125 0.5888671875 0.0703125 0.04296875
1 0.0390625 0.2021484375 0.078125 0.068359375
1 0.10546875 0.212890625 0.0546875 0.056640625
1 0.150390625 0.2060546875 0.12109375 0.07421875
1 0.2158203125 0.2109375 0.083984375 0.078125
1 0.2841796875 0.2119140625 0.099609375 0.0703125
1 0.39453125 0.220703125 0.125 0.068359375
1 0.5234375 0.2314453125 0.09765625 0.0625
1 0.6005859375 0.2373046875 0.060546875 0.05859375
1 0.609375 0.75 0.072265625 0.091796875
1 0.5048828125 0.75 0.103515625 0.0859375
1 0.3837890625 0.7490234375 0.1328125 0.08203125
1 0.2763671875 0.7431640625 0.11328125 0.08203125
1 0.2158203125 0.7255859375 0.0546875 0.046875
1 0.1259765625 0.7451171875 0.125 0.078125
1 0.0302734375 0.7431640625 0.060546875 0.076171875
0 0.857421875 0.0810546875 0.05078125 0.03515625
0 0.861328125 0.1220703125 0.044921875 0.041015625
0 0.8671875 0.1611328125 0.05078125 0.0390625
0 0.8671875 0.2041015625 0.060546875 0.05078125
0 0.8662109375 0.248046875 0.05078125 0.046875
0 0.87109375 0.2900390625 0.052734375 0.04296875
0 0.8740234375 0.337890625 0.046875 0.04296875
0 0.8759765625 0.380859375 0.048828125 0.046875
0 0.8779296875 0.423828125 0.052734375 0.04296875
0 0.876953125 0.474609375 0.046875 0.0390625
0 0.8837890625 0.5224609375 0.05078125 0.033203125
0 0.884765625 0.5673828125 0.05078125 0.04296875
0 0.888671875 0.61328125 0.05078125 0.046875
0 0.8935546875 0.6611328125 0.0546875 0.0390625
0 0.896484375 0.7109375 0.0546875 0.04296875
0 0.89453125 0.7587890625 0.0546875 0.048828125
0 0.8994140625 0.80859375 0.05078125 0.04296875
0 0.9013671875 0.859375 0.05078125 0.05078125
0 0.6552734375 0.2333984375 0.05078125 0.0390625
0 0.66015625 0.275390625 0.04296875 0.037109375
0 0.662109375 0.3173828125 0.05078125 0.03515625
0 0.6640625 0.3603515625 0.046875 0.0390625
0 0.666015625 0.4013671875 0.046875 0.04296875
0 0.6689453125 0.443359375 0.052734375 0.03515625
0 0.669921875 0.484375 0.05078125 0.0390625
0 0.669921875 0.5224609375 0.046875 0.0390625
0 0.673828125 0.56640625 0.05078125 0.041015625
0 0.6748046875 0.611328125 0.056640625 0.04296875
0 0.6708984375 0.6591796875 0.052734375 0.046875
0 0.673828125 0.705078125 0.05078125 0.0390625
0 0.6767578125 0.7490234375 0.056640625 0.04296875
1 0.734375 0.21484375 0.0703125 0.05859375
1 0.736328125 0.2705078125 0.078125 0.05859375
1 0.7412109375 0.33203125 0.078125 0.0546875
1 0.7421875 0.3876953125 0.08203125 0.0625
1 0.7451171875 0.4521484375 0.0703125 0.060546875
1 0.7451171875 0.5146484375 0.07421875 0.0625
1 0.751953125 0.5791015625 0.068359375 0.06640625
1 0.7548828125 0.6435546875 0.0703125 0.06640625
1 0.76171875 0.7099609375 0.078125 0.068359375