1 0.4833984375 0.1748046875 0.2734375 0.22265625
1 0.6279296875 0.326171875 0.2421875 0.19921875
1 0.3271484375 0.3408203125 0.2265625 0.177734375
1 0.470703125 0.46875 0.359375 0.2265625
1 0.673828125 0.6181640625 0.1953125 0.19921875
1 0.3427734375 0.62890625 0.20703125 0.1875
1 0.5029296875 0.7763671875 0.33984375 0.23046875
1 0.666015625 0.90625 0.2109375 0.17578125
1 0.3662109375 0.919921875 0.26953125 0.140625
1 0.634765625 0.0634765625 0.19921875 0.125
1 0.3623046875 0.0400390625 0.15234375 0.080078125
1 0.068359375 0.4658203125 0.13671875 0.134765625