4 0.431640625 0.5029296875 0.470703125 0.7763671875
1 0.8955078125 0.0751953125 0.208984375 0.150390625
1 0.892578125 0.3154296875 0.21484375 0.345703125
1 0.8828125 0.5732421875 0.234375 0.3046875
1 0.134765625 0.20703125 0.26953125 0.20703125
1 0.10546875 0.4716796875 0.2109375 0.333984375
2 0.6474609375 0.0224609375 0.048828125 0.0439453125
2 0.67578125 0.0478515625 0.0673828125 0.0400390625
2 0.703125 0.080078125 0.060546875 0.0419921875
2 0.7080078125 0.1201171875 0.0576171875 0.0302734375
2 0.6982421875 0.16015625 0.0517578125 0.029296875
2 0.708984375 0.19140625 0.060546875 0.0498046875
2 0.716796875 0.234375 0.0546875 0.0390625
2 0.7119140625 0.279296875 0.0576171875 0.0419921875
2 0.7158203125 0.3232421875 0.0703125 0.044921875
2 0.6953125 0.369140625 0.0615234375 0.0390625
2 0.693359375 0.4091796875 0.0478515625 0.044921875
2 0.68359375 0.4541015625 0.05078125 0.0419921875
2 0.673828125 0.498046875 0.0556640625 0.04296875
2 0.6669921875 0.546875 0.0576171875 0.0458984375
2 0.6630859375 0.5927734375 0.0576171875 0.056640625
2 0.6533203125 0.642578125 0.0517578125 0.0380859375
2 0.6455078125 0.693359375 0.052734375 0.0439453125
2 0.6396484375 0.74609375 0.0615234375 0.05078125
2 0.466796875 0.0341796875 0.0625 0.0458984375
2 0.408203125 0.0830078125 0.0400390625 0.0390625
2 0.3583984375 0.1240234375 0.048828125 0.0419921875
2 0.3203125 0.1689453125 0.05078125 0.041015625
2 0.294921875 0.2158203125 0.0517578125 0.041015625
2 0.294921875 0.2548828125 0.0693359375 0.0380859375
2 0.248046875 0.302734375 0.0625 0.0478515625
2 0.21875 0.3525390625 0.0654296875 0.0322265625
2 0.22265625 0.388671875 0.08203125 0.03515625
2 0.2060546875 0.4375 0.0654296875 0.04296875
2 0.181640625 0.48046875 0.064453125 0.04296875
2 0.1826171875 0.5283203125 0.083984375 0.044921875
2 0.1767578125 0.572265625 0.0869140625 0.048828125
2 0.1533203125 0.6162109375 0.0673828125 0.046875
2 0.150390625 0.66015625 0.0703125 0.0439453125
2 0.140625 0.705078125 0.08984375 0.044921875
2 0.1259765625 0.7548828125 0.0849609375 0.056640625
2 0.111328125 0.810546875 0.064453125 0.0556640625
2 0.0986328125 0.869140625 0.0869140625 0.044921875