2 0.0322265625 0.6728515625 0.064453125 0.037109375
2 0.080078125 0.6875 0.060546875 0.044921875
2 0.1171875 0.697265625 0.0625 0.04296875
2 0.1669921875 0.71484375 0.06640625 0.044921875
2 0.2060546875 0.7265625 0.072265625 0.04296875
2 0.2578125 0.7421875 0.06640625 0.041015625
2 0.298828125 0.7587890625 0.06640625 0.046875
2 0.3505859375 0.771484375 0.06640625 0.044921875
2 0.388671875 0.787109375 0.06640625 0.0390625
2 0.4404296875 0.802734375 0.05859375 0.0390625
2 0.4833984375 0.8203125 0.06640625 0.04296875
2 0.5302734375 0.8330078125 0.06640625 0.041015625
2 0.5673828125 0.84765625 0.072265625 0.04296875
2 0.619140625 0.8662109375 0.0703125 0.04296875
2 0.6650390625 0.8828125 0.078125 0.0390625
2 0.712890625 0.9013671875 0.076171875 0.05078125
2 0.7529296875 0.9189453125 0.078125 0.0390625
2 0.0234375 0.1943359375 0.046875 0.041015625
2 0.0546875 0.1787109375 0.064453125 0.04296875
2 0.09375 0.1650390625 0.0703125 0.0390625
2 0.140625 0.150390625 0.064453125 0.046875
2 0.181640625 0.140625 0.06640625 0.04296875
2 0.2255859375 0.125 0.078125 0.046875
2 0.265625 0.1103515625 0.072265625 0.048828125
2 0.3154296875 0.09765625 0.078125 0.048828125
2 0.3603515625 0.0830078125 0.06640625 0.041015625
2 0.4052734375 0.06640625 0.0625 0.04296875
2 0.4482421875 0.0546875 0.076171875 0.04296875
2 0.498046875 0.037109375 0.080078125 0.046875
2 0.544921875 0.0263671875 0.07421875 0.046875
2 0.58984375 0.013671875 0.0703125 0.02734375
1 0.0107421875 0.2421875 0.021484375 0.03125
1 0.0419921875 0.232421875 0.048828125 0.037109375
1 0.08203125 0.2216796875 0.0546875 0.02734375
1 0.123046875 0.2060546875 0.0625 0.03125
1 0.1669921875 0.1923828125 0.052734375 0.03515625
1 0.212890625 0.1787109375 0.056640625 0.03125
1 0.25390625 0.166015625 0.05078125 0.03125
1 0.298828125 0.15234375 0.0546875 0.03515625
1 0.3515625 0.138671875 0.05859375 0.03125
1 0.3916015625 0.1220703125 0.0546875 0.03515625
1 0.4384765625 0.107421875 0.0546875 0.0390625
1 0.482421875 0.0927734375 0.0546875 0.03515625
1 0.53125 0.083984375 0.05859375 0.03125
1 0.576171875 0.0693359375 0.0546875 0.02734375
1 0.62109375 0.0517578125 0.06640625 0.03125
1 0.6748046875 0.0361328125 0.052734375 0.03515625
1 0.71484375 0.015625 0.044921875 0.03125
1 0.021484375 0.47265625 0.04296875 0.044921875
1 0.0546875 0.4912109375 0.06640625 0.05078125
1 0.107421875 0.5107421875 0.06640625 0.05078125
1 0.1552734375 0.521484375 0.0625 0.05859375
1 0.197265625 0.54296875 0.07421875 0.0546875
1 0.2568359375 0.5556640625 0.0703125 0.056640625
1 0.3125 0.5712890625 0.064453125 0.052734375
1 0.369140625 0.5947265625 0.080078125 0.05078125
1 0.443359375 0.6123046875 0.064453125 0.0625
1 0.509765625 0.6357421875 0.04296875 0.0703125
1 0.5625 0.654296875 0.04296875 0.05859375
1 0.6162109375 0.669921875 0.060546875 0.06640625
1 0.67578125 0.6884765625 0.0546875 0.064453125
1 0.732421875 0.7119140625 0.048828125 0.07421875
1 0.7880859375 0.7294921875 0.04296875 0.083984375
1 0.8671875 0.6787109375 0.078125 0.044921875
1 0.8671875 0.748046875 0.1015625 0.083984375
1 0.8662109375 0.634765625 0.08203125 0.0546875
1 0.8603515625 0.587890625 0.0859375 0.05078125
1 0.8583984375 0.5419921875 0.08203125 0.046875
1 0.85546875 0.49609375 0.08203125 0.05078125
1 0.857421875 0.4404296875 0.08203125 0.0703125
1 0.8564453125 0.3779296875 0.08203125 0.052734375
1 0.8525390625 0.333984375 0.087890625 0.048828125
1 0.8515625 0.2841796875 0.08984375 0.0546875
1 0.84765625 0.2421875 0.08984375 0.0625
1 0.841796875 0.1923828125 0.09375 0.064453125
1 0.83984375 0.1416015625 0.09375 0.04296875
1 0.7607421875 0.1416015625 0.0703125 0.0625
1 0.6953125 0.162109375 0.056640625 0.0625
1 0.6484375 0.1787109375 0.05859375 0.064453125
1 0.5927734375 0.193359375 0.064453125 0.0625
1 0.8408203125 0.10546875 0.1015625 0.0703125
1 0.5341796875 0.212890625 0.0703125 0.06640625
1 0.4814453125 0.224609375 0.060546875 0.06640625
1 0.4296875 0.2470703125 0.0625 0.0703125
1 0.3623046875 0.2626953125 0.0859375 0.060546875
1 0.3076171875 0.28515625 0.099609375 0.05078125
1 0.2548828125 0.2998046875 0.09375 0.052734375
1 0.20703125 0.3154296875 0.0859375 0.05078125
1 0.154296875 0.3310546875 0.095703125 0.04296875
1 0.1064453125 0.345703125 0.078125 0.046875
1 0.05859375 0.359375 0.09375 0.05078125
1 0.0234375 0.373046875 0.046875 0.0546875
1 0.109375 0.4267578125 0.16015625 0.05078125
1 0.681640625 0.5419921875 0.2109375 0.21875
1 0.6748046875 0.3330078125 0.21484375 0.1953125
1 0.4501953125 0.353515625 0.236328125 0.150390625
1 0.4541015625 0.4990234375 0.240234375 0.14453125
1 0.2568359375 0.4306640625 0.14453125 0.1640625
1 0.9248046875 0.2392578125 0.0546875 0.095703125
1 0.9208984375 0.1494140625 0.0546875 0.08203125
1 0.9189453125 0.0517578125 0.05859375 0.103515625
1 0.9326171875 0.623046875 0.0625 0.095703125
1 0.939453125 0.7099609375 0.060546875 0.076171875
1 0.947265625 0.796875 0.05859375 0.095703125
1 0.0205078125 0.6220703125 0.041015625 0.03125
1 0.05859375 0.630859375 0.046875 0.037109375
1 0.1025390625 0.6494140625 0.044921875 0.03125
1 0.1455078125 0.66015625 0.05078125 0.03515625
1 0.1923828125 0.6708984375 0.05078125 0.0390625
1 0.23828125 0.6875 0.05078125 0.03515625
1 0.287109375 0.7021484375 0.04296875 0.0390625
1 0.3291015625 0.71484375 0.046875 0.044921875
1 0.369140625 0.7294921875 0.0546875 0.04296875
1 0.4208984375 0.7470703125 0.052734375 0.0390625
1 0.798828125 0.8837890625 0.0625 0.037109375
1 0.7470703125 0.8623046875 0.048828125 0.0390625
1 0.7021484375 0.841796875 0.046875 0.04296875
1 0.65234375 0.82421875 0.05078125 0.037109375
1 0.60546875 0.8095703125 0.046875 0.03515625
1 0.5615234375 0.79296875 0.046875 0.03515625
1 0.4658203125 0.76171875 0.05078125 0.046875
1 0.5087890625 0.775390625 0.05078125 0.0390625