4 0.232421875 0.8935546875 0.4296875 0.212890625
4 0.2568359375 0.74609375 0.1015625 0.1328125
4 0.1943359375 0.671875 0.05859375 0.05859375
4 0.1982421875 0.62109375 0.0703125 0.06640625
4 0.19921875 0.5087890625 0.14453125 0.16796875
4 0.103515625 0.6025390625 0.078125 0.078125
4 0.10546875 0.5029296875 0.0859375 0.078125
4 0.1015625 0.412109375 0.09375 0.078125
4 0.1943359375 0.3896484375 0.07421875 0.0703125
4 0.1787109375 0.3583984375 0.076171875 0.083984375
4 0.2158203125 0.2626953125 0.154296875 0.142578125
4 0.2099609375 0.1328125 0.419921875 0.265625
4 0.4150390625 0.712890625 0.37890625 0.203125
4 0.37890625 0.2646484375 0.423828125 0.2265625
4 0.5693359375 0.509765625 0.421875 0.3359375