1 0.681640625 0.9853515625 0.078125 0.029296875
1 0.6796875 0.943359375 0.07421875 0.048828125
1 0.677734375 0.8896484375 0.078125 0.052734375
1 0.6767578125 0.8349609375 0.08203125 0.0546875
1 0.677734375 0.779296875 0.0859375 0.0546875
1 0.6787109375 0.7275390625 0.080078125 0.048828125
1 0.6728515625 0.6767578125 0.078125 0.048828125
1 0.671875 0.625 0.08203125 0.05859375
1 0.671875 0.5693359375 0.08203125 0.046875
1 0.673828125 0.51953125 0.078125 0.0546875
1 0.66796875 0.4677734375 0.083984375 0.05078125
1 0.673828125 0.4130859375 0.0859375 0.05859375
1 0.6689453125 0.357421875 0.08203125 0.048828125
1 0.66796875 0.306640625 0.080078125 0.05078125
1 0.6669921875 0.2548828125 0.07421875 0.044921875
1 0.66796875 0.2041015625 0.080078125 0.052734375
1 0.6630859375 0.1484375 0.07421875 0.05859375
1 0.666015625 0.091796875 0.0859375 0.052734375
1 0.662109375 0.041015625 0.0859375 0.046875
0 0.576171875 0.09375 0.06640625 0.05078125
0 0.5732421875 0.2001953125 0.0546875 0.052734375
0 0.578125 0.3056640625 0.05859375 0.048828125
0 0.5830078125 0.458984375 0.060546875 0.052734375
0 0.58203125 0.5634765625 0.0625 0.044921875
0 0.58203125 0.6708984375 0.060546875 0.05859375
0 0.587890625 0.775390625 0.052734375 0.0390625
0 0.5888671875 0.8857421875 0.0546875 0.05859375
0 0.5927734375 0.982421875 0.060546875 0.03515625
1 0.5908203125 0.9423828125 0.0625 0.04296875
1 0.587890625 0.8271484375 0.05078125 0.05859375
1 0.5869140625 0.728515625 0.0625 0.0546875
1 0.5849609375 0.6142578125 0.05859375 0.05859375
1 0.5849609375 0.515625 0.0625 0.052734375
1 0.5830078125 0.3798828125 0.05859375 0.10546875
1 0.5791015625 0.255859375 0.06640625 0.05078125
1 0.5751953125 0.14453125 0.060546875 0.056640625
1 0.5732421875 0.0439453125 0.05859375 0.05078125
1 0.451171875 0.0966796875 0.142578125 0.109375
1 0.4931640625 0.2021484375 0.08203125 0.1015625
1 0.44921875 0.3095703125 0.15625 0.11328125
1 0.490234375 0.462890625 0.07421875 0.1015625
1 0.4873046875 0.56640625 0.08984375 0.103515625
1 0.4921875 0.6689453125 0.08203125 0.099609375
1 0.47265625 0.7802734375 0.12890625 0.125
1 0.5 0.8876953125 0.07421875 0.08984375
1 0.4892578125 0.9677734375 0.091796875 0.064453125
1 0.375 0.9755859375 0.14453125 0.048828125
1 0.37109375 0.8779296875 0.1484375 0.11328125
1 0.3544921875 0.744140625 0.11328125 0.08984375
1 0.365234375 0.6259765625 0.14453125 0.095703125
1 0.3662109375 0.4970703125 0.154296875 0.09375
1 0.3408203125 0.306640625 0.103515625 0.0703125
1 0.349609375 0.1728515625 0.13671875 0.091796875
1 0.33984375 0.056640625 0.119140625 0.083984375