3 0.4013671875 0.3291015625 0.0390625 0.02734375
3 0.37890625 0.345703125 0.041015625 0.0234375
3 0.328125 0.3203125 0.03125 0.01953125
3 0.345703125 0.310546875 0.02734375 0.015625
3 0.3525390625 0.36328125 0.033203125 0.0234375
3 0.3984375 0.4150390625 0.05078125 0.029296875
3 0.4267578125 0.39453125 0.046875 0.029296875
3 0.451171875 0.3740234375 0.044921875 0.033203125
1 0.65625 0.41015625 0.046875 0.01953125
1 0.6572265625 0.4423828125 0.046875 0.0234375
1 0.662109375 0.46875 0.052734375 0.02734375
1 0.6650390625 0.5009765625 0.046875 0.02734375
1 0.6669921875 0.53125 0.05078125 0.02734375
1 0.6787109375 0.568359375 0.05078125 0.03125
1 0.7666015625 0.5830078125 0.056640625 0.02734375
1 0.76171875 0.5478515625 0.0625 0.0234375
1 0.7548828125 0.615234375 0.060546875 0.037109375
1 0.73046875 0.380859375 0.05078125 0.03515625
1 0.73828125 0.4169921875 0.0546875 0.029296875
1 0.73828125 0.4462890625 0.0546875 0.02734375
1 0.736328125 0.4765625 0.0546875 0.03515625
3 0.724609375 0.51171875 0.171875 0.05859375
3 0.6357421875 0.6201171875 0.27734375 0.16015625
3 0.6826171875 0.7275390625 0.189453125 0.083984375
3 0.6865234375 0.798828125 0.158203125 0.072265625
3 0.6650390625 0.9541015625 0.10546875 0.05859375
3 0.4970703125 0.91015625 0.0859375 0.0234375
1 0.6103515625 0.712890625 0.0390625 0.033203125
1 0.568359375 0.697265625 0.04296875 0.02734375
1 0.5322265625 0.68359375 0.05078125 0.03515625
1 0.49609375 0.6689453125 0.04296875 0.02734375
1 0.46484375 0.6572265625 0.04296875 0.02734375
1 0.4287109375 0.640625 0.052734375 0.03125
1 0.396484375 0.626953125 0.037109375 0.0234375
1 0.365234375 0.62109375 0.048828125 0.03125
2 0.3017578125 0.6416015625 0.212890625 0.125
2 0.37109375 0.5732421875 0.203125 0.109375
3 0.5439453125 0.267578125 0.02734375 0.01953125
3 0.626953125 0.2890625 0.02734375 0.025390625
2 0.76953125 0.330078125 0.19140625 0.1640625
2 0.6787109375 0.3515625 0.11328125 0.10546875
2 0.84765625 0.2626953125 0.03515625 0.033203125
2 0.8466796875 0.232421875 0.05078125 0.03515625
2 0.84765625 0.203125 0.05859375 0.029296875
2 0.84375 0.169921875 0.064453125 0.02734375
2 0.8359375 0.13671875 0.0625 0.03515625
2 0.3837890625 0.71484375 0.0390625 0.03125
2 0.412109375 0.7529296875 0.037109375 0.03515625
2 0.4453125 0.7958984375 0.03515625 0.033203125
2 0.474609375 0.8359375 0.03125 0.02734375
2 0.5068359375 0.880859375 0.041015625 0.02734375
2 0.541015625 0.9228515625 0.0390625 0.02734375
2 0.572265625 0.96484375 0.03515625 0.029296875
2 0.599609375 0.99609375 0.04296875 0.0078125