4 0.13671875 0.515625 0.19140625 0.052734375
4 0.27734375 0.3544921875 0.13671875 0.0546875
4 0.369140625 0.255859375 0.1171875 0.046875
4 0.4296875 0.1875 0.095703125 0.0390625
4 0.47265625 0.13671875 0.07421875 0.0390625
4 0.509765625 0.1005859375 0.064453125 0.03125
4 0.53515625 0.0751953125 0.05078125 0.02734375
4 0.654296875 0.1328125 0.21484375 0.03515625
4 0.287109375 0.65234375 0.15625 0.046875
4 0.3994140625 0.7421875 0.12109375 0.0390625
4 0.4921875 0.8134765625 0.099609375 0.03125
4 0.5224609375 0.8544921875 0.08203125 0.02734375
4 0.5703125 0.890625 0.068359375 0.0234375
4 0.6259765625 0.9189453125 0.046875 0.021484375
4 0.6474609375 0.9384765625 0.041015625 0.01171875
4 0.662109375 0.9501953125 0.03515625 0.01171875
0 0.29296875 0.3876953125 0.03125 0.01171875
0 0.28125 0.3994140625 0.013671875 0.01171875
0 0.296875 0.4130859375 0.02734375 0.01953125
0 0.30859375 0.3974609375 0.021484375 0.01953125
0 0.3349609375 0.4091796875 0.037109375 0.015625
0 0.3291015625 0.38671875 0.02734375 0.01171875
0 0.3486328125 0.3955078125 0.03125 0.01953125
0 0.3681640625 0.4052734375 0.0390625 0.01953125
0 0.3681640625 0.384765625 0.02734375 0.01171875
0 0.384765625 0.39453125 0.03515625 0.025390625
0 0.412109375 0.380859375 0.02734375 0.015625
0 0.416015625 0.4013671875 0.02734375 0.01953125
0 0.4345703125 0.3896484375 0.033203125 0.0234375
0 0.4560546875 0.3994140625 0.03515625 0.017578125
0 0.44140625 0.41015625 0.0234375 0.0078125
0 0.4365234375 0.373046875 0.015625 0.00390625
0 0.45703125 0.376953125 0.033203125 0.015625
0 0.4755859375 0.3876953125 0.03515625 0.0234375
0 0.4853515625 0.40625 0.03125 0.01171875
0 0.5 0.396484375 0.03515625 0.01953125
0 0.5 0.375 0.03125 0.017578125
0 0.5224609375 0.3837890625 0.03515625 0.0234375
0 0.5439453125 0.39453125 0.0390625 0.01953125
0 0.546875 0.3701171875 0.03515625 0.015625
0 0.568359375 0.37890625 0.0390625 0.02734375
0 0.5732421875 0.400390625 0.03125 0.009765625
0 0.5927734375 0.3916015625 0.0390625 0.01953125
0 0.5947265625 0.3671875 0.03125 0.013671875
0 0.615234375 0.3759765625 0.041015625 0.02734375
0 0.6416015625 0.361328125 0.0390625 0.015625
0 0.6416015625 0.3876953125 0.044921875 0.021484375
0 0.6630859375 0.3720703125 0.04296875 0.0234375
0 0.6875 0.3857421875 0.02734375 0.015625
0 0.68359375 0.3583984375 0.02734375 0.015625
0 0.669921875 0.39453125 0.033203125 0.009765625
0 0.3701171875 0.29296875 0.013671875 0.013671875
0 0.3828125 0.30078125 0.0234375 0.015625
0 0.380859375 0.2841796875 0.0234375 0.0078125
0 0.3955078125 0.2900390625 0.025390625 0.017578125
0 0.408203125 0.306640625 0.025390625 0.0078125
0 0.41796875 0.2978515625 0.0234375 0.015625
0 0.412109375 0.283203125 0.015625 0.0078125
0 0.4287109375 0.2861328125 0.02734375 0.01953125
0 0.44921875 0.2939453125 0.029296875 0.015625
0 0.4462890625 0.2763671875 0.017578125 0.01171875
0 0.462890625 0.2822265625 0.03125 0.015625
0 0.4697265625 0.2978515625 0.025390625 0.009765625
0 0.4833984375 0.291015625 0.03125 0.017578125
0 0.4814453125 0.2724609375 0.02734375 0.0078125
0 0.4970703125 0.2783203125 0.025390625 0.01953125
0 0.5068359375 0.2978515625 0.0234375 0.00390625
0 0.517578125 0.2861328125 0.02734375 0.01953125
0 0.5166015625 0.26953125 0.0234375 0.0078125
0 0.53515625 0.2744140625 0.025390625 0.017578125
0 0.5576171875 0.283203125 0.03125 0.015625
0 0.5419921875 0.2939453125 0.03125 0.0078125
0 0.5517578125 0.265625 0.0234375 0.0078125
0 0.572265625 0.2705078125 0.029296875 0.01953125
0 0.5927734375 0.279296875 0.03125 0.017578125
0 0.58984375 0.26171875 0.0234375 0.0078125
0 0.6083984375 0.267578125 0.03125 0.01953125
0 0.6279296875 0.2763671875 0.03515625 0.015625
0 0.6298828125 0.2568359375 0.02734375 0.0078125
0 0.6484375 0.2626953125 0.029296875 0.01953125
0 0.669921875 0.2724609375 0.03125 0.015625
0 0.666015625 0.251953125 0.0234375 0.013671875
0 0.689453125 0.2578125 0.02734375 0.021484375
0 0.7041015625 0.2685546875 0.01953125 0.01953125
0 0.69140625 0.27734375 0.01953125 0.013671875
0 0.705078125 0.2490234375 0.015625 0.0078125
0 0.5517578125 0.1025390625 0.01953125 0.009765625
0 0.5693359375 0.1015625 0.015625 0.005859375
0 0.5810546875 0.10546875 0.01953125 0.01171875
0 0.5908203125 0.0986328125 0.01953125 0.01171875
0 0.6123046875 0.09375 0.021484375 0.0078125
0 0.634765625 0.0908203125 0.01953125 0.01171875
0 0.6533203125 0.087890625 0.017578125 0.01171875
0 0.666015625 0.091796875 0.0234375 0.01171875
0 0.6884765625 0.0888671875 0.01953125 0.01171875
0 0.7099609375 0.0859375 0.01953125 0.009765625
0 0.6455078125 0.0966796875 0.01953125 0.01171875
0 0.66796875 0.08203125 0.013671875 0.00390625
0 0.5126953125 0.1298828125 0.013671875 0.01171875
0 0.54296875 0.1328125 0.01953125 0.01171875
0 0.5234375 0.1357421875 0.01953125 0.01171875
0 0.5302734375 0.1259765625 0.01953125 0.01171875
0 0.55078125 0.1240234375 0.0234375 0.013671875
0 0.564453125 0.126953125 0.017578125 0.0078125
0 0.5751953125 0.1201171875 0.015625 0.01171875
0 0.5869140625 0.1259765625 0.0234375 0.015625
0 0.59765625 0.1162109375 0.015625 0.009765625
0 0.607421875 0.119140625 0.013671875 0.0078125
0 0.609375 0.1103515625 0.01171875 0.005859375
0 0.62109375 0.11328125 0.015625 0.0078125
0 0.6455078125 0.109375 0.017578125 0.01171875
0 0.658203125 0.1103515625 0.01953125 0.001953125
0 0.658203125 0.1025390625 0.01171875 0.005859375
0 0.6689453125 0.10546875 0.01953125 0.009765625
0 0.6806640625 0.109375 0.0234375 0.0078125
0 0.6904296875 0.1015625 0.02734375 0.0078125
0 0.70703125 0.1064453125 0.0234375 0.01171875
0 0.7158203125 0.09765625 0.01953125 0.009765625
0 0.7265625 0.1044921875 0.017578125 0.009765625
0 0.48828125 0.17578125 0.0234375 0.009765625
0 0.48046875 0.169921875 0.015625 0.009765625
0 0.5009765625 0.1650390625 0.017578125 0.01171875
0 0.5126953125 0.1728515625 0.021484375 0.01171875
0 0.5244140625 0.162109375 0.01953125 0.013671875
0 0.5361328125 0.1689453125 0.0234375 0.01171875
0 0.5498046875 0.158203125 0.021484375 0.01171875
0 0.5625 0.1650390625 0.025390625 0.013671875
0 0.57421875 0.1552734375 0.0234375 0.01171875
0 0.58984375 0.16015625 0.0234375 0.01171875
0 0.6162109375 0.158203125 0.025390625 0.01171875
0 0.642578125 0.154296875 0.02734375 0.01171875
0 0.669921875 0.150390625 0.0234375 0.0078125
0 0.662109375 0.158203125 0.01953125 0.0078125
0 0.689453125 0.15234375 0.0234375 0.0078125
0 0.43359375 0.2197265625 0.015625 0.009765625
0 0.4462890625 0.228515625 0.0234375 0.01171875
0 0.4453125 0.2138671875 0.015625 0.0078125
0 0.455078125 0.2177734375 0.01953125 0.01171875
0 0.470703125 0.224609375 0.02734375 0.01171875
0 0.4638671875 0.2333984375 0.0234375 0.0078125
0 0.482421875 0.2138671875 0.0234375 0.01171875
0 0.5 0.2197265625 0.02734375 0.015625
0 0.490234375 0.228515625 0.021484375 0.0078125
0 0.5107421875 0.208984375 0.02734375 0.01171875
0 0.52734375 0.216796875 0.025390625 0.01171875
0 0.529296875 0.2021484375 0.017578125 0.00390625
0 0.5419921875 0.2060546875 0.0234375 0.01171875
0 0.5615234375 0.2119140625 0.0234375 0.01171875
0 0.55859375 0.19921875 0.01953125 0.00390625
0 0.5732421875 0.2021484375 0.029296875 0.009765625
0 0.591796875 0.2109375 0.021484375 0.0078125
0 0.578125 0.21875 0.0234375 0.0078125
0 0.587890625 0.1943359375 0.01953125 0.0078125
0 0.6064453125 0.1982421875 0.0234375 0.013671875
0 0.623046875 0.2060546875 0.02734375 0.015625
0 0.62109375 0.1904296875 0.01953125 0.009765625
0 0.63671875 0.1943359375 0.02734375 0.01171875
0 0.6513671875 0.2021484375 0.029296875 0.015625
0 0.65234375 0.185546875 0.01953125 0.0078125
0 0.669921875 0.1904296875 0.029296875 0.013671875
0 0.6845703125 0.197265625 0.025390625 0.013671875
0 0.6748046875 0.2060546875 0.01953125 0.0078125
0 0.701171875 0.185546875 0.01953125 0.017578125
0 0.705078125 0.203125 0.0234375 0.009765625
0 0.716796875 0.1943359375 0.015625 0.01171875
0 0.251953125 0.4931640625 0.03515625 0.01953125
0 0.2919921875 0.4921875 0.03515625 0.013671875
0 0.3173828125 0.509765625 0.02734375 0.0234375
0 0.2978515625 0.5205078125 0.029296875 0.015625
0 0.3232421875 0.4853515625 0.015625 0.005859375
0 0.34375 0.490234375 0.03125 0.01953125
0 0.3623046875 0.505859375 0.033203125 0.01953125
0 0.34765625 0.5205078125 0.03515625 0.01171875
0 0.390625 0.4912109375 0.03515625 0.0234375
0 0.3955078125 0.5185546875 0.03515625 0.01953125
0 0.4150390625 0.50390625 0.033203125 0.0234375
0 0.4423828125 0.4892578125 0.03515625 0.0234375
0 0.44921875 0.515625 0.0390625 0.01953125
0 0.46875 0.5029296875 0.041015625 0.025390625
0 0.4990234375 0.486328125 0.037109375 0.01953125
0 0.501953125 0.515625 0.037109375 0.021484375
0 0.5234375 0.501953125 0.0390625 0.02734375
0 0.5556640625 0.4853515625 0.037109375 0.01953125
0 0.55859375 0.515625 0.04296875 0.0234375
0 0.5791015625 0.4990234375 0.0390625 0.025390625
0 0.6142578125 0.484375 0.041015625 0.01953125
0 0.6162109375 0.51171875 0.05078125 0.0234375
0 0.64453125 0.4970703125 0.041015625 0.03515625
0 0.66796875 0.4794921875 0.02734375 0.01953125
0 0.6669921875 0.5126953125 0.033203125 0.0234375
0 0.314453125 0.5966796875 0.02734375 0.017578125
0 0.3291015625 0.611328125 0.03515625 0.0234375
0 0.3125 0.6181640625 0.0234375 0.01171875
0 0.3505859375 0.5966796875 0.029296875 0.01953125
0 0.369140625 0.6123046875 0.03125 0.017578125
0 0.390625 0.5986328125 0.02734375 0.01953125
0 0.41015625 0.611328125 0.03125 0.01953125
0 0.431640625 0.599609375 0.03125 0.015625
0 0.4326171875 0.6220703125 0.03515625 0.01171875
0 0.451171875 0.6103515625 0.033203125 0.021484375
0 0.4736328125 0.59765625 0.033203125 0.017578125
0 0.4755859375 0.62109375 0.029296875 0.015625
0 0.4931640625 0.6123046875 0.029296875 0.0234375
0 0.51953125 0.6005859375 0.03515625 0.0234375
0 0.5205078125 0.6220703125 0.03515625 0.01953125
0 0.5400390625 0.61328125 0.033203125 0.0234375
0 0.5654296875 0.599609375 0.03515625 0.015625
0 0.568359375 0.6220703125 0.0390625 0.015625
0 0.5869140625 0.6142578125 0.03125 0.01953125
0 0.611328125 0.6015625 0.037109375 0.01953125
0 0.6142578125 0.6240234375 0.037109375 0.015625
0 0.6337890625 0.615234375 0.03515625 0.0234375
0 0.6591796875 0.5986328125 0.0390625 0.021484375
0 0.6611328125 0.6259765625 0.0390625 0.015625
0 0.6806640625 0.6123046875 0.037109375 0.021484375
0 0.703125 0.6015625 0.025390625 0.015625
0 0.703125 0.6259765625 0.0234375 0.01171875
0 0.41796875 0.6923828125 0.025390625 0.013671875
0 0.4306640625 0.70703125 0.02734375 0.015625
0 0.44921875 0.6962890625 0.02734375 0.015625
0 0.4638671875 0.70703125 0.02734375 0.01171875
0 0.4814453125 0.697265625 0.02734375 0.01171875
0 0.4970703125 0.70703125 0.02734375 0.015625
0 0.5166015625 0.6982421875 0.0234375 0.017578125
0 0.5185546875 0.7158203125 0.0234375 0.0078125
0 0.53125 0.7099609375 0.0234375 0.015625
0 0.548828125 0.6982421875 0.02734375 0.015625
0 0.5546875 0.7177734375 0.01953125 0.0078125
0 0.568359375 0.7109375 0.025390625 0.015625
0 0.587890625 0.701171875 0.03125 0.01171875
0 0.587890625 0.7197265625 0.02734375 0.009765625
0 0.6064453125 0.7138671875 0.02734375 0.01953125
0 0.625 0.703125 0.02734375 0.013671875
0 0.6240234375 0.7216796875 0.0234375 0.0078125
0 0.642578125 0.7138671875 0.029296875 0.01953125
0 0.6640625 0.7041015625 0.03125 0.015625
0 0.66015625 0.72265625 0.03125 0.0078125
0 0.6796875 0.7158203125 0.03125 0.01953125
0 0.7001953125 0.7060546875 0.033203125 0.01171875
0 0.701171875 0.724609375 0.03125 0.0078125
0 0.7197265625 0.716796875 0.03125 0.015625
0 0.7314453125 0.70703125 0.0234375 0.015625
0 0.5048828125 0.7744140625 0.01953125 0.013671875
0 0.515625 0.783203125 0.01953125 0.009765625
0 0.5322265625 0.7763671875 0.01953125 0.01171875
0 0.5439453125 0.78515625 0.0234375 0.009765625
0 0.560546875 0.7783203125 0.01953125 0.009765625
0 0.572265625 0.7900390625 0.021484375 0.01171875
0 0.5869140625 0.7802734375 0.01953125 0.013671875
0 0.599609375 0.791015625 0.021484375 0.01171875
0 0.61328125 0.7822265625 0.0234375 0.01171875
0 0.6259765625 0.7919921875 0.0234375 0.015625
0 0.6435546875 0.78515625 0.0234375 0.009765625
0 0.658203125 0.794921875 0.0234375 0.015625
0 0.6728515625 0.7861328125 0.01953125 0.01171875
0 0.689453125 0.796875 0.01953125 0.01171875
0 0.7021484375 0.787109375 0.01953125 0.013671875
0 0.71484375 0.796875 0.0234375 0.017578125
0 0.73046875 0.7890625 0.0234375 0.015625
0 0.7451171875 0.798828125 0.025390625 0.015625
0 0.5322265625 0.8310546875 0.015625 0.01171875
0 0.544921875 0.826171875 0.015625 0.0078125
0 0.552734375 0.8310546875 0.015625 0.01171875
0 0.564453125 0.8271484375 0.015625 0.01171875
0 0.5732421875 0.8349609375 0.017578125 0.0078125
0 0.5859375 0.830078125 0.017578125 0.01171875
0 0.59765625 0.837890625 0.01953125 0.01171875
0 0.607421875 0.8310546875 0.01953125 0.01171875
0 0.6181640625 0.83984375 0.01953125 0.01171875
0 0.6279296875 0.8330078125 0.01953125 0.01171875
0 0.640625 0.841796875 0.01953125 0.01171875
0 0.65234375 0.8349609375 0.01953125 0.01171875
0 0.6650390625 0.8427734375 0.01953125 0.01171875
0 0.6796875 0.8388671875 0.015625 0.01171875
0 0.689453125 0.845703125 0.017578125 0.0078125
0 0.703125 0.83984375 0.015625 0.01171875
0 0.7138671875 0.84765625 0.0234375 0.01171875
0 0.73046875 0.8408203125 0.01953125 0.01171875
0 0.7392578125 0.8505859375 0.017578125 0.01171875
0 0.751953125 0.84375 0.01953125 0.01171875
0 0.763671875 0.8525390625 0.01953125 0.01171875
0 0.5751953125 0.8671875 0.015625 0.0078125
0 0.583984375 0.8623046875 0.015625 0.01171875
0 0.5947265625 0.8701171875 0.01171875 0.0078125
0 0.6015625 0.8642578125 0.015625 0.0078125
0 0.61328125 0.8720703125 0.017578125 0.009765625
0 0.623046875 0.8662109375 0.017578125 0.0078125
0 0.6318359375 0.8759765625 0.015625 0.009765625
0 0.6416015625 0.8701171875 0.017578125 0.009765625
0 0.6533203125 0.8759765625 0.015625 0.009765625
0 0.6611328125 0.87109375 0.013671875 0.0078125
0 0.6708984375 0.8779296875 0.01953125 0.009765625
0 0.6787109375 0.8720703125 0.017578125 0.0078125
0 0.6923828125 0.8798828125 0.017578125 0.009765625
0 0.7021484375 0.875 0.017578125 0.0078125
0 0.71484375 0.8828125 0.015625 0.009765625
0 0.72265625 0.8759765625 0.017578125 0.009765625
0 0.734375 0.884765625 0.01171875 0.0078125
0 0.7421875 0.87890625 0.015625 0.009765625
0 0.7548828125 0.88671875 0.013671875 0.01171875
0 0.76171875 0.8798828125 0.015625 0.01171875
0 0.7763671875 0.8896484375 0.017578125 0.01171875
0 0.6328125 0.8935546875 0.015625 0.01171875
0 0.6513671875 0.8955078125 0.015625 0.0078125
0 0.666015625 0.896484375 0.015625 0.0078125
0 0.6826171875 0.900390625 0.017578125 0.009765625
0 0.7021484375 0.9013671875 0.01953125 0.0078125
0 0.720703125 0.90234375 0.015625 0.01171875
0 0.7373046875 0.9052734375 0.015625 0.01171875
0 0.755859375 0.90625 0.017578125 0.009765625
0 0.775390625 0.9091796875 0.015625 0.0078125