4 0.529296875 0.5498046875 0.375 0.45703125
1 0.4228515625 0.2080078125 0.10546875 0.134765625
1 0.3349609375 0.2568359375 0.09375 0.13671875
1 0.2421875 0.32421875 0.09765625 0.140625
1 0.166015625 0.3916015625 0.109375 0.1171875
1 0.099609375 0.462890625 0.134765625 0.11328125
1 0.099609375 0.59375 0.134765625 0.1640625
1 0.169921875 0.724609375 0.17578125 0.109375
1 0.3076171875 0.8154296875 0.12890625 0.09765625
1 0.7431640625 0.8095703125 0.1484375 0.1015625
1 0.8759765625 0.7265625 0.19921875 0.10546875
1 0.6328125 0.1953125 0.115234375 0.119140625
1 0.5234375 0.119140625 0.1328125 0.15625
1 0.7333984375 0.263671875 0.103515625 0.12890625
1 0.8154296875 0.33203125 0.1328125 0.13671875
1 0.87109375 0.392578125 0.1328125 0.1328125
1 0.923828125 0.478515625 0.115234375 0.099609375
1 0.947265625 0.599609375 0.10546875 0.17578125
1 0.5224609375 0.876953125 0.3359375 0.203125