4 0.9697265625 0.873046875 0.060546875 0.130859375
4 0.8046875 0.84765625 0.119140625 0.138671875
4 0.6689453125 0.8388671875 0.130859375 0.146484375
4 0.521484375 0.8486328125 0.1142578125 0.1357421875
4 0.3466796875 0.8662109375 0.109375 0.126953125
4 0.1650390625 0.8818359375 0.0986328125 0.126953125
3 0.6689453125 0.6416015625 0.083984375 0.177734375
3 0.3095703125 0.5341796875 0.0869140625 0.08984375
3 0.265625 0.6123046875 0.1328125 0.1044921875
3 0.3955078125 0.63671875 0.1982421875 0.1181640625
3 0.4736328125 0.51953125 0.1220703125 0.107421875
3 0.6533203125 0.513671875 0.115234375 0.10546875
3 0.958984375 0.59375 0.0771484375 0.1103515625
2 0.8486328125 0.2978515625 0.09765625 0.11328125
2 0.677734375 0.314453125 0.0849609375 0.111328125
2 0.4580078125 0.3037109375 0.0654296875 0.1005859375
2 0.515625 0.32421875 0.099609375 0.1123046875
2 0.2314453125 0.294921875 0.06640625 0.0888671875
2 0.1806640625 0.3076171875 0.0615234375 0.0849609375
3 0.33203125 0.4140625 0.0654296875 0.09765625
3 0.1279296875 0.4560546875 0.0556640625 0.0537109375
2 0.0751953125 0.4443359375 0.029296875 0.0625
3 0.0703125 0.583984375 0.0986328125 0.0888671875
3 0.044921875 0.6494140625 0.08984375 0.091796875
3 0.2470703125 0.2236328125 0.0166015625 0.015625
3 0.2724609375 0.181640625 0.0166015625 0.0126953125
3 0.3271484375 0.24609375 0.0244140625 0.025390625
3 0.3486328125 0.2470703125 0.0244140625 0.02734375
3 0.3681640625 0.244140625 0.0263671875 0.0283203125
3 0.3349609375 0.1943359375 0.015625 0.0224609375
3 0.3525390625 0.1962890625 0.021484375 0.0205078125
3 0.3720703125 0.1962890625 0.025390625 0.0234375
3 0.3427734375 0.158203125 0.01171875 0.0166015625
3 0.35546875 0.158203125 0.0166015625 0.0185546875
3 0.37109375 0.158203125 0.01953125 0.0166015625
3 0.4560546875 0.18359375 0.0234375 0.0205078125
3 0.4755859375 0.224609375 0.0234375 0.0224609375
2 0.6953125 0.4951171875 0.0302734375 0.0244140625
2 0.705078125 0.47265625 0.0205078125 0.025390625
2 0.72265625 0.4501953125 0.0244140625 0.021484375
2 0.734375 0.4306640625 0.02734375 0.0224609375
2 0.744140625 0.4091796875 0.0244140625 0.0263671875
2 0.759765625 0.3896484375 0.0234375 0.0234375
2 0.7744140625 0.369140625 0.025390625 0.0234375
2 0.78515625 0.3505859375 0.0224609375 0.0234375
2 0.79296875 0.33203125 0.01953125 0.0224609375
2 0.85546875 0.349609375 0.021484375 0.0244140625
2 0.86328125 0.3759765625 0.0205078125 0.0263671875
2 0.8720703125 0.3994140625 0.01953125 0.0224609375
2 0.8828125 0.423828125 0.0185546875 0.0234375
2 0.892578125 0.447265625 0.0234375 0.0234375
2 0.9013671875 0.4736328125 0.0234375 0.0234375
2 0.912109375 0.5 0.021484375 0.0224609375
2 0.919921875 0.521484375 0.0234375 0.0244140625
2 0.927734375 0.544921875 0.021484375 0.0224609375
2 0.681640625 0.359375 0.0205078125 0.0205078125
2 0.513671875 0.5009765625 0.0283203125 0.021484375
2 0.5263671875 0.478515625 0.0234375 0.0224609375
2 0.541015625 0.4609375 0.0234375 0.021484375
2 0.5517578125 0.44140625 0.0234375 0.0263671875
2 0.568359375 0.419921875 0.0263671875 0.0234375
2 0.5791015625 0.400390625 0.0263671875 0.021484375
2 0.5927734375 0.3818359375 0.0244140625 0.0224609375
2 0.60546875 0.361328125 0.0263671875 0.0185546875
2 0.6181640625 0.3447265625 0.0234375 0.015625
2 0.6298828125 0.328125 0.0263671875 0.0185546875
2 0.3505859375 0.4990234375 0.0283203125 0.0224609375
2 0.3623046875 0.4794921875 0.0341796875 0.0205078125
2 0.3759765625 0.462890625 0.03125 0.0244140625
2 0.392578125 0.4443359375 0.0322265625 0.025390625
2 0.404296875 0.4228515625 0.025390625 0.0166015625
2 0.4169921875 0.40625 0.0224609375 0.0234375
2 0.4296875 0.3896484375 0.0302734375 0.017578125
2 0.4453125 0.3740234375 0.0322265625 0.0224609375
2 0.4501953125 0.3564453125 0.0283203125 0.017578125
2 0.4677734375 0.337890625 0.0283203125 0.017578125
2 0.42578125 0.3125 0.0224609375 0.025390625
2 0.412109375 0.3310546875 0.025390625 0.0224609375
2 0.40234375 0.3486328125 0.0224609375 0.0205078125
2 0.3876953125 0.365234375 0.0224609375 0.0224609375
2 0.376953125 0.3798828125 0.025390625 0.0185546875
2 0.3623046875 0.3974609375 0.02734375 0.0205078125
2 0.3125 0.3935546875 0.0234375 0.021484375
2 0.3056640625 0.376953125 0.0205078125 0.0205078125
2 0.2978515625 0.359375 0.0244140625 0.021484375
2 0.2890625 0.3427734375 0.0234375 0.01953125
2 0.2802734375 0.330078125 0.025390625 0.017578125
2 0.2685546875 0.3115234375 0.025390625 0.01953125
2 0.287109375 0.4755859375 0.0205078125 0.0224609375
2 0.2783203125 0.4580078125 0.017578125 0.021484375
2 0.26953125 0.4375 0.0166015625 0.0205078125
2 0.263671875 0.419921875 0.0224609375 0.017578125
2 0.251953125 0.400390625 0.0234375 0.0146484375
2 0.244140625 0.3828125 0.01953125 0.015625
2 0.2373046875 0.365234375 0.01953125 0.013671875
2 0.23046875 0.3505859375 0.013671875 0.01171875
2 0.220703125 0.330078125 0.015625 0.0166015625
2 0.1787109375 0.3642578125 0.0234375 0.015625
2 0.16796875 0.3857421875 0.0166015625 0.0185546875
2 0.1611328125 0.41015625 0.0205078125 0.0205078125
2 0.1552734375 0.4306640625 0.0185546875 0.0185546875
2 0.142578125 0.453125 0.01953125 0.01953125
2 0.134765625 0.47265625 0.0185546875 0.0185546875
2 0.12890625 0.4951171875 0.0234375 0.0185546875
2 0.12109375 0.517578125 0.0224609375 0.021484375
2 0.109375 0.5400390625 0.0166015625 0.01953125
2 0.0751953125 0.4638671875 0.0224609375 0.01953125
2 0.0693359375 0.4833984375 0.0224609375 0.021484375
2 0.060546875 0.4990234375 0.0244140625 0.01953125
2 0.0517578125 0.513671875 0.0263671875 0.0205078125
2 0.0390625 0.533203125 0.02734375 0.017578125
2 0.0283203125 0.544921875 0.025390625 0.021484375
2 0.017578125 0.5625 0.025390625 0.021484375
2 0.0986328125 0.65625 0.0302734375 0.0263671875
2 0.0078125 0.58203125 0.015625 0.0234375