0 0.7900390625 0.00390625 0.03515625 0.0078125
0 0.787109375 0.0205078125 0.03515625 0.03125
0 0.7841796875 0.0576171875 0.037109375 0.046875
0 0.779296875 0.091796875 0.037109375 0.02734375
0 0.7783203125 0.1279296875 0.03125 0.04296875
0 0.7724609375 0.162109375 0.03515625 0.02734375
0 0.771484375 0.1982421875 0.03125 0.044921875
0 0.767578125 0.23046875 0.03125 0.025390625
0 0.7646484375 0.2666015625 0.029296875 0.04296875
0 0.7607421875 0.2998046875 0.03125 0.02734375
0 0.7587890625 0.3330078125 0.03515625 0.0390625
0 0.7529296875 0.3662109375 0.03515625 0.03125
0 0.751953125 0.3974609375 0.03515625 0.04296875
0 0.748046875 0.4296875 0.033203125 0.033203125
0 0.74609375 0.4609375 0.03515625 0.04296875
0 0.7421875 0.4912109375 0.03515625 0.029296875
0 0.7392578125 0.5224609375 0.037109375 0.04296875
0 0.7373046875 0.55078125 0.03515625 0.03125
0 0.7333984375 0.58203125 0.03125 0.04296875
0 0.7314453125 0.611328125 0.03515625 0.029296875
0 0.728515625 0.640625 0.03515625 0.041015625
0 0.72265625 0.6708984375 0.03515625 0.025390625
0 0.724609375 0.693359375 0.03515625 0.02734375
0 0.7177734375 0.755859375 0.03515625 0.0390625
0 0.71484375 0.783203125 0.03515625 0.02734375
0 0.712890625 0.810546875 0.03125 0.037109375
0 0.708984375 0.837890625 0.03515625 0.0234375
0 0.708984375 0.865234375 0.03125 0.037109375
0 0.705078125 0.892578125 0.03125 0.0234375
0 0.7021484375 0.919921875 0.03125 0.03515625
0 0.69921875 0.943359375 0.03515625 0.025390625
0 0.6982421875 0.970703125 0.03125 0.033203125
0 0.6962890625 0.9921875 0.03515625 0.015625
3 0.8603515625 0.994140625 0.119140625 0.01171875
3 0.8115234375 0.9638671875 0.052734375 0.05859375
2 0.8486328125 0.943359375 0.05078125 0.0234375
2 0.859375 0.9189453125 0.05078125 0.025390625
2 0.8701171875 0.8955078125 0.05078125 0.01953125
2 0.8837890625 0.8740234375 0.0546875 0.0234375
2 0.89453125 0.8515625 0.05078125 0.01953125
2 0.9033203125 0.8310546875 0.05078125 0.017578125
2 0.921875 0.787109375 0.05078125 0.01953125
2 0.93359375 0.7666015625 0.046875 0.01953125
2 0.9423828125 0.74609375 0.052734375 0.021484375
2 0.9521484375 0.724609375 0.046875 0.01953125
0 0.9296875 0.681640625 0.02734375 0.017578125
0 0.93359375 0.6572265625 0.03125 0.03125
0 0.9365234375 0.630859375 0.029296875 0.0234375
0 0.94140625 0.6044921875 0.02734375 0.03515625
0 0.9443359375 0.578125 0.029296875 0.025390625
0 0.9482421875 0.55078125 0.02734375 0.033203125
0 0.9521484375 0.5244140625 0.03125 0.0234375
0 0.95703125 0.498046875 0.02734375 0.03515625
0 0.95703125 0.4697265625 0.029296875 0.025390625
0 0.9609375 0.44140625 0.03125 0.037109375
0 0.9658203125 0.4150390625 0.029296875 0.0234375
0 0.96875 0.384765625 0.029296875 0.037109375
0 0.9716796875 0.357421875 0.03125 0.029296875
0 0.9775390625 0.326171875 0.03125 0.03515625
0 0.9794921875 0.298828125 0.02734375 0.02734375
0 0.98046875 0.2705078125 0.03125 0.04296875
0 0.984375 0.2412109375 0.029296875 0.02734375
0 0.9873046875 0.2109375 0.025390625 0.041015625
0 0.9912109375 0.1796875 0.017578125 0.03125
0 0.9931640625 0.1474609375 0.013671875 0.04296875
0 0.9931640625 0.1171875 0.013671875 0.0234375
0 0.99609375 0.0869140625 0.0078125 0.037109375
0 0.99609375 0.0517578125 0.0078125 0.029296875
4 0.60546875 0.9599609375 0.1484375 0.080078125
1 0.658203125 0.87890625 0.05078125 0.037109375
0 0.607421875 0.896484375 0.033203125 0.01953125
0 0.62109375 0.8818359375 0.015625 0.0234375
0 0.60546875 0.8701171875 0.0390625 0.013671875
0 0.5869140625 0.8818359375 0.033203125 0.021484375
0 0.5615234375 0.8955078125 0.037109375 0.01953125
0 0.53515625 0.884765625 0.03515625 0.01953125
0 0.5126953125 0.8974609375 0.0390625 0.0234375
0 0.48828125 0.8837890625 0.03515625 0.021484375
0 0.51171875 0.8720703125 0.02734375 0.01171875
0 0.4853515625 0.90625 0.0234375 0.01171875
0 0.4638671875 0.8974609375 0.03125 0.01953125
0 0.4365234375 0.9072265625 0.01953125 0.01171875
0 0.4189453125 0.900390625 0.0234375 0.015625
0 0.384765625 0.9072265625 0.02734375 0.013671875
0 0.36328125 0.8994140625 0.03515625 0.01953125
0 0.3779296875 0.8857421875 0.013671875 0.0078125
0 0.3427734375 0.890625 0.03125 0.01171875
0 0.3173828125 0.900390625 0.037109375 0.01953125
0 0.33984375 0.90625 0.02734375 0.009765625
4 0.6533203125 0.779296875 0.09765625 0.0546875
1 0.6083984375 0.71484375 0.037109375 0.0234375
1 0.6064453125 0.7509765625 0.0390625 0.02734375
1 0.5556640625 0.7822265625 0.056640625 0.015625
0 0.4716796875 0.73828125 0.03125 0.021484375
1 0.47265625 0.720703125 0.03125 0.017578125
1 0.47265625 0.7607421875 0.02734375 0.0234375
1 0.568359375 0.69140625 0.07421875 0.01171875
1 0.5146484375 0.7373046875 0.03125 0.041015625
4 0.6201171875 0.5478515625 0.19140625 0.060546875
4 0.2685546875 0.7490234375 0.1640625 0.15625
0 0.275390625 0.646484375 0.05859375 0.04296875
0 0.2705078125 0.8447265625 0.0546875 0.041015625
1 0.234375 0.896484375 0.06640625 0.041015625
1 0.2412109375 0.587890625 0.072265625 0.04296875
1 0.2138671875 0.6552734375 0.04296875 0.09375
1 0.3271484375 0.6513671875 0.056640625 0.04296875
1 0.3662109375 0.666015625 0.025390625 0.01953125
1 0.3583984375 0.703125 0.03125 0.056640625
1 0.357421875 0.7900390625 0.03125 0.0703125
1 0.328125 0.8369140625 0.044921875 0.03125
0 0.6337890625 0.501953125 0.03515625 0.01171875
0 0.6376953125 0.5263671875 0.03515625 0.01953125
0 0.611328125 0.5107421875 0.037109375 0.01953125
0 0.560546875 0.51171875 0.04296875 0.01953125
0 0.533203125 0.501953125 0.03515625 0.01171875
0 0.509765625 0.5126953125 0.033203125 0.0234375
0 0.5048828125 0.5380859375 0.0390625 0.015625
0 0.4833984375 0.5244140625 0.03125 0.0234375
0 0.478515625 0.501953125 0.03515625 0.013671875
0 0.4560546875 0.51171875 0.03515625 0.0234375
0 0.455078125 0.5390625 0.03515625 0.015625
0 0.431640625 0.5263671875 0.03515625 0.01953125
0 0.4287109375 0.501953125 0.03515625 0.01171875
0 0.4033203125 0.51171875 0.03515625 0.0234375
0 0.3779296875 0.525390625 0.03515625 0.01953125
0 0.3544921875 0.51171875 0.037109375 0.025390625
0 0.326171875 0.5234375 0.0390625 0.0234375
0 0.349609375 0.5400390625 0.0390625 0.01953125
0 0.3251953125 0.5009765625 0.0390625 0.009765625
0 0.2998046875 0.5087890625 0.0390625 0.017578125
0 0.30078125 0.5361328125 0.02734375 0.015625
0 0.2763671875 0.525390625 0.029296875 0.015625
4 0.0224609375 0.099609375 0.04296875 0.046875
4 0.244140625 0.3076171875 0.37890625 0.08984375
4 0.6494140625 0.03125 0.236328125 0.0625
4 0.63671875 0.294921875 0.21484375 0.0625
4 0.49609375 0.3310546875 0.1953125 0.06640625
4 0.4130859375 0.390625 0.099609375 0.033203125
4 0.404296875 0.4111328125 0.0546875 0.013671875
4 0.423828125 0.4384765625 0.0703125 0.015625
4 0.41015625 0.0595703125 0.11328125 0.037109375
4 0.435546875 0.123046875 0.23046875 0.052734375
4 0.4921875 0.1875 0.04296875 0.01171875
4 0.4912109375 0.212890625 0.0390625 0.015625
4 0.412109375 0.19921875 0.2109375 0.03515625
4 0.416015625 0.1669921875 0.27734375 0.04296875
0 0.62890625 0.26953125 0.046875 0.0234375
0 0.5791015625 0.265625 0.03515625 0.01953125
0 0.5205078125 0.2646484375 0.0390625 0.015625
0 0.498046875 0.279296875 0.037109375 0.01953125
0 0.46875 0.2646484375 0.03515625 0.01953125
0 0.439453125 0.2783203125 0.0390625 0.01953125
0 0.3876953125 0.279296875 0.03515625 0.02734375
0 0.353515625 0.263671875 0.033203125 0.017578125
0 0.2958984375 0.2646484375 0.041015625 0.01953125
0 0.248046875 0.263671875 0.037109375 0.015625
0 0.1845703125 0.2626953125 0.0390625 0.01953125
0 0.642578125 0.0087890625 0.05078125 0.017578125
0 0.5888671875 0.0068359375 0.0390625 0.013671875
0 0.587890625 0.03515625 0.04296875 0.0234375
0 0.529296875 0.037109375 0.044921875 0.01953125
0 0.5341796875 0.0068359375 0.03515625 0.013671875
0 0.5009765625 0.0205078125 0.041015625 0.0234375
0 0.4716796875 0.0078125 0.0390625 0.015625
0 0.4716796875 0.0361328125 0.04296875 0.01953125
0 0.4482421875 0.01953125 0.04296875 0.0234375
0 0.419921875 0.0068359375 0.03515625 0.013671875
0 0.421875 0.033203125 0.0390625 0.01953125
0 0.3916015625 0.0185546875 0.041015625 0.0234375
0 0.36328125 0.0068359375 0.0390625 0.013671875
0 0.3603515625 0.033203125 0.04296875 0.0234375
0 0.3349609375 0.0185546875 0.0390625 0.02734375
0 0.3056640625 0.0048828125 0.03515625 0.009765625
0 0.3037109375 0.03125 0.03515625 0.021484375
0 0.279296875 0.017578125 0.04296875 0.03125
0 0.24609375 0.005859375 0.03515625 0.01171875
0 0.2470703125 0.0302734375 0.03515625 0.0234375
0 0.21875 0.015625 0.044921875 0.02734375
0 0.1923828125 0.0048828125 0.04296875 0.009765625
0 0.1904296875 0.0302734375 0.04296875 0.0234375
1 0.0244140625 0.41796875 0.048828125 0.046875
1 0.0205078125 0.45703125 0.041015625 0.04296875
1 0.0205078125 0.5078125 0.041015625 0.0546875
1 0.0205078125 0.544921875 0.041015625 0.0234375
1 0.029296875 0.845703125 0.046875 0.025390625
1 0.0302734375 0.818359375 0.048828125 0.029296875
1 0.0302734375 0.7861328125 0.048828125 0.03125
1 0.0263671875 0.7568359375 0.048828125 0.029296875
1 0.02734375 0.7216796875 0.044921875 0.03125
1 0.0244140625 0.693359375 0.048828125 0.029296875
1 0.0224609375 0.6552734375 0.04296875 0.02734375
1 0.021484375 0.62890625 0.04296875 0.03125
1 0.0234375 0.5927734375 0.046875 0.029296875
1 0.0244140625 0.564453125 0.046875 0.02734375