0 0.900390625 0.3515625 0.19921875 0.46875
1 0.466796875 0.060546875 0.39453125 0.12109375
1 0.4833984375 0.162109375 0.408203125 0.1484375
1 0.48828125 0.259765625 0.32421875 0.099609375
1 0.4951171875 0.3544921875 0.3125 0.125
1 0.4970703125 0.4248046875 0.29296875 0.107421875
1 0.517578125 0.4892578125 0.3203125 0.078125
1 0.5126953125 0.5439453125 0.3125 0.064453125
1 0.5185546875 0.60546875 0.291015625 0.07421875
1 0.5224609375 0.6533203125 0.2734375 0.078125
1 0.5458984375 0.69140625 0.27734375 0.060546875
1 0.5380859375 0.7255859375 0.26953125 0.0546875
1 0.5751953125 0.7587890625 0.28125 0.046875
1 0.5859375 0.8037109375 0.23828125 0.046875
1 0.5966796875 0.8505859375 0.23828125 0.056640625
1 0.6171875 0.8935546875 0.19921875 0.037109375
1 0.6455078125 0.9296875 0.1875 0.03515625
1 0.087890625 0.0869140625 0.17578125 0.171875
1 0.1240234375 0.3125 0.24609375 0.31640625
1 0.169921875 0.572265625 0.33984375 0.2109375
1 0.25 0.755859375 0.3125 0.1484375
1 0.8896484375 0.65234375 0.220703125 0.1328125
1 0.9052734375 0.7900390625 0.189453125 0.09765625
1 0.90234375 0.91015625 0.1953125 0.13671875