4 0.4443359375 0.49609375 0.5 0.373046875
1 0.6181640625 0.984375 0.0703125 0.03125
1 0.6240234375 0.95703125 0.07421875 0.03515625
1 0.6337890625 0.921875 0.068359375 0.03515625
1 0.64453125 0.8837890625 0.076171875 0.048828125
1 0.658203125 0.8447265625 0.078125 0.04296875
1 0.66796875 0.8095703125 0.078125 0.0390625
1 0.6767578125 0.7666015625 0.080078125 0.05078125
1 0.6904296875 0.734375 0.078125 0.0390625
1 0.7041015625 0.6962890625 0.078125 0.0390625
1 0.7421875 0.654296875 0.025390625 0.0390625
1 0.7294921875 0.603515625 0.08203125 0.05078125
1 0.7412109375 0.556640625 0.078125 0.0546875
1 0.767578125 0.46875 0.08203125 0.05078125
1 0.78125 0.4189453125 0.087890625 0.048828125
1 0.802734375 0.3662109375 0.09375 0.0546875
1 0.8154296875 0.3134765625 0.1015625 0.05859375
1 0.8310546875 0.2568359375 0.1015625 0.05859375
1 0.8486328125 0.1982421875 0.109375 0.052734375
1 0.859375 0.140625 0.09765625 0.0625
1 0.8818359375 0.0771484375 0.107421875 0.05859375
1 0.90234375 0.0205078125 0.11328125 0.041015625