4 0.369140625 0.568359375 0.517578125 0.505859375
4 0.2060546875 0.6416015625 0.0673828125 0.15625
4 0.2880859375 0.6240234375 0.1796875 0.1591796875
4 0.4599609375 0.6279296875 0.125 0.16796875
1 0.025390625 0.8837890625 0.0498046875 0.103515625
1 0.0986328125 0.8935546875 0.0966796875 0.1025390625
1 0.1875 0.9033203125 0.0849609375 0.095703125
1 0.2646484375 0.916015625 0.0771484375 0.0947265625
1 0.337890625 0.9267578125 0.076171875 0.09375
1 0.408203125 0.93359375 0.0693359375 0.0888671875
1 0.4755859375 0.943359375 0.0634765625 0.08203125
1 0.5390625 0.9521484375 0.0703125 0.08203125
1 0.5986328125 0.9609375 0.060546875 0.0712890625
1 0.6494140625 0.9638671875 0.0556640625 0.0693359375
1 0.7041015625 0.9697265625 0.056640625 0.060546875
1 0.75390625 0.9736328125 0.0419921875 0.052734375
1 0.7978515625 0.978515625 0.0458984375 0.04296875
1 0.84375 0.9794921875 0.04296875 0.041015625
1 0.884765625 0.984375 0.03515625 0.03125
1 0.9228515625 0.98828125 0.033203125 0.0234375