0 0.2900390625 0.0732421875 0.193359375 0.146484375
0 0.513671875 0.0703125 0.1884765625 0.140625
0 0.5029296875 0.2236328125 0.2060546875 0.15625
0 0.2939453125 0.2333984375 0.18359375 0.1572265625
0 0.2998046875 0.3994140625 0.2001953125 0.15625
0 0.5048828125 0.3974609375 0.169921875 0.1640625
0 0.2958984375 0.5556640625 0.1767578125 0.15625
0 0.5029296875 0.5556640625 0.1953125 0.1611328125
0 0.291015625 0.724609375 0.177734375 0.162109375
0 0.494140625 0.7275390625 0.1923828125 0.1611328125
0 0.29296875 0.876953125 0.1611328125 0.140625
0 0.5087890625 0.8720703125 0.1865234375 0.1435546875
1 0.0517578125 0.087890625 0.103515625 0.17578125
1 0.0634765625 0.2822265625 0.12109375 0.21484375
1 0.0517578125 0.4794921875 0.103515625 0.2099609375
1 0.05859375 0.673828125 0.111328125 0.1962890625
1 0.0615234375 0.849609375 0.123046875 0.1875
1 0.7998046875 0.08984375 0.1396484375 0.1787109375
1 0.7880859375 0.275390625 0.140625 0.208984375
1 0.7822265625 0.4755859375 0.1484375 0.2158203125
1 0.7724609375 0.6640625 0.1435546875 0.197265625
1 0.7646484375 0.845703125 0.150390625 0.1953125