0 0.1650390625 0.1572265625 0.1171875 0.0703125
0 0.103515625 0.326171875 0.11328125 0.0625
0 0.0478515625 0.5087890625 0.095703125 0.0703125
0 0.0478515625 0.6591796875 0.095703125 0.044921875
0 0.1455078125 0.76171875 0.099609375 0.041015625
0 0.2333984375 0.84765625 0.08203125 0.037109375
0 0.6259765625 0.3798828125 0.16015625 0.091796875
0 0.6494140625 0.7216796875 0.169921875 0.072265625
1 0.95703125 0.01953125 0.0546875 0.0390625
1 0.9658203125 0.0576171875 0.056640625 0.04296875
1 0.9716796875 0.0986328125 0.056640625 0.046875
1 0.98046875 0.1376953125 0.0390625 0.04296875
1 0.982421875 0.1708984375 0.03515625 0.0390625
1 0.7919921875 0.01171875 0.08984375 0.0234375
1 0.80078125 0.0341796875 0.091796875 0.05078125
1 0.814453125 0.064453125 0.087890625 0.0546875
1 0.828125 0.095703125 0.078125 0.05078125
1 0.8349609375 0.1318359375 0.08203125 0.048828125
1 0.84375 0.1630859375 0.087890625 0.0546875
1 0.849609375 0.19140625 0.080078125 0.041015625
1 0.640625 0.0146484375 0.05078125 0.029296875
1 0.65234375 0.048828125 0.05859375 0.048828125
1 0.66796875 0.0859375 0.052734375 0.046875
1 0.6845703125 0.1240234375 0.0546875 0.046875
1 0.69921875 0.16015625 0.05078125 0.03515625
1 0.6748046875 0.1943359375 0.126953125 0.091796875
1 0.650390625 0.283203125 0.14453125 0.09375
1 0.611328125 0.453125 0.146484375 0.07421875
1 0.5966796875 0.533203125 0.15625 0.10546875
1 0.5986328125 0.63671875 0.14453125 0.05078125
1 0.6708984375 0.76953125 0.1171875 0.05078125
1 0.626953125 0.6875 0.12109375 0.05078125
1 0.69921875 0.8154296875 0.12109375 0.0625
1 0.40234375 0.2109375 0.17578125 0.056640625
1 0.388671875 0.25390625 0.193359375 0.07421875
1 0.3720703125 0.3046875 0.185546875 0.0546875
1 0.3544921875 0.349609375 0.201171875 0.068359375
1 0.3408203125 0.396484375 0.1796875 0.048828125
1 0.32421875 0.443359375 0.19140625 0.0625
1 0.30859375 0.494140625 0.1796875 0.0625
1 0.2958984375 0.5400390625 0.203125 0.06640625
1 0.302734375 0.62109375 0.1875 0.064453125
1 0.3515625 0.6787109375 0.15625 0.078125
1 0.396484375 0.7353515625 0.14453125 0.072265625
1 0.439453125 0.7880859375 0.16015625 0.06640625
1 0.1572265625 0.2109375 0.125 0.060546875
1 0.1376953125 0.267578125 0.140625 0.05859375
1 0.08984375 0.3798828125 0.125 0.06640625
1 0.064453125 0.4462890625 0.12890625 0.0625
1 0.0390625 0.5654296875 0.078125 0.056640625
1 0.041015625 0.6201171875 0.08203125 0.052734375
1 0.08984375 0.6943359375 0.109375 0.05078125
1 0.119140625 0.7333984375 0.1171875 0.046875
1 0.1796875 0.7841796875 0.1015625 0.0390625
1 0.205078125 0.8173828125 0.095703125 0.048828125