1 0.0888671875 0.869140625 0.177734375 0.08984375
1 0.0595703125 0.9658203125 0.119140625 0.06640625
4 0.5068359375 0.978515625 0.341796875 0.04296875
1 0.6201171875 0.865234375 0.2109375 0.080078125
1 0.4052734375 0.8681640625 0.21875 0.08203125
0 0.728515625 0.802734375 0.08203125 0.04296875
1 0.6552734375 0.7919921875 0.078125 0.0234375
1 0.64453125 0.8115234375 0.09375 0.01953125
1 0.6005859375 0.8017578125 0.04296875 0.041015625
0 0.5185546875 0.8037109375 0.140625 0.04296875
1 0.419921875 0.8046875 0.0703125 0.0390625
1 0.3671875 0.7919921875 0.09765625 0.01953125
1 0.353515625 0.818359375 0.0625 0.01953125
0 0.298828125 0.8076171875 0.09765625 0.0390625
1 0.630859375 0.7294921875 0.23046875 0.095703125
1 0.39453125 0.7333984375 0.23828125 0.1015625
1 0.6484375 0.4697265625 0.29296875 0.13671875
1 0.365234375 0.4765625 0.27734375 0.14453125
0 0.8017578125 0.35546875 0.109375 0.0703125
1 0.6943359375 0.3349609375 0.119140625 0.03515625
1 0.6904296875 0.3779296875 0.12109375 0.03515625
1 0.3212890625 0.3369140625 0.154296875 0.04296875
1 0.3212890625 0.3759765625 0.14453125 0.03515625
1 0.6318359375 0.357421875 0.09765625 0.06640625
1 0.3955078125 0.3544921875 0.09765625 0.064453125
0 0.2138671875 0.35546875 0.126953125 0.06640625
0 0.515625 0.3564453125 0.177734375 0.068359375
1 0.6826171875 0.2099609375 0.33984375 0.1953125
1 0.3408203125 0.2119140625 0.345703125 0.201171875
4 0.53125 0.0537109375 0.59765625 0.107421875