0 0.361328125 0.0068359375 0.15625 0.01171875
0 0.35546875 0.04296875 0.171875 0.0703125
0 0.3447265625 0.0751953125 0.171875 0.076171875
0 0.3271484375 0.1259765625 0.20703125 0.078125
0 0.3076171875 0.193359375 0.21875 0.078125
0 0.2919921875 0.26171875 0.23046875 0.076171875
0 0.26953125 0.333984375 0.2109375 0.0859375
0 0.263671875 0.40625 0.19140625 0.072265625
0 0.22265625 0.4833984375 0.234375 0.095703125
0 0.2041015625 0.572265625 0.234375 0.0859375
0 0.16796875 0.6767578125 0.240234375 0.109375
0 0.1328125 0.7900390625 0.2265625 0.126953125
0 0.107421875 0.923828125 0.21484375 0.13671875
1 0.67578125 0.0107421875 0.26953125 0.021484375
1 0.666015625 0.0615234375 0.2734375 0.123046875
1 0.650390625 0.185546875 0.28125 0.17578125
1 0.6416015625 0.37109375 0.3203125 0.1953125
1 0.5947265625 0.6083984375 0.396484375 0.26171875
1 0.5791015625 0.869140625 0.53125 0.26171875