4 0.2861328125 0.9140625 0.451171875 0.171875
4 0.310546875 0.78515625 0.107421875 0.138671875
4 0.2451171875 0.70703125 0.0625 0.060546875
4 0.25 0.654296875 0.07421875 0.0703125
4 0.25 0.5361328125 0.15234375 0.17578125
4 0.150390625 0.6337890625 0.08203125 0.08203125
4 0.15234375 0.5302734375 0.08984375 0.080078125
4 0.1484375 0.4345703125 0.09765625 0.08203125
4 0.2451171875 0.4111328125 0.078125 0.07421875
4 0.2294921875 0.37890625 0.080078125 0.087890625
4 0.2685546875 0.279296875 0.162109375 0.1484375
4 0.2587890625 0.140625 0.4453125 0.279296875
4 0.4765625 0.75 0.396484375 0.2109375
4 0.4384765625 0.2802734375 0.4453125 0.23828125
4 0.6376953125 0.537109375 0.44140625 0.353515625