0 0.4501953125 0.228515625 0.04296875 0.0546875
0 0.5029296875 0.2431640625 0.048828125 0.05859375
0 0.5537109375 0.259765625 0.041015625 0.0546875
0 0.603515625 0.2900390625 0.0390625 0.05078125
0 0.642578125 0.3291015625 0.0390625 0.052734375
0 0.6787109375 0.3720703125 0.0390625 0.044921875
0 0.70703125 0.4189453125 0.03515625 0.05078125
0 0.7294921875 0.474609375 0.0390625 0.052734375
0 0.73828125 0.52734375 0.0390625 0.04296875
0 0.732421875 0.5810546875 0.0390625 0.05078125
0 0.7216796875 0.638671875 0.041015625 0.05078125
0 0.69921875 0.693359375 0.0390625 0.0546875
0 0.6669921875 0.7314453125 0.03515625 0.05078125
0 0.6240234375 0.763671875 0.04296875 0.048828125
0 0.5751953125 0.7861328125 0.04296875 0.05078125
0 0.515625 0.80078125 0.046875 0.056640625
0 0.4599609375 0.7978515625 0.0390625 0.0625
0 0.400390625 0.7890625 0.046875 0.05859375
0 0.3466796875 0.7666015625 0.046875 0.0625
0 0.2900390625 0.732421875 0.048828125 0.0703125
0 0.244140625 0.6875 0.046875 0.06640625
0 0.2109375 0.6376953125 0.04296875 0.0625
0 0.1845703125 0.5888671875 0.041015625 0.0546875
0 0.166015625 0.53125 0.0546875 0.056640625
0 0.1650390625 0.470703125 0.046875 0.0703125
0 0.1748046875 0.4189453125 0.046875 0.06640625
0 0.1923828125 0.3623046875 0.04296875 0.05078125
0 0.2197265625 0.318359375 0.0390625 0.0546875
0 0.2568359375 0.2861328125 0.046875 0.0625
0 0.3017578125 0.25390625 0.046875 0.0625
0 0.3447265625 0.2392578125 0.044921875 0.052734375
0 0.3984375 0.2294921875 0.041015625 0.056640625
0 0.056640625 0.9228515625 0.06640625 0.0625
0 0.1279296875 0.927734375 0.0625 0.0625
0 0.19921875 0.931640625 0.0546875 0.0546875
0 0.2734375 0.935546875 0.06640625 0.064453125
0 0.34375 0.9423828125 0.064453125 0.0703125
0 0.4111328125 0.9482421875 0.05859375 0.05859375
0 0.482421875 0.9521484375 0.05859375 0.060546875
0 0.55078125 0.953125 0.060546875 0.0625
0 0.6240234375 0.958984375 0.056640625 0.05859375
0 0.6923828125 0.9599609375 0.052734375 0.05859375
0 0.7646484375 0.9609375 0.0546875 0.0546875
0 0.8330078125 0.96484375 0.05859375 0.0625
0 0.9033203125 0.96875 0.0546875 0.05078125
0 0.9736328125 0.97265625 0.048828125 0.0546875
1 0.443359375 0.33203125 0.08984375 0.17578125
1 0.57421875 0.396484375 0.12109375 0.1328125
1 0.6279296875 0.517578125 0.1640625 0.091796875
1 0.3193359375 0.3798828125 0.12890625 0.14453125
1 0.2822265625 0.490234375 0.17578125 0.109375
1 0.3369140625 0.6181640625 0.14453125 0.140625
1 0.4599609375 0.677734375 0.0859375 0.16796875
1 0.578125 0.6328125 0.142578125 0.16015625
1 0.6689453125 0.6025390625 0.041015625 0.0859375
1 0.6572265625 0.4375 0.04296875 0.07421875
1 0.5263671875 0.3046875 0.0546875 0.06640625
1 0.3564453125 0.2890625 0.06640625 0.056640625
1 0.232421875 0.4013671875 0.0390625 0.080078125
1 0.2333984375 0.576171875 0.05078125 0.08203125
1 0.3662109375 0.716796875 0.06640625 0.05859375
1 0.5556640625 0.7275390625 0.060546875 0.05859375