3 0.5087890625 0.7109375 0.49609375 0.232421875
3 0.408203125 0.046875 0.48828125 0.09375
2 0.052734375 0.9912109375 0.091796875 0.017578125
2 0.1123046875 0.978515625 0.076171875 0.02734375
2 0.171875 0.962890625 0.0859375 0.03515625
2 0.2294921875 0.947265625 0.08203125 0.033203125
2 0.287109375 0.9326171875 0.08203125 0.03515625
2 0.3486328125 0.91015625 0.09765625 0.037109375
2 0.4052734375 0.87890625 0.109375 0.048828125
2 0.4638671875 0.84765625 0.109375 0.0390625
2 0.5224609375 0.818359375 0.115234375 0.0390625
2 0.7109375 0.70703125 0.06640625 0.03125
2 0.7060546875 0.6767578125 0.078125 0.029296875
2 0.7021484375 0.6455078125 0.076171875 0.033203125
2 0.6923828125 0.6181640625 0.08984375 0.033203125
2 0.6845703125 0.5908203125 0.0859375 0.03515625
2 0.671875 0.556640625 0.0859375 0.037109375
2 0.65625 0.5185546875 0.0859375 0.041015625
2 0.6474609375 0.48046875 0.09375 0.0390625
2 0.630859375 0.4404296875 0.09765625 0.04296875
2 0.6220703125 0.3916015625 0.1015625 0.048828125
2 0.6025390625 0.3427734375 0.109375 0.048828125
2 0.5869140625 0.2890625 0.12109375 0.06640625
2 0.568359375 0.2294921875 0.12109375 0.068359375
2 0.5458984375 0.1640625 0.126953125 0.0625
2 0.53125 0.1123046875 0.138671875 0.0390625
1 0.94921875 0.037109375 0.1015625 0.05859375
1 0.9541015625 0.099609375 0.091796875 0.0625
1 0.9560546875 0.166015625 0.087890625 0.0625
1 0.958984375 0.2333984375 0.08203125 0.068359375
1 0.9609375 0.3017578125 0.078125 0.06640625
1 0.9638671875 0.3642578125 0.0703125 0.056640625
1 0.9677734375 0.4248046875 0.0625 0.0625
1 0.9697265625 0.484375 0.05859375 0.046875
1 0.9736328125 0.5400390625 0.05078125 0.064453125
1 0.974609375 0.6025390625 0.05078125 0.056640625
1 0.984375 0.6572265625 0.03125 0.0390625
1 0.982421875 0.7158203125 0.03515625 0.068359375
1 0.810546875 0.77734375 0.04296875 0.029296875
1 0.8134765625 0.80859375 0.04296875 0.03515625
1 0.8193359375 0.83984375 0.0390625 0.02734375
1 0.82421875 0.869140625 0.04296875 0.02734375
1 0.828125 0.8974609375 0.0390625 0.029296875
1 0.830078125 0.9267578125 0.048828125 0.03125
1 0.8408203125 0.9580078125 0.056640625 0.03125
1 0.8427734375 0.9873046875 0.046875 0.0234375
1 0.7138671875 0.896484375 0.041015625 0.015625
1 0.712890625 0.9140625 0.0390625 0.017578125
1 0.71484375 0.9326171875 0.03515625 0.01953125
1 0.7216796875 0.9541015625 0.041015625 0.01953125
1 0.724609375 0.974609375 0.0390625 0.01953125
1 0.7275390625 0.9921875 0.0390625 0.015625
1 0.6669921875 0.91015625 0.0390625 0.0234375
1 0.642578125 0.9130859375 0.04296875 0.025390625
1 0.62109375 0.9169921875 0.04296875 0.03125
1 0.595703125 0.9228515625 0.033203125 0.0234375
1 0.5771484375 0.93359375 0.03125 0.021484375
1 0.5556640625 0.94140625 0.02734375 0.01953125
1 0.53515625 0.9482421875 0.03125 0.01953125
1 0.5146484375 0.9541015625 0.025390625 0.015625
1 0.49609375 0.962890625 0.0234375 0.015625
1 0.6201171875 0.9931640625 0.080078125 0.013671875
1 0.6796875 0.9677734375 0.03515625 0.021484375
1 0.6826171875 0.9912109375 0.0390625 0.017578125
1 0.654296875 0.94921875 0.0390625 0.029296875
1 0.6162109375 0.958984375 0.044921875 0.02734375
1 0.5712890625 0.9736328125 0.05859375 0.029296875
1 0.5224609375 0.986328125 0.05078125 0.02734375
1 0.46875 0.994140625 0.044921875 0.01171875
2 0.6162109375 0.8603515625 0.08984375 0.046875
2 0.5478515625 0.890625 0.0703125 0.044921875
2 0.4921875 0.919921875 0.078125 0.04296875
2 0.4404296875 0.947265625 0.07421875 0.041015625
2 0.3798828125 0.978515625 0.07421875 0.041015625
2 0.31640625 0.9921875 0.068359375 0.015625