3 0.560546875 0.5029296875 0.6376953125 0.994140625
1 0.025390625 0.6201171875 0.05078125 0.064453125
1 0.078125 0.62109375 0.0556640625 0.0546875
1 0.1201171875 0.619140625 0.0302734375 0.0546875
1 0.162109375 0.6181640625 0.064453125 0.052734375
1 0.208984375 0.6171875 0.03515625 0.0517578125
1 0.25 0.6171875 0.0615234375 0.056640625
2 0.0361328125 0.87890625 0.072265625 0.2421875
2 0.07421875 0.8291015625 0.1259765625 0.203125
2 0.1748046875 0.8603515625 0.181640625 0.267578125
2 0.263671875 0.8203125 0.1298828125 0.2041015625
2 0.359375 0.8583984375 0.1630859375 0.2822265625
1 0.2880859375 0.1689453125 0.0517578125 0.173828125
1 0.287109375 0.2978515625 0.044921875 0.0986328125
1 0.376953125 0.142578125 0.0546875 0.0859375
1 0.419921875 0.0732421875 0.0439453125 0.0771484375
1 0.595703125 0.083984375 0.0712890625 0.111328125
1 0.73828125 0.115234375 0.0498046875 0.1845703125
1 0.736328125 0.27734375 0.0576171875 0.154296875
1 0.8955078125 0.419921875 0.0712890625 0.1142578125
1 0.9638671875 0.41796875 0.072265625 0.12109375