1 0.57421875 0.3408203125 0.53515625 0.2578125
1 0.546875 0.50390625 0.48828125 0.099609375
1 0.5625 0.68359375 0.51171875 0.26953125
1 0.3388671875 0.05859375 0.498046875 0.1171875
0 0.248046875 0.8134765625 0.1015625 0.08203125
0 0.248046875 0.73046875 0.1171875 0.078125
0 0.2568359375 0.6611328125 0.11328125 0.07421875
0 0.251953125 0.580078125 0.11328125 0.078125
0 0.25390625 0.4677734375 0.109375 0.083984375
0 0.2568359375 0.3857421875 0.11328125 0.078125
0 0.2607421875 0.314453125 0.109375 0.072265625
0 0.2578125 0.2392578125 0.111328125 0.076171875
0 0.25390625 0.1572265625 0.1171875 0.08203125