1 0.6015625 0.0498046875 0.23828125 0.09765625
1 0.40625 0.076171875 0.20703125 0.15234375
1 0.2109375 0.064453125 0.17578125 0.0703125
1 0.2568359375 0.205078125 0.18359375 0.18359375
1 0.1611328125 0.4033203125 0.09765625 0.11328125
1 0.2109375 0.3515625 0.107421875 0.091796875
1 0.3056640625 0.3330078125 0.1015625 0.0703125
1 0.625 0.1767578125 0.201171875 0.16796875
1 0.6591796875 0.4150390625 0.10546875 0.05859375
1 0.6884765625 0.3203125 0.08203125 0.06640625
1 0.662109375 0.6044921875 0.10546875 0.080078125
1 0.6806640625 0.6884765625 0.119140625 0.08984375
1 0.4775390625 0.7666015625 0.1640625 0.12109375
1 0.6298828125 0.833984375 0.197265625 0.171875
1 0.619140625 0.9541015625 0.25 0.091796875
1 0.439453125 0.916015625 0.18359375 0.16796875
1 0.4111328125 0.767578125 0.109375 0.15234375
1 0.4775390625 0.763671875 0.146484375 0.140625
1 0.275390625 0.7802734375 0.203125 0.21484375
1 0.212890625 0.6171875 0.13671875 0.15234375
1 0.330078125 0.6591796875 0.09765625 0.07421875
1 0.1748046875 0.853515625 0.068359375 0.15625
1 0.2744140625 0.92578125 0.1640625 0.11328125
0 0.181640625 0.9814453125 0.06640625 0.037109375
0 0.2421875 0.982421875 0.0625 0.03515625
0 0.3095703125 0.9951171875 0.07421875 0.009765625