1 0.80859375 0.28125 0.27734375 0.3203125
1 0.8203125 0.5947265625 0.2890625 0.3046875
1 0.8251953125 0.8974609375 0.255859375 0.205078125
1 0.4765625 0.5947265625 0.26171875 0.3359375
1 0.470703125 0.2744140625 0.26953125 0.30859375
1 0.453125 0.896484375 0.255859375 0.20703125
1 0.12109375 0.2314453125 0.2421875 0.1796875
1 0.1240234375 0.3798828125 0.248046875 0.12109375
1 0.12890625 0.5244140625 0.2578125 0.169921875
1 0.1328125 0.6796875 0.265625 0.140625
1 0.138671875 0.7666015625 0.2578125 0.1171875
1 0.12109375 0.8642578125 0.2421875 0.09765625
1 0.1025390625 0.9521484375 0.205078125 0.095703125