2 0.302734375 0.091796875 0.1044921875 0.13671875
2 0.2626953125 0.197265625 0.1044921875 0.13671875
2 0.212890625 0.3017578125 0.11328125 0.1240234375
2 0.1826171875 0.4150390625 0.0986328125 0.126953125
2 0.1474609375 0.5185546875 0.0966796875 0.130859375
2 0.0986328125 0.62890625 0.0986328125 0.1396484375
2 0.05859375 0.73828125 0.091796875 0.1357421875
2 0.72265625 0.125 0.064453125 0.11328125
2 0.7900390625 0.2255859375 0.1064453125 0.126953125
2 0.875 0.3271484375 0.0888671875 0.1328125
2 0.94921875 0.427734375 0.1015625 0.1181640625
2 0.57421875 0.6171875 0.1025390625 0.146484375
2 0.6591796875 0.7001953125 0.080078125 0.16015625
2 0.73828125 0.794921875 0.107421875 0.1650390625
2 0.8359375 0.90234375 0.0830078125 0.154296875
2 0.5234375 0.4970703125 0.056640625 0.115234375
2 0.3974609375 0.474609375 0.0849609375 0.1259765625
2 0.392578125 0.6064453125 0.1240234375 0.1552734375
2 0.3466796875 0.701171875 0.1455078125 0.1611328125
2 0.3173828125 0.794921875 0.12890625 0.1513671875
2 0.27734375 0.90234375 0.12109375 0.140625
2 0.234375 0.95703125 0.10546875 0.0859375