0 0.236328125 0.673828125 0.05859375 0.037109375
0 0.2373046875 0.6259765625 0.056640625 0.041015625
0 0.25 0.5751953125 0.056640625 0.0390625
0 0.265625 0.52734375 0.060546875 0.0390625
0 0.3017578125 0.482421875 0.05859375 0.03515625
0 0.3427734375 0.4375 0.0546875 0.03515625
0 0.3857421875 0.4013671875 0.0546875 0.03515625
0 0.4404296875 0.3681640625 0.0625 0.037109375
0 0.4921875 0.34375 0.068359375 0.033203125
0 0.5576171875 0.3251953125 0.060546875 0.03515625
0 0.6142578125 0.314453125 0.0625 0.0390625
0 0.6748046875 0.31640625 0.05859375 0.0390625
0 0.7294921875 0.3251953125 0.0546875 0.037109375
0 0.779296875 0.3447265625 0.0546875 0.0390625
0 0.8173828125 0.3740234375 0.05859375 0.0390625
0 0.8486328125 0.4052734375 0.0625 0.05078125
0 0.865234375 0.44921875 0.0625 0.0390625
0 0.873046875 0.4990234375 0.06640625 0.04296875
0 0.865234375 0.5498046875 0.06640625 0.046875
0 0.84375 0.6005859375 0.072265625 0.04296875
0 0.8115234375 0.6533203125 0.07421875 0.044921875
0 0.7685546875 0.7021484375 0.07421875 0.04296875
0 0.716796875 0.7431640625 0.0703125 0.041015625
0 0.65625 0.7802734375 0.06640625 0.046875
0 0.5966796875 0.80078125 0.0703125 0.052734375
0 0.52734375 0.8212890625 0.072265625 0.046875
0 0.462890625 0.8271484375 0.0625 0.0390625
0 0.4052734375 0.822265625 0.05859375 0.044921875
0 0.3564453125 0.80859375 0.0546875 0.04296875
0 0.3125 0.783203125 0.05078125 0.033203125
0 0.27734375 0.751953125 0.0625 0.0390625
0 0.2548828125 0.7138671875 0.0625 0.037109375
0 0.9375 0.9921875 0.05078125 0.015625
0 0.9501953125 0.943359375 0.076171875 0.048828125
0 0.9619140625 0.8828125 0.07421875 0.052734375
0 0.96875 0.81640625 0.0625 0.05078125
0 0.9775390625 0.7548828125 0.044921875 0.046875
0 0.9853515625 0.69140625 0.029296875 0.0546875
0 0.9921875 0.630859375 0.015625 0.044921875