3 0.6328125 0.955078125 0.1640625 0.05859375
0 0.63671875 0.9912109375 0.03125 0.017578125
0 0.6005859375 0.9921875 0.033203125 0.015625
0 0.560546875 0.9912109375 0.03515625 0.017578125
0 0.5166015625 0.9921875 0.03515625 0.015625
0 0.537109375 0.984375 0.03515625 0.013671875
0 0.4970703125 0.984375 0.03515625 0.015625
0 0.48046875 0.9921875 0.033203125 0.015625
0 0.458984375 0.9853515625 0.0390625 0.015625
0 0.439453125 0.9921875 0.03125 0.015625
0 0.41796875 0.982421875 0.03125 0.013671875
0 0.400390625 0.9921875 0.02734375 0.015625
0 0.3818359375 0.9873046875 0.03515625 0.0234375
0 0.3623046875 0.9921875 0.04296875 0.015625
0 0.31640625 0.9912109375 0.03515625 0.015625
0 0.30859375 0.9482421875 0.025390625 0.01171875
0 0.3623046875 0.9482421875 0.02734375 0.01171875
0 0.4150390625 0.9482421875 0.02734375 0.01171875
0 0.4697265625 0.94921875 0.029296875 0.01171875
0 0.4697265625 0.8291015625 0.02734375 0.015625
0 0.4130859375 0.830078125 0.02734375 0.013671875
0 0.361328125 0.8291015625 0.03515625 0.01171875
0 0.3056640625 0.828125 0.03125 0.01171875
0 0.2548828125 0.8291015625 0.02734375 0.013671875
1 0.6376953125 0.890625 0.03125 0.015625
1 0.5849609375 0.8916015625 0.033203125 0.017578125
1 0.5302734375 0.8916015625 0.03125 0.01953125
1 0.482421875 0.890625 0.02734375 0.017578125
1 0.224609375 0.998046875 0.015625 0.00390625
1 0.224609375 0.990234375 0.017578125 0.01171875
1 0.2255859375 0.978515625 0.017578125 0.0078125
1 0.2255859375 0.9677734375 0.015625 0.009765625
1 0.2255859375 0.9560546875 0.015625 0.01171875
1 0.2255859375 0.9423828125 0.015625 0.01171875
1 0.2265625 0.9306640625 0.015625 0.0078125
1 0.224609375 0.9033203125 0.015625 0.01171875
1 0.224609375 0.87890625 0.015625 0.009765625
1 0.224609375 0.8525390625 0.01171875 0.01171875
1 0.2255859375 0.8408203125 0.01953125 0.01171875
1 0.2255859375 0.8271484375 0.015625 0.01171875
1 0.2255859375 0.8134765625 0.015625 0.01171875
1 0.193359375 0.8173828125 0.021484375 0.015625
1 0.193359375 0.802734375 0.017578125 0.013671875
1 0.19140625 0.787109375 0.017578125 0.015625
1 0.1953125 0.7734375 0.01953125 0.01171875
1 0.224609375 0.759765625 0.015625 0.01171875
1 0.2255859375 0.7470703125 0.013671875 0.01171875
1 0.224609375 0.734375 0.015625 0.01171875
1 0.224609375 0.720703125 0.015625 0.01171875
1 0.2265625 0.7080078125 0.015625 0.01171875
1 0.2236328125 0.69921875 0.015625 0.01171875
1 0.224609375 0.6845703125 0.015625 0.01171875
1 0.2236328125 0.6708984375 0.015625 0.01171875
0 0.6904296875 0.796875 0.03515625 0.025390625
0 0.6669921875 0.783203125 0.04296875 0.0234375
0 0.6435546875 0.7978515625 0.03515625 0.01953125
0 0.6181640625 0.78515625 0.041015625 0.0234375
0 0.615234375 0.806640625 0.03125 0.01171875
0 0.5966796875 0.798828125 0.037109375 0.015625
0 0.5703125 0.8046875 0.0390625 0.013671875
0 0.5712890625 0.78125 0.0390625 0.01953125
0 0.548828125 0.796875 0.033203125 0.01953125
0 0.525390625 0.8037109375 0.03515625 0.015625
0 0.5224609375 0.78125 0.0390625 0.01953125
0 0.5458984375 0.771484375 0.03515625 0.015625
0 0.501953125 0.794921875 0.04296875 0.01953125
0 0.4765625 0.7783203125 0.0390625 0.01953125
0 0.4970703125 0.7705078125 0.03515625 0.015625
0 0.4736328125 0.8037109375 0.0390625 0.01171875
0 0.453125 0.7939453125 0.0390625 0.021484375
0 0.431640625 0.7802734375 0.0390625 0.01953125
0 0.4091796875 0.79296875 0.03515625 0.021484375
0 0.384765625 0.7783203125 0.0390625 0.0234375
0 0.3603515625 0.7919921875 0.03515625 0.0234375
0 0.33203125 0.8037109375 0.03515625 0.009765625
0 0.3369140625 0.7783203125 0.04296875 0.021484375
0 0.3154296875 0.7919921875 0.0390625 0.0234375
0 0.29296875 0.77734375 0.033203125 0.01953125
0 0.2705078125 0.79296875 0.03515625 0.01953125
0 0.2421875 0.8037109375 0.037109375 0.01171875
0 0.2255859375 0.7900390625 0.03515625 0.021484375
0 0.24609375 0.77734375 0.041015625 0.01953125
0 0.5478515625 0.6796875 0.03515625 0.01953125
0 0.611328125 0.6669921875 0.0390625 0.017578125
0 0.6484375 0.666015625 0.037109375 0.015625
0 0.53125 0.666015625 0.03515625 0.01953125
0 0.5048828125 0.6787109375 0.037109375 0.015625
0 0.4697265625 0.6787109375 0.03515625 0.015625
0 0.484375 0.6640625 0.0390625 0.01953125
0 0.4501953125 0.666015625 0.03125 0.01953125
0 0.42578125 0.6767578125 0.037109375 0.017578125
0 0.38671875 0.6748046875 0.037109375 0.01953125
0 0.345703125 0.6767578125 0.03515625 0.015625
0 0.306640625 0.67578125 0.03125 0.013671875
1 0.646484375 0.5927734375 0.03515625 0.021484375
1 0.59765625 0.591796875 0.02734375 0.01953125
1 0.5458984375 0.591796875 0.03125 0.01953125
4 0.9482421875 0.7998046875 0.05859375 0.025390625
1 0.7734375 0.98828125 0.0390625 0.0234375
1 0.7744140625 0.96484375 0.037109375 0.0234375
1 0.775390625 0.943359375 0.041015625 0.029296875
1 0.77734375 0.9189453125 0.04296875 0.02734375
1 0.779296875 0.896484375 0.041015625 0.02734375
1 0.78125 0.873046875 0.0390625 0.0234375
1 0.7822265625 0.849609375 0.0390625 0.02734375
1 0.8330078125 0.8759765625 0.05078125 0.017578125
1 0.830078125 0.853515625 0.05078125 0.02734375
1 0.83203125 0.8271484375 0.05859375 0.02734375
1 0.833984375 0.798828125 0.056640625 0.0390625
1 0.8359375 0.771484375 0.05078125 0.037109375
1 0.8359375 0.7451171875 0.048828125 0.033203125
1 0.8408203125 0.716796875 0.05078125 0.03515625
1 0.8408203125 0.685546875 0.046875 0.03125
1 0.84375 0.658203125 0.05078125 0.033203125
1 0.849609375 0.630859375 0.04296875 0.033203125
1 0.849609375 0.6015625 0.04296875 0.03125
1 0.853515625 0.572265625 0.0546875 0.0390625
1 0.853515625 0.544921875 0.046875 0.037109375
1 0.8583984375 0.51171875 0.05078125 0.03515625
1 0.857421875 0.4833984375 0.046875 0.037109375
1 0.857421875 0.4521484375 0.044921875 0.03515625
1 0.86328125 0.4228515625 0.046875 0.033203125
1 0.8623046875 0.390625 0.05078125 0.03515625
1 0.8681640625 0.359375 0.044921875 0.0390625
1 0.8720703125 0.33203125 0.05078125 0.037109375
1 0.873046875 0.3017578125 0.05078125 0.033203125
1 0.8740234375 0.2646484375 0.046875 0.037109375
1 0.87890625 0.234375 0.05078125 0.0390625
1 0.8837890625 0.2021484375 0.041015625 0.0390625
1 0.8818359375 0.169921875 0.04296875 0.02734375
3 0.666015625 0.744140625 0.1875 0.06640625
3 0.642578125 0.7158203125 0.16796875 0.046875
3 0.69140625 0.2783203125 0.2109375 0.07421875
3 0.671875 0.103515625 0.1875 0.068359375