4 0.3974609375 0.8544921875 0.294921875 0.15625
4 0.4755859375 0.4287109375 0.30859375 0.16015625
1 0.83203125 0.0078125 0.15234375 0.015625
1 0.71484375 0.0390625 0.146484375 0.078125
1 0.560546875 0.1728515625 0.4140625 0.2421875
1 0.650390625 0.294921875 0.12890625 0.0859375
1 0.73046875 0.3359375 0.171875 0.08984375
1 0.7744140625 0.421875 0.140625 0.111328125
1 0.6982421875 0.50390625 0.13671875 0.06640625
1 0.591796875 0.5498046875 0.12109375 0.060546875
1 0.470703125 0.6533203125 0.375 0.1640625
1 0.53515625 0.7421875 0.1328125 0.0703125
1 0.6162109375 0.767578125 0.140625 0.08984375
1 0.6513671875 0.83984375 0.123046875 0.109375
1 0.5888671875 0.9052734375 0.12109375 0.068359375
1 0.482421875 0.94921875 0.095703125 0.048828125
1 0.3974609375 0.98828125 0.314453125 0.0234375
0 0.09375 0.978515625 0.1875 0.04296875
0 0.1123046875 0.7744140625 0.22265625 0.130859375
0 0.1376953125 0.4912109375 0.251953125 0.130859375
1 0.25 0.0361328125 0.1484375 0.0703125
1 0.1015625 0.0361328125 0.16015625 0.0703125
1 0.19140625 0.5986328125 0.109375 0.078125
1 0.0634765625 0.5966796875 0.126953125 0.072265625
1 0.1708984375 0.66796875 0.125 0.068359375
1 0.0546875 0.671875 0.109375 0.068359375
4 0.15234375 0.900390625 0.125 0.09375
4 0.044921875 0.9052734375 0.08984375 0.103515625