0 0.8525390625 0.0302734375 0.046875 0.01953125
0 0.8974609375 0.0361328125 0.021484375 0.04296875
0 0.931640625 0.0517578125 0.0234375 0.04296875
1 0.8779296875 0.0380859375 0.03125 0.033203125
1 0.9130859375 0.03125 0.02734375 0.025390625
1 0.9140625 0.0576171875 0.03125 0.02734375
1 0.94921875 0.0498046875 0.0390625 0.03125
1 0.7060546875 0.0400390625 0.05078125 0.0234375
1 0.763671875 0.0654296875 0.060546875 0.021484375
1 0.7490234375 0.0361328125 0.078125 0.015625
1 0.7900390625 0.052734375 0.1484375 0.0390625
1 0.8916015625 0.10546875 0.1171875 0.021484375
1 0.912109375 0.0966796875 0.052734375 0.009765625
1 0.962890625 0.1552734375 0.0390625 0.025390625
1 0.9755859375 0.1689453125 0.048828125 0.029296875
1 0.9775390625 0.2138671875 0.044921875 0.06640625
1 0.9833984375 0.259765625 0.033203125 0.046875
1 0.98046875 0.3173828125 0.0390625 0.0859375
1 0.984375 0.37109375 0.03125 0.0546875
1 0.9814453125 0.4228515625 0.037109375 0.087890625
1 0.984375 0.61328125 0.03125 0.0859375
1 0.98828125 0.6669921875 0.0234375 0.03125
1 0.9853515625 0.7216796875 0.02734375 0.091796875
1 0.990234375 0.7783203125 0.01953125 0.029296875
1 0.9873046875 0.8232421875 0.025390625 0.076171875
1 0.984375 0.875 0.03125 0.03515625
0 0.95703125 0.9716796875 0.060546875 0.03125
1 0.7978515625 0.96875 0.10546875 0.021484375
1 0.728515625 0.888671875 0.046875 0.078125
1 0.7705078125 0.880859375 0.0546875 0.078125
1 0.8232421875 0.8671875 0.046875 0.072265625
1 0.853515625 0.859375 0.0390625 0.0703125
1 0.8837890625 0.8525390625 0.041015625 0.07421875
1 0.921875 0.845703125 0.044921875 0.07421875
1 0.9345703125 0.8037109375 0.03515625 0.033203125
1 0.935546875 0.7705078125 0.0390625 0.0390625
1 0.9365234375 0.7353515625 0.037109375 0.03515625
1 0.9306640625 0.69921875 0.029296875 0.0390625
1 0.931640625 0.6640625 0.029296875 0.03125
1 0.9326171875 0.6298828125 0.03515625 0.0390625
1 0.9326171875 0.5966796875 0.033203125 0.0390625
1 0.9296875 0.55859375 0.029296875 0.04296875
1 0.9306640625 0.521484375 0.0390625 0.048828125
1 0.92578125 0.4765625 0.03515625 0.04296875
1 0.927734375 0.443359375 0.03125 0.03515625
1 0.9267578125 0.41015625 0.03515625 0.04296875
1 0.92578125 0.375 0.03515625 0.0390625
1 0.9248046875 0.337890625 0.0390625 0.037109375
1 0.92578125 0.302734375 0.033203125 0.03125
1 0.92578125 0.2724609375 0.0390625 0.04296875
1 0.927734375 0.2392578125 0.03515625 0.03515625
1 0.9052734375 0.19921875 0.0390625 0.0859375
1 0.8701171875 0.1865234375 0.03515625 0.08984375
1 0.84375 0.17578125 0.04296875 0.091796875
1 0.8037109375 0.166015625 0.04296875 0.091796875
1 0.7548828125 0.1494140625 0.048828125 0.09375
1 0.716796875 0.140625 0.046875 0.09375
1 0.716796875 0.216796875 0.05859375 0.05078125
1 0.72265625 0.2880859375 0.06640625 0.1015625
1 0.7734375 0.2236328125 0.046875 0.046875
1 0.8310546875 0.2451171875 0.05859375 0.046875
1 0.8759765625 0.2607421875 0.052734375 0.0390625
1 0.87890625 0.3046875 0.048828125 0.0703125
1 0.8212890625 0.2998046875 0.06640625 0.068359375
1 0.857421875 0.359375 0.044921875 0.0625
1 0.8837890625 0.4462890625 0.046875 0.083984375
1 0.884765625 0.5185546875 0.037109375 0.0546875
1 0.8857421875 0.5703125 0.046875 0.0625
1 0.8857421875 0.64453125 0.05859375 0.107421875
1 0.8876953125 0.748046875 0.056640625 0.09765625
1 0.83984375 0.71875 0.052734375 0.0859375
1 0.830078125 0.7861328125 0.072265625 0.05078125
1 0.7216796875 0.7158203125 0.05078125 0.0546875
1 0.7236328125 0.810546875 0.041015625 0.0625
1 0.7646484375 0.7958984375 0.05078125 0.048828125
0 0.677734375 0.6923828125 0.033203125 0.107421875
0 0.6787109375 0.7998046875 0.037109375 0.11328125
0 0.6806640625 0.9052734375 0.033203125 0.109375
0 0.6142578125 0.9501953125 0.076171875 0.06640625
0 0.55078125 0.9697265625 0.08203125 0.060546875
0 0.49609375 0.9755859375 0.068359375 0.048828125
0 0.4326171875 0.9853515625 0.0859375 0.029296875
0 0.3369140625 0.96484375 0.046875 0.0703125
0 0.337890625 0.861328125 0.046875 0.140625
0 0.3369140625 0.732421875 0.04296875 0.12890625
0 0.3310546875 0.240234375 0.044921875 0.14453125
0 0.326171875 0.1005859375 0.0390625 0.146484375
0 0.3251953125 0.01953125 0.03515625 0.0390625
0 0.427734375 0.005859375 0.09765625 0.01171875
0 0.5078125 0.025390625 0.115234375 0.05078125
0 0.58984375 0.0400390625 0.06640625 0.072265625
0 0.6455078125 0.0576171875 0.05859375 0.046875
0 0.658203125 0.0927734375 0.04296875 0.10546875
0 0.662109375 0.19921875 0.0390625 0.11328125
0 0.6630859375 0.30078125 0.037109375 0.11328125
0 0.671875 0.3828125 0.03515625 0.056640625
0 0.6787109375 0.61328125 0.041015625 0.046875
1 0.615234375 0.42578125 0.05859375 0.09765625
1 0.623046875 0.564453125 0.05859375 0.09765625
1 0.6220703125 0.650390625 0.0625 0.087890625
1 0.625 0.7373046875 0.0546875 0.083984375
1 0.625 0.8310546875 0.064453125 0.1015625
1 0.5791015625 0.8505859375 0.08203125 0.12109375
1 0.5302734375 0.8564453125 0.044921875 0.130859375
1 0.4853515625 0.8671875 0.0625 0.12109375
1 0.419921875 0.8798828125 0.0859375 0.13671875
1 0.4130859375 0.76953125 0.080078125 0.111328125
1 0.412109375 0.6650390625 0.08203125 0.107421875
1 0.4111328125 0.560546875 0.078125 0.1171875
1 0.408203125 0.4853515625 0.078125 0.0625
1 0.408203125 0.408203125 0.078125 0.111328125
1 0.40625 0.30078125 0.078125 0.11328125
1 0.4072265625 0.19921875 0.076171875 0.107421875
1 0.4150390625 0.0966796875 0.09765625 0.1484375
1 0.466796875 0.109375 0.07421875 0.138671875
1 0.5146484375 0.1259765625 0.0546875 0.1171875
1 0.5556640625 0.1376953125 0.05078125 0.11328125
1 0.60546875 0.15234375 0.0625 0.11328125
1 0.6064453125 0.2470703125 0.0625 0.09375
1 0.6162109375 0.3369140625 0.072265625 0.0703125
0 0.5244140625 0.4892578125 0.07421875 0.11328125
1 0.529296875 0.2939453125 0.06640625 0.162109375
1 0.4794921875 0.4892578125 0.04296875 0.291015625
1 0.556640625 0.48828125 0.0546875 0.27734375
1 0.51953125 0.70703125 0.06640625 0.16796875