0 0.412109375 0.2412109375 0.2734375 0.06640625
0 0.4130859375 0.3173828125 0.30859375 0.0703125
0 0.431640625 0.40234375 0.37109375 0.06640625
0 0.4287109375 0.5849609375 0.40234375 0.109375
0 0.435546875 0.7763671875 0.4765625 0.162109375
0 0.4345703125 0.966796875 0.615234375 0.06640625
0 0.048828125 0.5126953125 0.078125 0.033203125
0 0.03125 0.5576171875 0.0625 0.033203125
0 0.0234375 0.607421875 0.046875 0.03515625
0 0.05859375 0.4736328125 0.06640625 0.0234375
1 0.841796875 0.9892578125 0.109375 0.021484375
1 0.8271484375 0.9580078125 0.09765625 0.052734375
1 0.8046875 0.9140625 0.09375 0.05078125
1 0.798828125 0.8759765625 0.09765625 0.046875
1 0.7822265625 0.8330078125 0.0859375 0.052734375
1 0.7724609375 0.7958984375 0.08984375 0.052734375
1 0.763671875 0.763671875 0.09375 0.046875
1 0.7529296875 0.7294921875 0.087890625 0.04296875
1 0.736328125 0.693359375 0.0859375 0.046875
1 0.7294921875 0.6650390625 0.08203125 0.046875