3 0.064453125 0.36328125 0.056640625 0.1591796875
0 0.0146484375 0.337890625 0.0146484375 0.025390625
0 0.0263671875 0.359375 0.021484375 0.0302734375
0 0.013671875 0.3779296875 0.0185546875 0.0322265625
0 0.025390625 0.39453125 0.01953125 0.0322265625
0 0.013671875 0.419921875 0.0166015625 0.029296875
0 0.02734375 0.43359375 0.0224609375 0.0341796875
0 0.013671875 0.453125 0.017578125 0.03125
0 0.025390625 0.4765625 0.01953125 0.033203125
0 0.0361328125 0.4560546875 0.013671875 0.0341796875
0 0.03515625 0.4951171875 0.015625 0.0341796875
0 0.0146484375 0.49609375 0.01953125 0.0361328125
0 0.025390625 0.51171875 0.01953125 0.0322265625
0 0.015625 0.533203125 0.017578125 0.0361328125
0 0.03515625 0.5322265625 0.013671875 0.037109375
0 0.0263671875 0.5517578125 0.0205078125 0.03125
0 0.01171875 0.5732421875 0.0205078125 0.033203125
0 0.0380859375 0.572265625 0.0126953125 0.029296875
0 0.0283203125 0.58984375 0.015625 0.025390625
0 0.0146484375 0.609375 0.017578125 0.0322265625
0 0.0322265625 0.607421875 0.021484375 0.0341796875
0 0.025390625 0.626953125 0.021484375 0.041015625
0 0.013671875 0.6435546875 0.021484375 0.0322265625
0 0.0146484375 0.6474609375 0.017578125 0.0400390625
0 0.015625 0.6884765625 0.0166015625 0.0380859375
0 0.029296875 0.6708984375 0.0146484375 0.0341796875
0 0.0712890625 0.6787109375 0.0107421875 0.025390625
0 0.0703125 0.626953125 0.0107421875 0.025390625
0 0.0703125 0.5751953125 0.01171875 0.025390625
0 0.0703125 0.5224609375 0.0107421875 0.0283203125
0 0.1865234375 0.5224609375 0.0146484375 0.0263671875
0 0.1865234375 0.5771484375 0.0126953125 0.0263671875
0 0.1875 0.6279296875 0.01171875 0.03515625
0 0.1875 0.681640625 0.01171875 0.0302734375
0 0.1875 0.73046875 0.013671875 0.025390625
1 0.126953125 0.3583984375 0.015625 0.03125
1 0.1259765625 0.41015625 0.017578125 0.0322265625
1 0.1259765625 0.462890625 0.0185546875 0.0302734375
1 0.126953125 0.509765625 0.0166015625 0.0263671875
1 0.01953125 0.7607421875 0.01171875 0.015625
1 0.0302734375 0.7607421875 0.0107421875 0.0166015625
1 0.041015625 0.759765625 0.0078125 0.017578125
1 0.0517578125 0.759765625 0.009765625 0.015625
1 0.0634765625 0.759765625 0.0107421875 0.015625
1 0.0771484375 0.759765625 0.01171875 0.0146484375
1 0.087890625 0.7587890625 0.0087890625 0.0166015625
1 0.115234375 0.7607421875 0.0126953125 0.015625
1 0.138671875 0.7607421875 0.009765625 0.0146484375
1 0.1640625 0.7607421875 0.0107421875 0.01171875
1 0.1748046875 0.759765625 0.01171875 0.0185546875
1 0.1884765625 0.759765625 0.0126953125 0.0146484375
1 0.2021484375 0.759765625 0.0126953125 0.0146484375
1 0.1982421875 0.791015625 0.0146484375 0.0205078125
1 0.212890625 0.791015625 0.013671875 0.017578125
1 0.2275390625 0.79296875 0.0146484375 0.017578125
1 0.2412109375 0.7890625 0.01171875 0.0185546875
1 0.2548828125 0.7607421875 0.009765625 0.015625
1 0.267578125 0.759765625 0.01171875 0.0126953125
1 0.279296875 0.7607421875 0.0126953125 0.0146484375
1 0.29296875 0.7607421875 0.01171875 0.0146484375
1 0.3046875 0.7587890625 0.0107421875 0.015625
1 0.314453125 0.76171875 0.01171875 0.0146484375
1 0.3271484375 0.7607421875 0.0126953125 0.0146484375
1 0.3408203125 0.76171875 0.0107421875 0.015625
0 0.2177734375 0.3076171875 0.0244140625 0.03515625
0 0.2314453125 0.3291015625 0.0224609375 0.041015625
0 0.216796875 0.3525390625 0.01953125 0.033203125
0 0.23046875 0.376953125 0.021484375 0.0400390625
0 0.208984375 0.3798828125 0.01171875 0.03125
0 0.216796875 0.3984375 0.0166015625 0.0361328125
0 0.2109375 0.423828125 0.013671875 0.037109375
0 0.2333984375 0.4228515625 0.01953125 0.0380859375
0 0.2177734375 0.4443359375 0.0185546875 0.0322265625
0 0.2119140625 0.4677734375 0.0146484375 0.0361328125
0 0.2333984375 0.470703125 0.01953125 0.037109375
0 0.2431640625 0.4482421875 0.015625 0.0341796875
0 0.220703125 0.4912109375 0.0205078125 0.041015625
0 0.236328125 0.515625 0.017578125 0.0390625
0 0.244140625 0.4951171875 0.0146484375 0.03515625
0 0.2119140625 0.5185546875 0.0126953125 0.0380859375
0 0.220703125 0.5380859375 0.0205078125 0.0390625
0 0.2353515625 0.5595703125 0.0185546875 0.0390625
0 0.22265625 0.5810546875 0.0205078125 0.0341796875
0 0.236328125 0.6044921875 0.0234375 0.0380859375
0 0.2236328125 0.6279296875 0.0224609375 0.03515625
0 0.2119140625 0.6552734375 0.009765625 0.03515625
0 0.236328125 0.6513671875 0.0205078125 0.0419921875
0 0.22265625 0.671875 0.0234375 0.037109375
0 0.2373046875 0.6943359375 0.017578125 0.0322265625
0 0.22265625 0.716796875 0.0185546875 0.03515625
0 0.2119140625 0.744140625 0.0107421875 0.0361328125
0 0.224609375 0.759765625 0.021484375 0.033203125
0 0.2373046875 0.7392578125 0.0185546875 0.0400390625
0 0.3330078125 0.4462890625 0.017578125 0.03515625
0 0.3447265625 0.3837890625 0.0166015625 0.0380859375
0 0.345703125 0.34765625 0.015625 0.0361328125
0 0.3466796875 0.4619140625 0.01953125 0.0341796875
0 0.333984375 0.4873046875 0.015625 0.0361328125
0 0.3330078125 0.5224609375 0.0166015625 0.033203125
0 0.34765625 0.5068359375 0.0205078125 0.0380859375
0 0.3466796875 0.541015625 0.0185546875 0.029296875
0 0.3349609375 0.564453125 0.0166015625 0.0361328125
0 0.3369140625 0.6025390625 0.0185546875 0.0361328125
0 0.3359375 0.642578125 0.0146484375 0.0341796875
0 0.3359375 0.6806640625 0.013671875 0.0322265625
1 0.4169921875 0.3505859375 0.0205078125 0.03515625
1 0.41796875 0.3974609375 0.0185546875 0.025390625
1 0.41796875 0.447265625 0.0185546875 0.03125
4 0.2158203125 0.056640625 0.0244140625 0.0576171875
1 0.0107421875 0.228515625 0.0205078125 0.0390625
1 0.0322265625 0.2265625 0.0234375 0.0380859375
1 0.0546875 0.224609375 0.021484375 0.0361328125
1 0.076171875 0.2236328125 0.029296875 0.0400390625
1 0.099609375 0.22265625 0.025390625 0.041015625
1 0.12109375 0.220703125 0.0263671875 0.0400390625
1 0.1435546875 0.21875 0.0224609375 0.037109375
1 0.1669921875 0.2177734375 0.025390625 0.037109375
1 0.1416015625 0.16796875 0.0166015625 0.048828125
1 0.1630859375 0.171875 0.0283203125 0.05078125
1 0.189453125 0.1689453125 0.02734375 0.05859375
1 0.216796875 0.1669921875 0.0380859375 0.0556640625
1 0.2431640625 0.1650390625 0.0361328125 0.0498046875
1 0.26953125 0.1650390625 0.03125 0.0478515625
1 0.296875 0.16015625 0.033203125 0.05078125
1 0.3271484375 0.16015625 0.03125 0.0458984375
1 0.353515625 0.1572265625 0.0322265625 0.0478515625
1 0.380859375 0.15234375 0.033203125 0.04296875
1 0.4091796875 0.15234375 0.03125 0.04296875
1 0.4375 0.1484375 0.0380859375 0.0537109375
1 0.4638671875 0.1484375 0.0361328125 0.0458984375
1 0.49609375 0.1435546875 0.033203125 0.05078125
1 0.5234375 0.14453125 0.0361328125 0.0458984375
1 0.5537109375 0.14453125 0.0341796875 0.0439453125
1 0.5830078125 0.138671875 0.033203125 0.046875
1 0.6142578125 0.1396484375 0.033203125 0.048828125
1 0.64453125 0.1337890625 0.0380859375 0.0439453125
1 0.671875 0.1298828125 0.0361328125 0.0498046875
1 0.701171875 0.12890625 0.0322265625 0.0498046875
1 0.7373046875 0.12890625 0.0361328125 0.0439453125
1 0.7666015625 0.123046875 0.037109375 0.048828125
1 0.7978515625 0.119140625 0.0380859375 0.0400390625
1 0.8291015625 0.1201171875 0.025390625 0.04296875
3 0.26953125 0.3310546875 0.064453125 0.1826171875
3 0.2978515625 0.353515625 0.0458984375 0.1640625
3 0.7236328125 0.306640625 0.0712890625 0.2060546875
3 0.8935546875 0.32421875 0.06640625 0.181640625