0 0.0263671875 0.6181640625 0.037109375 0.05078125
0 0.09765625 0.62109375 0.037109375 0.06640625
0 0.1708984375 0.625 0.0390625 0.052734375
0 0.2421875 0.6201171875 0.041015625 0.05859375
0 0.31640625 0.6279296875 0.0390625 0.05078125
0 0.390625 0.62890625 0.0390625 0.05078125
0 0.4677734375 0.63671875 0.03515625 0.046875
0 0.5478515625 0.6376953125 0.04296875 0.046875
0 0.623046875 0.6376953125 0.03515625 0.0625
0 0.6962890625 0.6416015625 0.04296875 0.056640625
0 0.8671875 0.64453125 0.044921875 0.05859375
0 0.951171875 0.6484375 0.04296875 0.048828125
0 0.958984375 0.5146484375 0.08203125 0.095703125
0 0.9599609375 0.37890625 0.04296875 0.046875
0 0.8330078125 0.513671875 0.09765625 0.087890625
0 0.873046875 0.373046875 0.05078125 0.046875
0 0.6962890625 0.509765625 0.10546875 0.08203125
0 0.7890625 0.3779296875 0.04296875 0.0546875
0 0.580078125 0.3623046875 0.046875 0.05078125
0 0.55859375 0.51171875 0.09375 0.103515625
0 0.5009765625 0.369140625 0.04296875 0.048828125
0 0.431640625 0.5009765625 0.1015625 0.0859375
0 0.4248046875 0.3671875 0.046875 0.05078125
0 0.3525390625 0.3662109375 0.044921875 0.052734375
0 0.2734375 0.369140625 0.05078125 0.0625
0 0.3095703125 0.5029296875 0.095703125 0.095703125
0 0.181640625 0.50390625 0.0859375 0.087890625
0 0.205078125 0.3603515625 0.04296875 0.05078125
0 0.1337890625 0.353515625 0.0390625 0.0546875
0 0.068359375 0.4912109375 0.08984375 0.06640625
0 0.0087890625 0.40625 0.017578125 0.044921875