2 0.072265625 0.3076171875 0.14453125 0.109375
2 0.18359375 0.265625 0.14453125 0.109375
2 0.294921875 0.212890625 0.130859375 0.119140625
2 0.4130859375 0.1806640625 0.1328125 0.10546875
2 0.5234375 0.1435546875 0.13671875 0.1015625
2 0.6396484375 0.0927734375 0.1484375 0.10546875
2 0.7548828125 0.05078125 0.14453125 0.09765625
2 0.107421875 0.75 0.119140625 0.068359375
2 0.2138671875 0.8212890625 0.1328125 0.11328125
2 0.3212890625 0.9111328125 0.140625 0.09375
2 0.4267578125 0.9677734375 0.125 0.064453125
2 0.626953125 0.59375 0.154296875 0.107421875
2 0.71484375 0.68359375 0.16796875 0.083984375
2 0.814453125 0.767578125 0.173828125 0.11328125
2 0.9228515625 0.869140625 0.154296875 0.087890625
2 0.5009765625 0.5400390625 0.12109375 0.05859375
2 0.4765625 0.4072265625 0.1328125 0.08984375
2 0.615234375 0.40234375 0.1640625 0.130859375
2 0.71484375 0.353515625 0.169921875 0.15234375
2 0.814453125 0.322265625 0.16015625 0.13671875
2 0.9267578125 0.2802734375 0.146484375 0.12890625
2 0.970703125 0.236328125 0.05859375 0.11328125