4 0.474609375 0.5908203125 0.55078125 0.697265625
0 0.0908203125 0.1591796875 0.109375 0.08203125
0 0.3876953125 0.1552734375 0.10546875 0.078125
0 0.7021484375 0.154296875 0.09765625 0.076171875
0 0.9912109375 0.15625 0.017578125 0.078125
1 0.2333984375 0.1572265625 0.19921875 0.078125
1 0.546875 0.154296875 0.2109375 0.080078125
1 0.8662109375 0.154296875 0.234375 0.07421875
1 0.169921875 0.7763671875 0.33984375 0.2109375
1 0.8505859375 0.8017578125 0.298828125 0.224609375
1 0.8544921875 0.505859375 0.291015625 0.3671875
1 0.1513671875 0.5009765625 0.30078125 0.33984375
1 0.1142578125 0.27734375 0.16015625 0.080078125
1 0.875 0.283203125 0.146484375 0.07421875