4 0.5 0.6064453125 1 0.404296875
2 0.7177734375 0.3544921875 0.564453125 0.310546875
2 0.9365234375 0.8583984375 0.125 0.064453125
0 0.0234375 0.12890625 0.046875 0.080078125
0 0.095703125 0.1181640625 0.099609375 0.07421875
0 0.1826171875 0.10546875 0.09375 0.08203125
0 0.275390625 0.095703125 0.09765625 0.0859375
0 0.376953125 0.0830078125 0.109375 0.08984375
0 0.486328125 0.072265625 0.1015625 0.09375
0 0.6005859375 0.05859375 0.109375 0.095703125
0 0.720703125 0.046875 0.12109375 0.091796875
0 0.8623046875 0.041015625 0.12890625 0.08203125
0 0.9658203125 0.0361328125 0.068359375 0.072265625