1 0.23828125 0.6376953125 0.19140625 0.1171875
1 0.4375 0.642578125 0.2001953125 0.099609375
1 0.6201171875 0.6416015625 0.1640625 0.1083984375
1 0.7978515625 0.6337890625 0.140625 0.109375
0 0.3447265625 0.5224609375 0.2431640625 0.111328125
0 0.2421875 0.4541015625 0.1240234375 0.1943359375
0 0.498046875 0.4541015625 0.255859375 0.17578125
0 0.5966796875 0.51953125 0.123046875 0.103515625
0 0.3466796875 0.333984375 0.2783203125 0.18359375
0 0.2197265625 0.2216796875 0.1640625 0.19921875
0 0.3369140625 0.091796875 0.234375 0.1748046875
0 0.48828125 0.0390625 0.171875 0.078125
0 0.5966796875 0.09375 0.1630859375 0.1845703125
0 0.49609375 0.212890625 0.2626953125 0.2119140625
0 0.595703125 0.3359375 0.1259765625 0.1845703125