1 0.9521484375 0.294921875 0.095703125 0.1484375
1 0.9697265625 0.1611328125 0.060546875 0.15234375
1 0.9521484375 0.0419921875 0.095703125 0.08203125
1 0.7353515625 0.2490234375 0.529296875 0.109375
1 0.740234375 0.130859375 0.51953125 0.14453125
2 0.85546875 0.646484375 0.2890625 0.32421875
1 0.5849609375 0.6513671875 0.26953125 0.3046875
1 0.33984375 0.669921875 0.3515625 0.26953125
1 0.3291015625 0.4423828125 0.35546875 0.234375
1 0.2978515625 0.0849609375 0.34375 0.169921875
2 0.3056640625 0.240234375 0.3125 0.1640625
1 0.9619140625 0.9755859375 0.076171875 0.046875
1 0.9580078125 0.9150390625 0.083984375 0.076171875
1 0.8486328125 0.9755859375 0.154296875 0.048828125
1 0.8388671875 0.904296875 0.15625 0.078125
1 0.634765625 0.9697265625 0.15625 0.060546875
1 0.634765625 0.8916015625 0.15625 0.078125
1 0.505859375 0.96484375 0.14453125 0.05859375
1 0.5087890625 0.8935546875 0.16015625 0.06640625
1 0.3125 0.955078125 0.1328125 0.0625
1 0.31640625 0.892578125 0.142578125 0.064453125
1 0.19140625 0.94921875 0.146484375 0.064453125
1 0.201171875 0.8837890625 0.138671875 0.068359375
1 0.046875 0.9462890625 0.09375 0.041015625
1 0.0224609375 0.9111328125 0.044921875 0.056640625
1 0.078125 0.77734375 0.08984375 0.103515625
1 0.025390625 0.7822265625 0.05078125 0.099609375
1 0.078125 0.67578125 0.072265625 0.1171875
1 0.017578125 0.677734375 0.03515625 0.091796875
1 0.064453125 0.5263671875 0.08984375 0.111328125
1 0.0107421875 0.5390625 0.021484375 0.099609375
1 0.07421875 0.4345703125 0.08984375 0.11328125
1 0.017578125 0.4326171875 0.03515625 0.08984375
1 0.064453125 0.2822265625 0.083984375 0.1171875
1 0.009765625 0.2734375 0.01953125 0.126953125
1 0.048828125 0.1240234375 0.087890625 0.103515625
1 0.015625 0.1298828125 0.03125 0.0859375
1 0.0458984375 0.0361328125 0.06640625 0.072265625
1 0.01171875 0.0380859375 0.0234375 0.076171875
0 0.0498046875 0.1845703125 0.099609375 0.111328125
0 0.0478515625 0.357421875 0.095703125 0.119140625
0 0.0498046875 0.603515625 0.099609375 0.11328125
0 0.0546875 0.8544921875 0.109375 0.10546875
0 0.109375 0.91796875 0.15234375 0.1328125
0 0.408203125 0.92578125 0.1875 0.13671875
0 0.7470703125 0.931640625 0.203125 0.13671875