1 0.44921875 0.58203125 0.240234375 0.65234375
1 0.4248046875 0.1201171875 0.333984375 0.240234375
1 0.138671875 0.58984375 0.2578125 0.650390625
1 0.1279296875 0.1220703125 0.255859375 0.244140625
1 0.8388671875 0.8076171875 0.30078125 0.205078125
1 0.83984375 0.6826171875 0.3203125 0.150390625
1 0.841796875 0.55859375 0.31640625 0.1953125
1 0.84765625 0.4140625 0.3046875 0.18359375
1 0.861328125 0.2451171875 0.27734375 0.150390625
1 0.83984375 0.1484375 0.3203125 0.13671875
1 0.822265625 0.0576171875 0.35546875 0.115234375