4 0.33984375 0.0673828125 0.14453125 0.134765625
4 0.3115234375 0.1552734375 0.0625 0.07421875
4 0.4189453125 0.1845703125 0.064453125 0.0703125
4 0.2763671875 0.259765625 0.083984375 0.08203125
4 0.349609375 0.2666015625 0.0703125 0.0703125
4 0.4228515625 0.2890625 0.0703125 0.08984375
4 0.494140625 0.3037109375 0.06640625 0.08203125
4 0.6669921875 0.8603515625 0.41015625 0.279296875
1 0.0166015625 0.4609375 0.02734375 0.1015625
1 0.09765625 0.4658203125 0.103515625 0.09375
1 0.205078125 0.474609375 0.115234375 0.09375
1 0.31640625 0.490234375 0.09765625 0.09765625
1 0.4140625 0.5009765625 0.10546875 0.087890625
1 0.5234375 0.509765625 0.103515625 0.076171875
1 0.6201171875 0.5166015625 0.10546875 0.091796875
1 0.7158203125 0.5322265625 0.10546875 0.10546875
1 0.814453125 0.5322265625 0.1015625 0.10546875
1 0.9140625 0.54296875 0.0859375 0.09375
1 0.978515625 0.5537109375 0.04296875 0.08984375
0 0.0341796875 0.544921875 0.05078125 0.05078125
0 0.0849609375 0.55078125 0.056640625 0.0546875
0 0.1435546875 0.5537109375 0.0546875 0.05859375
0 0.197265625 0.5595703125 0.05078125 0.0546875
0 0.2529296875 0.5654296875 0.05078125 0.0546875
0 0.3056640625 0.576171875 0.0546875 0.05859375
0 0.359375 0.580078125 0.05078125 0.0546875
0 0.4169921875 0.5859375 0.046875 0.0546875
0 0.46875 0.5849609375 0.046875 0.05078125
0 0.515625 0.5859375 0.05078125 0.05859375
0 0.568359375 0.6064453125 0.060546875 0.052734375
0 0.6279296875 0.6083984375 0.05078125 0.0546875
0 0.681640625 0.6083984375 0.0546875 0.0625
0 0.7314453125 0.6201171875 0.05078125 0.064453125
0 0.7783203125 0.62109375 0.05078125 0.07421875
0 0.8310546875 0.6298828125 0.05078125 0.068359375
0 0.8828125 0.638671875 0.0625 0.060546875
0 0.953125 0.6396484375 0.0625 0.056640625
0 0.98828125 0.642578125 0.0234375 0.0625
1 0.0576171875 0.666015625 0.115234375 0.171875
1 0.16796875 0.6708984375 0.125 0.166015625
1 0.2861328125 0.6865234375 0.12890625 0.16015625
1 0.400390625 0.6953125 0.109375 0.15625
1 0.50390625 0.6943359375 0.10546875 0.150390625
1 0.6103515625 0.70703125 0.107421875 0.1484375
1 0.7255859375 0.7353515625 0.1015625 0.140625
1 0.82421875 0.7353515625 0.095703125 0.12890625
1 0.916015625 0.74609375 0.0859375 0.140625
1 0.98046875 0.7451171875 0.0390625 0.154296875