1 0.2353515625 0.17578125 0.1328125 0.283203125
1 0.23046875 0.42578125 0.14453125 0.201171875
1 0.2373046875 0.650390625 0.1484375 0.28125
1 0.2490234375 0.8642578125 0.1328125 0.265625
1 0.4677734375 0.087890625 0.08203125 0.1484375
1 0.4697265625 0.26953125 0.1015625 0.23828125
1 0.4814453125 0.708984375 0.0859375 0.255859375
1 0.4814453125 0.8837890625 0.1171875 0.1796875
0 0.4775390625 0.494140625 0.13671875 0.228515625
1 0.689453125 0.1533203125 0.15625 0.21484375
1 0.689453125 0.3544921875 0.146484375 0.2265625
1 0.7138671875 0.5771484375 0.15625 0.2421875
1 0.7021484375 0.802734375 0.166015625 0.263671875
0 0.890625 0.0478515625 0.0859375 0.095703125
0 0.900390625 0.408203125 0.09375 0.1484375
0 0.912109375 0.798828125 0.0859375 0.11328125
1 0.892578125 0.138671875 0.09765625 0.134765625
1 0.8896484375 0.2890625 0.09375 0.14453125
1 0.89453125 0.5390625 0.087890625 0.13671875
1 0.9091796875 0.669921875 0.09765625 0.13671875
1 0.912109375 0.91796875 0.099609375 0.1640625