4 0.4794921875 0.53125 0.544921875 0.53515625
1 0.8271484375 0.548828125 0.16796875 0.12890625
1 0.8232421875 0.6611328125 0.1484375 0.08203125
1 0.6357421875 0.1298828125 0.453125 0.1875
1 0.7314453125 0.919921875 0.40234375 0.16015625
1 0.421875 0.8642578125 0.3125 0.146484375
1 0.279296875 0.1640625 0.3203125 0.17578125
1 0.1357421875 0.3623046875 0.15234375 0.154296875
1 0.8017578125 0.2939453125 0.1640625 0.1171875
1 0.859375 0.3955078125 0.125 0.1015625
1 0.783203125 0.4462890625 0.15234375 0.09765625