3 0.5732421875 0.8828125 0.376953125 0.234375
3 0.314453125 0.3486328125 0.4609375 0.1171875
2 0.3291015625 0.798828125 0.095703125 0.02734375
2 0.3271484375 0.7685546875 0.095703125 0.025390625
2 0.318359375 0.7392578125 0.095703125 0.0234375
2 0.3154296875 0.7119140625 0.1015625 0.0234375
2 0.302734375 0.68359375 0.1015625 0.0234375
2 0.2939453125 0.6513671875 0.10546875 0.01953125
2 0.28515625 0.6201171875 0.109375 0.02734375
2 0.27734375 0.587890625 0.109375 0.0234375
2 0.2734375 0.5537109375 0.103515625 0.03515625
2 0.26171875 0.5185546875 0.1171875 0.03125
2 0.255859375 0.484375 0.115234375 0.03125
2 0.244140625 0.4462890625 0.1171875 0.029296875
2 0.736328125 0.767578125 0.09765625 0.03125
2 0.68359375 0.75 0.080078125 0.04296875
2 0.6328125 0.728515625 0.08203125 0.03515625
2 0.5810546875 0.7080078125 0.06640625 0.03515625
2 0.5283203125 0.6875 0.07421875 0.03125
2 0.4736328125 0.66796875 0.08203125 0.0390625
2 0.41796875 0.6494140625 0.078125 0.04296875
2 0.3701171875 0.6259765625 0.06640625 0.03125