2 0.15625 0.4814453125 0.0625 0.10546875
2 0.0966796875 0.4052734375 0.08984375 0.0703125
2 0.046875 0.330078125 0.09375 0.10546875
2 0.1025390625 0.5517578125 0.08984375 0.072265625
2 0.052734375 0.623046875 0.10546875 0.111328125
2 0.017578125 0.724609375 0.03515625 0.08203125
2 0.75 0.48046875 0.07421875 0.1015625
2 0.6865234375 0.4052734375 0.1015625 0.0703125
2 0.6220703125 0.328125 0.130859375 0.09765625
2 0.685546875 0.552734375 0.1015625 0.08203125
2 0.615234375 0.6357421875 0.09765625 0.09765625
2 0.5224609375 0.7744140625 0.109375 0.06640625
2 0.45703125 0.82421875 0.10546875 0.078125
2 0.3662109375 0.7958984375 0.078125 0.11328125
2 0.35546875 0.158203125 0.08203125 0.1328125
2 0.4462890625 0.1279296875 0.109375 0.076171875
2 0.5107421875 0.189453125 0.095703125 0.078125
2 0.5751953125 0.2509765625 0.08984375 0.05859375
2 0.6201171875 0.4765625 0.06640625 0.1640625