1 0.875 0.623046875 0.25 0.234375
1 0.873046875 0.171875 0.25390625 0.20703125
1 0.4560546875 0.2431640625 0.42578125 0.265625
1 0.224609375 0.0341796875 0.181640625 0.06640625
1 0.3388671875 0.0830078125 0.146484375 0.10546875
1 0.337890625 0.4013671875 0.126953125 0.109375
1 0.220703125 0.4658203125 0.1640625 0.08984375
1 0.1806640625 0.5751953125 0.1640625 0.14453125
1 0.220703125 0.6865234375 0.2109375 0.07421875
1 0.3310546875 0.748046875 0.158203125 0.07421875
1 0.462890625 0.8623046875 0.3515625 0.1484375
1 0.80078125 0.912109375 0.13671875 0.17578125
1 0.8935546875 0.9853515625 0.130859375 0.029296875
1 0.9453125 0.9228515625 0.109375 0.154296875
1 0.810546875 0.7802734375 0.11328125 0.123046875
1 0.9482421875 0.7841796875 0.1015625 0.111328125
1 0.81640625 0.4658203125 0.14453125 0.1328125
1 0.9345703125 0.4736328125 0.130859375 0.13671875
1 0.828125 0.3447265625 0.140625 0.123046875
1 0.9462890625 0.33203125 0.10546875 0.13671875
1 0.818359375 0.060546875 0.1328125 0.12109375
1 0.951171875 0.0498046875 0.09765625 0.099609375