0 0.03125 0.59765625 0.0625 0.09375
0 0.033203125 0.4755859375 0.06640625 0.0859375
0 0.0908203125 0.5361328125 0.076171875 0.1171875
0 0.091796875 0.6455078125 0.08203125 0.0703125
0 0.09765625 0.4296875 0.07421875 0.0859375
0 0.1572265625 0.490234375 0.060546875 0.10546875
0 0.15625 0.6015625 0.08203125 0.091796875
0 0.2197265625 0.6494140625 0.06640625 0.08203125
0 0.220703125 0.5380859375 0.064453125 0.09375
0 0.22265625 0.419921875 0.0625 0.07421875
0 0.1572265625 0.39453125 0.056640625 0.04296875
0 0.28515625 0.4736328125 0.068359375 0.091796875
0 0.2822265625 0.595703125 0.08203125 0.0859375
0 0.3466796875 0.6455078125 0.087890625 0.060546875
0 0.349609375 0.53515625 0.078125 0.0859375
0 0.341796875 0.416015625 0.08203125 0.068359375
0 0.408203125 0.4736328125 0.072265625 0.09375
0 0.4716796875 0.5302734375 0.07421875 0.07421875
0 0.408203125 0.59375 0.07421875 0.08203125
0 0.482421875 0.41015625 0.064453125 0.0625
0 0.54296875 0.462890625 0.0703125 0.08984375
0 0.5419921875 0.5830078125 0.08203125 0.09765625
0 0.4736328125 0.6416015625 0.08203125 0.05859375
0 0.607421875 0.525390625 0.0703125 0.09765625
0 0.6103515625 0.412109375 0.064453125 0.068359375
0 0.67578125 0.4580078125 0.08203125 0.11328125
0 0.6083984375 0.6357421875 0.06640625 0.078125
0 0.673828125 0.5849609375 0.0703125 0.08203125
0 0.734375 0.5244140625 0.07421875 0.09765625
0 0.794921875 0.458984375 0.0703125 0.09375
0 0.732421875 0.3955078125 0.060546875 0.0703125
0 0.79296875 0.3798828125 0.06640625 0.052734375
0 0.8642578125 0.404296875 0.060546875 0.08203125
0 0.9326171875 0.44921875 0.0625 0.08203125
0 0.9833984375 0.3994140625 0.03125 0.07421875
0 0.9306640625 0.3701171875 0.07421875 0.046875
0 0.9736328125 0.509765625 0.052734375 0.109375
0 0.927734375 0.5830078125 0.08203125 0.080078125
0 0.9765625 0.626953125 0.046875 0.08203125
0 0.8583984375 0.630859375 0.08203125 0.072265625
0 0.9267578125 0.66015625 0.06640625 0.052734375
0 0.86328125 0.513671875 0.078125 0.10546875
0 0.7939453125 0.5771484375 0.0859375 0.099609375
0 0.734375 0.6279296875 0.072265625 0.05859375
0 0.798828125 0.6552734375 0.06640625 0.0625
0 0.671875 0.6552734375 0.08203125 0.05078125
0 0.54296875 0.6630859375 0.078125 0.05859375
0 0.41015625 0.6611328125 0.07421875 0.046875
0 0.2734375 0.666015625 0.080078125 0.046875
0 0.158203125 0.6708984375 0.08203125 0.05078125
0 0.0263671875 0.6767578125 0.052734375 0.046875
0 0.03515625 0.404296875 0.0703125 0.0625
0 0.287109375 0.396484375 0.07421875 0.05078125
0 0.4052734375 0.38671875 0.08203125 0.046875
0 0.54296875 0.388671875 0.072265625 0.0546875
0 0.66796875 0.376953125 0.06640625 0.05078125