4 0.5205078125 0.44140625 0.3515625 0.73046875
1 0.287109375 0.19921875 0.3125 0.3984375
1 0.7275390625 0.2099609375 0.314453125 0.419921875
1 0.3173828125 0.7646484375 0.3046875 0.4140625
1 0.7177734375 0.783203125 0.302734375 0.42578125
0 0.0556640625 0.0517578125 0.111328125 0.103515625
0 0.0712890625 0.466796875 0.142578125 0.28515625
0 0.0849609375 0.9208984375 0.169921875 0.158203125
1 0.0830078125 0.1689453125 0.09765625 0.169921875
1 0.056640625 0.2744140625 0.11328125 0.173828125
1 0.0693359375 0.650390625 0.138671875 0.171875
1 0.01171875 0.7900390625 0.0234375 0.16796875
1 0.1123046875 0.78125 0.1015625 0.251953125