4 0.49609375 0.4521484375 0.91796875 0.7421875
1 0.9423828125 0.935546875 0.076171875 0.11328125
1 0.955078125 0.8681640625 0.06640625 0.064453125
1 0.96875 0.7890625 0.0625 0.09375
1 0.9814453125 0.7119140625 0.037109375 0.087890625
1 0.9931640625 0.462890625 0.01171875 0.08984375
1 0.9873046875 0.5673828125 0.0234375 0.078125
1 0.984375 0.6396484375 0.03125 0.078125
1 0.9873046875 0.388671875 0.025390625 0.08984375
1 0.98046875 0.29296875 0.0390625 0.09375
1 0.9775390625 0.208984375 0.04296875 0.109375
1 0.970703125 0.1220703125 0.05859375 0.08203125
1 0.955078125 0.041015625 0.07421875 0.08203125
1 0.9189453125 0.9951171875 0.0859375 0.009765625
1 0.1962890625 0.931640625 0.158203125 0.13671875
1 0.4091796875 0.9013671875 0.271484375 0.197265625
1 0.2451171875 0.7265625 0.197265625 0.197265625
1 0.2646484375 0.2099609375 0.19921875 0.1875
1 0.310546875 0.072265625 0.31640625 0.14453125