0 0.8212890625 0.8154296875 0.3203125 0.203125
0 0.6376953125 0.9423828125 0.3125 0.115234375
0 0.4765625 0.8955078125 0.271484375 0.150390625
1 0.2509765625 0.09765625 0.501953125 0.1953125
1 0.6171875 0.05078125 0.2578125 0.1015625
1 0.19921875 0.7646484375 0.3984375 0.240234375
1 0.5595703125 0.7392578125 0.24609375 0.140625
1 0.130859375 0.9443359375 0.26171875 0.111328125
2 0.91796875 0.6337890625 0.109375 0.037109375
2 0.96484375 0.5859375 0.0703125 0.0625
2 0.9619140625 0.095703125 0.064453125 0.05078125