3 0.6357421875 0.158203125 0.61328125 0.232421875
2 0.318359375 0.6904296875 0.451171875 0.228515625
2 0.3505859375 0.9033203125 0.482421875 0.193359375
2 0.4033203125 0.5986328125 0.09375 0.03125
2 0.4208984375 0.5654296875 0.099609375 0.03515625
2 0.431640625 0.5361328125 0.09765625 0.02734375
2 0.4404296875 0.50390625 0.10546875 0.02734375
2 0.462890625 0.470703125 0.12109375 0.0234375
2 0.4775390625 0.443359375 0.09765625 0.021484375
2 0.4951171875 0.40625 0.10546875 0.0234375
2 0.509765625 0.373046875 0.10546875 0.0234375
2 0.5224609375 0.3369140625 0.09765625 0.029296875
2 0.5390625 0.3017578125 0.103515625 0.029296875
2 0.5556640625 0.2685546875 0.099609375 0.02734375
2 0.564453125 0.234375 0.08203125 0.025390625
2 0.451171875 0.8310546875 0.1015625 0.03125
2 0.46484375 0.796875 0.111328125 0.033203125
2 0.478515625 0.7626953125 0.103515625 0.033203125
2 0.4951171875 0.7275390625 0.115234375 0.025390625
2 0.5146484375 0.69140625 0.11328125 0.025390625
2 0.529296875 0.65625 0.109375 0.03125
2 0.5498046875 0.6162109375 0.103515625 0.03125
2 0.560546875 0.58203125 0.11328125 0.03125
2 0.583984375 0.5458984375 0.12109375 0.02734375
2 0.599609375 0.505859375 0.107421875 0.029296875
2 0.62109375 0.458984375 0.1171875 0.037109375
2 0.6376953125 0.4287109375 0.12109375 0.0390625
2 0.658203125 0.38671875 0.125 0.04296875
2 0.671875 0.341796875 0.1015625 0.046875
2 0.69140625 0.2998046875 0.12109375 0.03515625
2 0.712890625 0.25390625 0.1171875 0.03515625
0 0.3681640625 0.4189453125 0.13671875 0.07421875
0 0.294921875 0.3720703125 0.13671875 0.08203125
0 0.22265625 0.3203125 0.138671875 0.072265625
0 0.1552734375 0.2646484375 0.12890625 0.07421875
0 0.076171875 0.2158203125 0.15234375 0.0859375
0 0.037109375 0.158203125 0.07421875 0.08984375
0 0.0380859375 0.064453125 0.076171875 0.08984375
0 0.09375 0.1220703125 0.13671875 0.087890625
0 0.0849609375 0.033203125 0.154296875 0.06640625
0 0.17578125 0.0810546875 0.13671875 0.08203125
0 0.1826171875 0.017578125 0.154296875 0.03515625
0 0.265625 0.041015625 0.162109375 0.08203125
0 0.2490234375 0.140625 0.140625 0.078125
0 0.1669921875 0.177734375 0.12109375 0.0859375
0 0.244140625 0.232421875 0.12109375 0.0703125
0 0.314453125 0.287109375 0.1328125 0.07421875
0 0.3154296875 0.201171875 0.125 0.091796875
0 0.3935546875 0.2490234375 0.12890625 0.078125
0 0.3837890625 0.3369140625 0.12890625 0.0859375
0 0.4326171875 0.39453125 0.09375 0.07421875
0 0.439453125 0.310546875 0.10546875 0.08203125
0 0.423828125 0.0673828125 0.140625 0.0859375
0 0.3330078125 0.1025390625 0.12890625 0.076171875
0 0.345703125 0.021484375 0.16015625 0.04296875
0 0.53125 0.03515625 0.1328125 0.0703125
0 0.6240234375 0.0185546875 0.158203125 0.037109375