0 0.703125 0.501953125 0.537109375 0.99609375
0 0.1494140625 0.486328125 0.296875 0.828125
2 0.029296875 0.9560546875 0.056640625 0.087890625
2 0.0849609375 0.962890625 0.06640625 0.07421875
2 0.1494140625 0.97265625 0.076171875 0.0546875
2 0.208984375 0.9833984375 0.05859375 0.033203125
0 0.3603515625 0.50390625 0.14453125 0.26953125
1 0.427734375 0.1865234375 0.0859375 0.26171875
1 0.30078125 0.19140625 0.09765625 0.25
1 0.310546875 0.7158203125 0.05859375 0.1875
1 0.419921875 0.732421875 0.095703125 0.208984375
1 0.365234375 0.9228515625 0.1171875 0.11328125
1 0.95703125 0.2421875 0.0859375 0.2265625
1 0.97265625 0.564453125 0.0546875 0.2421875
1 0.9638671875 0.830078125 0.072265625 0.2578125
1 0.8955078125 0.9794921875 0.193359375 0.041015625