4 0.4580078125 0.6162109375 0.09765625 0.1962890625
4 0.93359375 0.861328125 0.0576171875 0.1474609375
3 0.9296875 0.6865234375 0.044921875 0.1318359375
3 0.765625 0.814453125 0.09765625 0.1298828125
3 0.15234375 0.748046875 0.1279296875 0.15234375
2 0.728515625 0.6259765625 0.0556640625 0.181640625
2 0.6640625 0.490234375 0.07421875 0.232421875
2 0.5830078125 0.341796875 0.08203125 0.212890625
2 0.5009765625 0.251953125 0.08203125 0.1708984375
2 0.4052734375 0.1669921875 0.115234375 0.14453125
2 0.3046875 0.1904296875 0.0703125 0.1416015625
2 0.2216796875 0.265625 0.072265625 0.2216796875
2 0.150390625 0.392578125 0.06640625 0.2490234375
2 0.109375 0.5361328125 0.0966796875 0.2353515625
2 0.068359375 0.6923828125 0.072265625 0.2216796875
1 0.39453125 0.38671875 0.041015625 0.091796875
1 0.359375 0.4453125 0.0439453125 0.1201171875
1 0.3408203125 0.498046875 0.04296875 0.0986328125
1 0.33203125 0.55078125 0.05078125 0.0693359375
1 0.3349609375 0.60546875 0.0283203125 0.07421875
1 0.4287109375 0.380859375 0.02734375 0.091796875
1 0.470703125 0.4091796875 0.0498046875 0.09375
1 0.509765625 0.4638671875 0.046875 0.0986328125
1 0.537109375 0.5380859375 0.0390625 0.0908203125
1 0.5576171875 0.603515625 0.0263671875 0.0517578125
1 0.564453125 0.64453125 0.017578125 0.0556640625