0 0.31640625 0.23046875 0.03515625 0.0556640625
0 0.3623046875 0.23046875 0.0390625 0.0537109375
0 0.41015625 0.2431640625 0.037109375 0.0537109375
0 0.455078125 0.2578125 0.0361328125 0.056640625
0 0.498046875 0.291015625 0.033203125 0.056640625
0 0.5400390625 0.3310546875 0.033203125 0.05078125
0 0.5751953125 0.37109375 0.03515625 0.052734375
0 0.6064453125 0.423828125 0.03515625 0.060546875
0 0.6298828125 0.47265625 0.0322265625 0.064453125
0 0.6474609375 0.5341796875 0.0341796875 0.056640625
0 0.6572265625 0.587890625 0.0361328125 0.0576171875
0 0.6552734375 0.6455078125 0.0380859375 0.0556640625
0 0.6474609375 0.6982421875 0.03515625 0.052734375
0 0.62890625 0.7451171875 0.037109375 0.052734375
0 0.6005859375 0.7802734375 0.0361328125 0.056640625
0 0.5712890625 0.810546875 0.046875 0.060546875
0 0.529296875 0.826171875 0.0361328125 0.0595703125
0 0.482421875 0.8330078125 0.041015625 0.0634765625
0 0.43359375 0.826171875 0.044921875 0.0634765625
0 0.3857421875 0.8056640625 0.0400390625 0.068359375
0 0.3359375 0.775390625 0.0419921875 0.0693359375
0 0.2890625 0.734375 0.0419921875 0.0703125
0 0.2509765625 0.685546875 0.0390625 0.068359375
0 0.2158203125 0.6279296875 0.0439453125 0.064453125
0 0.1962890625 0.5712890625 0.0498046875 0.0654296875
0 0.1767578125 0.5048828125 0.04296875 0.0693359375
0 0.1708984375 0.4443359375 0.0380859375 0.060546875
0 0.17578125 0.3896484375 0.0419921875 0.0556640625
0 0.1884765625 0.34375 0.0390625 0.05078125
0 0.212890625 0.302734375 0.0322265625 0.0478515625
0 0.2421875 0.2685546875 0.0361328125 0.05859375
0 0.2783203125 0.248046875 0.03515625 0.05859375
0 0.01171875 0.8955078125 0.0224609375 0.048828125
0 0.0615234375 0.90625 0.0458984375 0.072265625
0 0.119140625 0.91796875 0.0498046875 0.0703125
0 0.181640625 0.9306640625 0.048828125 0.0703125
0 0.240234375 0.9453125 0.0439453125 0.0673828125
0 0.2998046875 0.95703125 0.0537109375 0.060546875
0 0.3583984375 0.9697265625 0.0419921875 0.060546875
0 0.4208984375 0.98046875 0.044921875 0.0390625
0 0.4775390625 0.9853515625 0.0390625 0.0283203125