1 0.080078125 0.994140625 0.0625 0.01171875
1 0.029296875 0.9697265625 0.05859375 0.0546875
1 0.01953125 0.923828125 0.0390625 0.0390625
0 0.0751953125 0.9296875 0.0546875 0.04296875
1 0.134765625 0.9794921875 0.05078125 0.0390625
1 0.208984375 0.95703125 0.05859375 0.044921875
1 0.1865234375 0.892578125 0.048828125 0.04296875
1 0.416015625 0.970703125 0.08203125 0.05859375
1 0.3623046875 0.9541015625 0.07421875 0.0390625
1 0.3837890625 0.912109375 0.060546875 0.046875
1 0.40625 0.859375 0.1015625 0.03125
1 0.40625 0.818359375 0.09375 0.046875
1 0.3876953125 0.7783203125 0.0546875 0.044921875
1 0.3720703125 0.7294921875 0.06640625 0.04296875
1 0.421875 0.7021484375 0.072265625 0.06640625
1 0.4345703125 0.646484375 0.0546875 0.044921875
1 0.4453125 0.5263671875 0.05859375 0.0390625
1 0.3447265625 0.5595703125 0.06640625 0.0390625
0 0.2744140625 0.615234375 0.08984375 0.0703125
1 0.2275390625 0.6650390625 0.09765625 0.041015625
1 0.2060546875 0.6298828125 0.0859375 0.033203125
1 0.220703125 0.7177734375 0.05859375 0.060546875
1 0.1953125 0.7783203125 0.0546875 0.04296875
0 0.0830078125 0.7421875 0.068359375 0.044921875
1 0.140625 0.697265625 0.0625 0.05078125
1 0.091796875 0.662109375 0.078125 0.037109375
1 0.041015625 0.69921875 0.08203125 0.05078125
1 0.0224609375 0.74609375 0.044921875 0.044921875
1 0.0068359375 0.7265625 0.013671875 0.048828125
1 0.015625 0.79296875 0.03125 0.03515625
1 0.015625 0.8701171875 0.03125 0.04296875
1 0.4833984375 0.982421875 0.048828125 0.03515625
1 0.4833984375 0.9482421875 0.060546875 0.03515625
1 0.4892578125 0.9091796875 0.0546875 0.046875
1 0.48828125 0.8681640625 0.05859375 0.04296875
1 0.4873046875 0.830078125 0.05078125 0.0390625
1 0.490234375 0.796875 0.052734375 0.041015625
1 0.494140625 0.755859375 0.048828125 0.044921875
1 0.49609375 0.7177734375 0.05078125 0.0390625
1 0.5 0.6806640625 0.046875 0.04296875
1 0.4970703125 0.642578125 0.046875 0.0390625
1 0.498046875 0.60546875 0.046875 0.03515625
1 0.4990234375 0.5693359375 0.0546875 0.041015625
1 0.4990234375 0.5302734375 0.046875 0.044921875
1 0.50390625 0.490234375 0.04296875 0.037109375
1 0.0068359375 0.6748046875 0.013671875 0.03515625
1 0.0263671875 0.6533203125 0.05078125 0.0390625
1 0.056640625 0.6396484375 0.0546875 0.0390625
1 0.09375 0.6201171875 0.064453125 0.041015625
1 0.13671875 0.6044921875 0.046875 0.037109375
1 0.162109375 0.5888671875 0.07421875 0.04296875
1 0.2119140625 0.572265625 0.05859375 0.037109375
1 0.24609375 0.55078125 0.0703125 0.04296875
1 0.2900390625 0.533203125 0.0625 0.0390625
1 0.3330078125 0.513671875 0.06640625 0.041015625
1 0.3701171875 0.4990234375 0.056640625 0.04296875
1 0.40625 0.4794921875 0.056640625 0.046875
1 0.4453125 0.462890625 0.064453125 0.05078125
2 0.0068359375 0.5263671875 0.013671875 0.0390625
2 0.0302734375 0.5029296875 0.060546875 0.037109375
2 0.0673828125 0.484375 0.080078125 0.037109375
2 0.1083984375 0.46484375 0.08984375 0.037109375
2 0.1572265625 0.4423828125 0.08203125 0.03125
2 0.1953125 0.4189453125 0.09375 0.0390625
2 0.23828125 0.396484375 0.08203125 0.0390625
2 0.28515625 0.3740234375 0.08984375 0.04296875
2 0.328125 0.3544921875 0.08203125 0.03515625
2 0.3671875 0.3330078125 0.078125 0.03515625
3 0.2958984375 0.2646484375 0.291015625 0.11328125
1 0.009765625 0.5703125 0.01953125 0.0390625
1 0.0166015625 0.5625 0.033203125 0.0390625
1 0.0302734375 0.552734375 0.04296875 0.046875
1 0.05078125 0.5419921875 0.04296875 0.046875
1 0.076171875 0.53125 0.0546875 0.044921875
1 0.095703125 0.5234375 0.048828125 0.046875
1 0.1181640625 0.5107421875 0.05078125 0.046875
1 0.13671875 0.498046875 0.056640625 0.041015625
1 0.166015625 0.4873046875 0.052734375 0.044921875
1 0.181640625 0.482421875 0.0546875 0.0546875
1 0.2080078125 0.4716796875 0.05078125 0.0546875
1 0.2333984375 0.45703125 0.05078125 0.04296875
1 0.2529296875 0.4443359375 0.056640625 0.046875
1 0.27734375 0.435546875 0.05859375 0.04296875
1 0.298828125 0.423828125 0.052734375 0.046875
1 0.32421875 0.41015625 0.05078125 0.046875
1 0.34765625 0.3974609375 0.0625 0.046875
1 0.3701171875 0.3857421875 0.056640625 0.046875
1 0.3876953125 0.376953125 0.0625 0.05078125
1 0.416015625 0.3662109375 0.06640625 0.044921875
2 0.6494140625 0.1865234375 0.1015625 0.044921875
2 0.6494140625 0.1533203125 0.08984375 0.03515625
2 0.6513671875 0.1142578125 0.1015625 0.041015625
2 0.646484375 0.0693359375 0.09375 0.04296875
2 0.650390625 0.03125 0.095703125 0.0390625
2 0.642578125 0.005859375 0.1015625 0.01171875
0 0.5751953125 0.98828125 0.03125 0.0234375
0 0.57421875 0.96484375 0.03125 0.029296875
0 0.58203125 0.935546875 0.02734375 0.02734375
0 0.58203125 0.90625 0.037109375 0.033203125
0 0.580078125 0.880859375 0.03125 0.03125
0 0.5830078125 0.853515625 0.03515625 0.03125
0 0.583984375 0.8251953125 0.033203125 0.03125
0 0.5810546875 0.7998046875 0.03515625 0.025390625
0 0.580078125 0.7734375 0.03515625 0.03125
0 0.5849609375 0.7431640625 0.037109375 0.02734375
0 0.5859375 0.7177734375 0.03125 0.03125
0 0.5888671875 0.689453125 0.03515625 0.029296875
0 0.5869140625 0.6640625 0.03515625 0.02734375
0 0.587890625 0.6376953125 0.03515625 0.03125
0 0.587890625 0.611328125 0.033203125 0.029296875
0 0.591796875 0.5849609375 0.03125 0.029296875
0 0.5927734375 0.5576171875 0.03515625 0.02734375
0 0.5927734375 0.5322265625 0.0390625 0.02734375
0 0.58984375 0.5068359375 0.037109375 0.02734375
0 0.5908203125 0.4794921875 0.03125 0.02734375
0 0.5927734375 0.4541015625 0.03125 0.02734375
0 0.595703125 0.42578125 0.03125 0.02734375
0 0.59375 0.3994140625 0.03125 0.03125
0 0.5927734375 0.3740234375 0.03515625 0.03125
0 0.59375 0.3486328125 0.037109375 0.029296875
0 0.599609375 0.3232421875 0.03515625 0.03125
0 0.59765625 0.298828125 0.029296875 0.02734375
0 0.6044921875 0.2734375 0.03125 0.02734375
0 0.6044921875 0.24609375 0.03125 0.02734375
0 0.6298828125 0.9892578125 0.06640625 0.021484375
0 0.630859375 0.974609375 0.06640625 0.03125
0 0.630859375 0.951171875 0.056640625 0.033203125
0 0.630859375 0.9306640625 0.06640625 0.033203125
0 0.6328125 0.9072265625 0.06640625 0.029296875
0 0.6328125 0.880859375 0.05859375 0.03515625
0 0.634765625 0.8583984375 0.06640625 0.03515625
0 0.63671875 0.833984375 0.0625 0.03515625
0 0.6376953125 0.81640625 0.05859375 0.03515625
0 0.6376953125 0.7939453125 0.0546875 0.041015625
0 0.63671875 0.76953125 0.064453125 0.03515625
0 0.640625 0.7470703125 0.0625 0.0390625
0 0.642578125 0.7236328125 0.0625 0.03515625
0 0.6435546875 0.7001953125 0.0625 0.03125
0 0.6435546875 0.6796875 0.0703125 0.03125
0 0.64453125 0.658203125 0.06640625 0.033203125
0 0.6435546875 0.63671875 0.0625 0.03515625
0 0.646484375 0.611328125 0.068359375 0.03515625
0 0.6474609375 0.5888671875 0.064453125 0.041015625
0 0.646484375 0.564453125 0.064453125 0.03515625
0 0.6494140625 0.544921875 0.06640625 0.03125
0 0.64453125 0.525390625 0.0625 0.037109375
0 0.6474609375 0.4990234375 0.06640625 0.03515625
0 0.646484375 0.4775390625 0.0625 0.03125
0 0.6435546875 0.455078125 0.06640625 0.03515625
0 0.650390625 0.4345703125 0.05859375 0.02734375
0 0.6474609375 0.4140625 0.072265625 0.037109375
0 0.646484375 0.392578125 0.064453125 0.03125
0 0.6494140625 0.3681640625 0.05859375 0.03515625
0 0.650390625 0.345703125 0.06640625 0.029296875
0 0.65625 0.3251953125 0.068359375 0.03515625
0 0.6552734375 0.2998046875 0.07421875 0.033203125
0 0.65234375 0.283203125 0.06640625 0.0234375
0 0.6572265625 0.263671875 0.072265625 0.03515625
0 0.6552734375 0.2412109375 0.05078125 0.03515625
1 0.7548828125 0.9873046875 0.111328125 0.025390625
1 0.7470703125 0.9365234375 0.1171875 0.08984375
1 0.748046875 0.859375 0.1171875 0.087890625
1 0.755859375 0.7783203125 0.12109375 0.091796875
1 0.7568359375 0.6982421875 0.12890625 0.08984375
1 0.7587890625 0.62109375 0.12109375 0.08984375
1 0.7568359375 0.544921875 0.12890625 0.087890625
1 0.7587890625 0.470703125 0.111328125 0.091796875
1 0.7568359375 0.38671875 0.12890625 0.09375
1 0.7607421875 0.314453125 0.115234375 0.091796875
1 0.7626953125 0.240234375 0.109375 0.0859375
1 0.7646484375 0.1650390625 0.12109375 0.08984375
1 0.771484375 0.095703125 0.1015625 0.08203125
1 0.771484375 0.03125 0.1015625 0.0625
0 0.84765625 0.974609375 0.0625 0.05078125
0 0.84765625 0.927734375 0.0625 0.0546875
0 0.8486328125 0.865234375 0.064453125 0.05859375
0 0.8505859375 0.8154296875 0.052734375 0.046875
0 0.84765625 0.765625 0.0625 0.04296875
0 0.84765625 0.7119140625 0.056640625 0.05078125
0 0.84765625 0.654296875 0.05078125 0.0546875
0 0.84765625 0.607421875 0.056640625 0.048828125
0 0.8505859375 0.5556640625 0.0546875 0.0546875
0 0.8466796875 0.5029296875 0.056640625 0.052734375
0 0.84375 0.4541015625 0.07421875 0.05859375
0 0.8486328125 0.4033203125 0.064453125 0.05078125
0 0.8564453125 0.353515625 0.064453125 0.0546875
0 0.8564453125 0.3017578125 0.06640625 0.0546875
0 0.849609375 0.255859375 0.0703125 0.046875
0 0.8583984375 0.201171875 0.068359375 0.060546875
0 0.8583984375 0.1494140625 0.06640625 0.0546875
0 0.859375 0.0986328125 0.0703125 0.0546875
0 0.861328125 0.0498046875 0.0625 0.0546875
0 0.8623046875 0.0146484375 0.05078125 0.029296875
0 0.939453125 0.974609375 0.12109375 0.05078125
0 0.943359375 0.935546875 0.11328125 0.06640625
0 0.9462890625 0.8896484375 0.107421875 0.0625
0 0.9453125 0.8466796875 0.109375 0.0625
0 0.943359375 0.7998046875 0.11328125 0.064453125
0 0.9404296875 0.7607421875 0.1171875 0.07421875
0 0.943359375 0.7158203125 0.11328125 0.072265625
0 0.939453125 0.6650390625 0.12109375 0.072265625
0 0.943359375 0.62109375 0.11328125 0.064453125
0 0.9482421875 0.5791015625 0.103515625 0.056640625
0 0.939453125 0.5390625 0.12109375 0.0703125
0 0.939453125 0.501953125 0.12109375 0.0703125
0 0.9453125 0.4541015625 0.109375 0.068359375
0 0.9482421875 0.4072265625 0.103515625 0.080078125
0 0.9482421875 0.365234375 0.103515625 0.06640625
0 0.9482421875 0.326171875 0.103515625 0.0546875
0 0.951171875 0.28515625 0.09765625 0.07421875
0 0.943359375 0.2412109375 0.11328125 0.0546875
0 0.9482421875 0.1943359375 0.103515625 0.0625
0 0.9521484375 0.154296875 0.095703125 0.05859375
0 0.9501953125 0.1103515625 0.099609375 0.05859375
0 0.9482421875 0.0732421875 0.103515625 0.056640625
0 0.947265625 0.033203125 0.10546875 0.06640625
0 0.9521484375 0.01171875 0.095703125 0.01953125