1 0.1044921875 0.0654296875 0.1826171875 0.1298828125
1 0.2802734375 0.068359375 0.1708984375 0.13671875
1 0.4462890625 0.0673828125 0.162109375 0.134765625
1 0.60546875 0.0634765625 0.1650390625 0.126953125
1 0.7724609375 0.0625 0.1650390625 0.12109375
1 0.92578125 0.06640625 0.1484375 0.1240234375
4 0.8720703125 0.44921875 0.255859375 0.6484375
1 0.2099609375 0.455078125 0.2060546875 0.1875
1 0.2216796875 0.6650390625 0.2353515625 0.2177734375
1 0.228515625 0.88671875 0.2333984375 0.2265625
3 0.5205078125 0.458984375 0.20703125 0.310546875
2 0.443359375 0.2177734375 0.52734375 0.150390625
2 0.6865234375 0.4404296875 0.1240234375 0.314453125