1 0.181640625 0.0634765625 0.1640625 0.126953125
1 0.33203125 0.03515625 0.1748046875 0.0625
1 0.4521484375 0.126953125 0.1484375 0.130859375
1 0.330078125 0.185546875 0.19140625 0.115234375
1 0.544921875 0.0888671875 0.1298828125 0.130859375
1 0.65625 0.0537109375 0.1025390625 0.107421875
1 0.7548828125 0.0361328125 0.1103515625 0.0712890625
1 0.8427734375 0.1328125 0.1259765625 0.1123046875
1 0.767578125 0.1650390625 0.14453125 0.119140625
1 0.8623046875 0.2744140625 0.1240234375 0.142578125
1 0.7666015625 0.3330078125 0.173828125 0.1103515625
1 0.65625 0.2177734375 0.1318359375 0.1357421875
1 0.560546875 0.2509765625 0.1708984375 0.1162109375
1 0.4365234375 0.314453125 0.1630859375 0.158203125
1 0.6689453125 0.375 0.1474609375 0.140625
1 0.5546875 0.4521484375 0.169921875 0.138671875
1 0.189453125 0.22265625 0.177734375 0.1494140625
1 0.3203125 0.37109375 0.2001953125 0.1337890625
1 0.185546875 0.4501953125 0.1923828125 0.158203125
1 0.46875 0.5029296875 0.1669921875 0.150390625
1 0.3173828125 0.58984375 0.2646484375 0.1416015625
1 0.1923828125 0.6640625 0.2041015625 0.1904296875
1 0.423828125 0.7275390625 0.1884765625 0.1416015625
1 0.552734375 0.6279296875 0.1904296875 0.138671875
1 0.662109375 0.57421875 0.1435546875 0.1494140625
1 0.7685546875 0.490234375 0.1376953125 0.1181640625
1 0.8662109375 0.4423828125 0.123046875 0.1162109375
1 0.9443359375 0.548828125 0.111328125 0.109375
1 0.9013671875 0.619140625 0.1416015625 0.1376953125
1 0.8076171875 0.708984375 0.1650390625 0.130859375
1 0.958984375 0.73828125 0.08203125 0.080078125
1 0.90625 0.8291015625 0.1318359375 0.1337890625
1 0.8046875 0.8955078125 0.2099609375 0.1416015625
1 0.6943359375 0.9580078125 0.138671875 0.083984375
1 0.7060546875 0.763671875 0.1474609375 0.16015625
1 0.5908203125 0.861328125 0.1865234375 0.1533203125
1 0.3212890625 0.802734375 0.2333984375 0.125
1 0.1630859375 0.9091796875 0.181640625 0.181640625
1 0.45703125 0.9375 0.189453125 0.1240234375
4 0.31640625 0.9140625 0.1484375 0.171875
4 0.8095703125 0.9599609375 0.107421875 0.080078125
4 0.9697265625 0.837890625 0.0595703125 0.1201171875
4 0.580078125 0.7353515625 0.111328125 0.16796875
4 0.7890625 0.583984375 0.12890625 0.1455078125
4 0.318359375 0.466796875 0.1318359375 0.158203125
4 0.5537109375 0.3349609375 0.1328125 0.1337890625
4 0.7529296875 0.2451171875 0.1064453125 0.1103515625
4 0.32421875 0.0810546875 0.1484375 0.1318359375
4 0.560546875 0.029296875 0.095703125 0.05859375