3 0.1015625 0.20703125 0.203125 0.08203125
3 0.0703125 0.2568359375 0.140625 0.08984375
3 0.052734375 0.3466796875 0.10546875 0.10546875
3 0.0625 0.5166015625 0.125 0.099609375
3 0.060546875 0.623046875 0.12109375 0.08984375
3 0.0712890625 0.6865234375 0.142578125 0.154296875
0 0.271484375 0.2744140625 0.048828125 0.015625
0 0.259765625 0.2861328125 0.037109375 0.013671875
0 0.2490234375 0.2919921875 0.0390625 0.0078125
0 0.244140625 0.30078125 0.04296875 0.015625
0 0.236328125 0.310546875 0.041015625 0.01171875
0 0.2265625 0.318359375 0.0390625 0.01171875
0 0.220703125 0.3291015625 0.041015625 0.015625
0 0.2119140625 0.3544921875 0.04296875 0.01953125
0 0.208984375 0.375 0.046875 0.015625
0 0.208984375 0.3994140625 0.0390625 0.021484375
0 0.2080078125 0.4267578125 0.04296875 0.0234375
0 0.20703125 0.451171875 0.041015625 0.021484375
0 0.2109375 0.474609375 0.046875 0.0234375
0 0.216796875 0.4970703125 0.04296875 0.0234375
0 0.21875 0.5234375 0.04296875 0.029296875
0 0.2236328125 0.5439453125 0.04296875 0.0234375
0 0.2265625 0.56640625 0.04296875 0.0234375
0 0.232421875 0.5908203125 0.04296875 0.021484375
0 0.2333984375 0.607421875 0.0390625 0.01953125
0 0.2373046875 0.62890625 0.041015625 0.02734375
1 0.265625 0.3720703125 0.0546875 0.04296875
1 0.2685546875 0.447265625 0.0546875 0.04296875
1 0.2744140625 0.486328125 0.05859375 0.0390625
1 0.2802734375 0.529296875 0.05859375 0.03125
1 0.28125 0.5654296875 0.046875 0.029296875
1 0.2900390625 0.603515625 0.052734375 0.02734375
4 0.5078125 0.5068359375 0.41015625 0.14453125
0 0.33203125 0.4140625 0.05078125 0.04296875
0 0.4052734375 0.412109375 0.07421875 0.046875
0 0.4541015625 0.443359375 0.064453125 0.0390625
0 0.498046875 0.4169921875 0.06640625 0.046875
0 0.583984375 0.4130859375 0.0859375 0.04296875
0 0.669921875 0.412109375 0.072265625 0.046875
0 0.6005859375 0.58984375 0.07421875 0.048828125
0 0.6806640625 0.587890625 0.0625 0.056640625
0 0.5029296875 0.5869140625 0.08203125 0.04296875
0 0.4150390625 0.5859375 0.07421875 0.03515625
0 0.345703125 0.583984375 0.044921875 0.044921875
1 0.7626953125 0.388671875 0.08984375 0.033203125
1 0.759765625 0.41796875 0.080078125 0.0390625
1 0.7587890625 0.4609375 0.0859375 0.0390625
1 0.7646484375 0.501953125 0.08984375 0.0390625
1 0.7568359375 0.53125 0.083984375 0.03515625
1 0.7568359375 0.56640625 0.0859375 0.04296875
1 0.763671875 0.6083984375 0.078125 0.046875
0 0.8271484375 0.40625 0.02734375 0.025390625
0 0.83203125 0.42578125 0.03515625 0.01953125
0 0.8271484375 0.4501953125 0.041015625 0.017578125
0 0.8291015625 0.4736328125 0.037109375 0.02734375
0 0.8291015625 0.4990234375 0.0390625 0.02734375
0 0.830078125 0.5244140625 0.0390625 0.01953125
0 0.830078125 0.552734375 0.0390625 0.0234375
0 0.830078125 0.576171875 0.03515625 0.02734375
0 0.8271484375 0.6015625 0.03515625 0.01953125
0 0.83203125 0.619140625 0.03515625 0.015625
0 0.833984375 0.640625 0.03515625 0.0234375
0 0.921875 0.056640625 0.03515625 0.01953125
0 0.9208984375 0.0791015625 0.037109375 0.01953125
0 0.91796875 0.1025390625 0.0390625 0.01953125
0 0.9052734375 0.123046875 0.029296875 0.017578125
0 0.9052734375 0.1396484375 0.04296875 0.013671875
0 0.9013671875 0.154296875 0.037109375 0.013671875
0 0.900390625 0.16796875 0.03515625 0.009765625
0 0.8935546875 0.17578125 0.041015625 0.015625
0 0.89453125 0.1962890625 0.0390625 0.01953125
0 0.890625 0.2138671875 0.0390625 0.0234375
0 0.8876953125 0.2421875 0.0390625 0.025390625
0 0.8896484375 0.2744140625 0.0390625 0.025390625
0 0.888671875 0.3056640625 0.03515625 0.02734375
0 0.890625 0.3369140625 0.0390625 0.015625
0 0.88671875 0.3525390625 0.041015625 0.015625
0 0.88671875 0.3662109375 0.041015625 0.017578125
0 0.8896484375 0.3828125 0.044921875 0.0234375
0 0.8974609375 0.4052734375 0.0390625 0.0234375
0 0.8896484375 0.4375 0.0390625 0.0234375
0 0.8955078125 0.4677734375 0.0390625 0.0234375
0 0.8955078125 0.49609375 0.04296875 0.02734375
0 0.892578125 0.5244140625 0.03515625 0.02734375
0 0.89453125 0.5546875 0.0390625 0.02734375
0 0.892578125 0.5830078125 0.037109375 0.0234375
0 0.8935546875 0.609375 0.03515625 0.0234375
0 0.892578125 0.626953125 0.0390625 0.017578125
0 0.8916015625 0.6474609375 0.041015625 0.015625
0 0.89453125 0.662109375 0.0390625 0.01953125
0 0.8916015625 0.6796875 0.046875 0.017578125
0 0.8935546875 0.697265625 0.041015625 0.01171875
0 0.8974609375 0.712890625 0.044921875 0.015625
0 0.8984375 0.7373046875 0.03515625 0.01953125
0 0.8974609375 0.7666015625 0.0390625 0.01953125
0 0.8974609375 0.7939453125 0.041015625 0.01953125
0 0.8935546875 0.8232421875 0.04296875 0.021484375
0 0.8955078125 0.85546875 0.041015625 0.01953125
0 0.8955078125 0.873046875 0.04296875 0.017578125
0 0.896484375 0.890625 0.0390625 0.017578125
3 0.45703125 0.9873046875 0.099609375 0.025390625
4 0.6669921875 0.1435546875 0.44140625 0.19140625
4 0.5693359375 0.2841796875 0.5625 0.201171875
4 0.615234375 0.787109375 0.521484375 0.25