2 0.2119140625 0.255859375 0.3740234375 0.501953125
2 0.4208984375 0.1328125 0.3779296875 0.265625
2 0.875 0.1259765625 0.25 0.251953125
2 0.619140625 0.3134765625 0.3486328125 0.4189453125
2 0.9404296875 0.2919921875 0.10546875 0.1708984375
2 0.8603515625 0.45703125 0.2587890625 0.3720703125
2 0.9189453125 0.646484375 0.130859375 0.21484375
2 0.6025390625 0.7685546875 0.3447265625 0.4208984375
2 0.19140625 0.7734375 0.3828125 0.453125
2 0.400390625 0.896484375 0.2724609375 0.2060546875
2 0.8466796875 0.81640625 0.267578125 0.3173828125
2 0.3984375 0.53515625 0.4228515625 0.5078125