2 0.267578125 0.033203125 0.0859375 0.06640625
2 0.203125 0.0849609375 0.08984375 0.06640625
2 0.1533203125 0.158203125 0.0859375 0.06640625
2 0.0908203125 0.220703125 0.11328125 0.08203125
2 0.0419921875 0.29296875 0.083984375 0.0703125
2 0.53515625 0.0517578125 0.078125 0.0703125
2 0.6298828125 0.12890625 0.078125 0.0703125
2 0.7099609375 0.2021484375 0.08203125 0.0625
2 0.802734375 0.28515625 0.08203125 0.07421875
2 0.8994140625 0.3740234375 0.083984375 0.078125
2 0.982421875 0.453125 0.03515625 0.0703125
1 0.5361328125 0.1630859375 0.1015625 0.078125
1 0.6220703125 0.232421875 0.12109375 0.0703125
1 0.7060546875 0.3193359375 0.126953125 0.078125
1 0.8056640625 0.40234375 0.1171875 0.08203125
1 0.91015625 0.4921875 0.130859375 0.099609375
1 0.966796875 0.578125 0.06640625 0.1015625
1 0.3173828125 0.1376953125 0.087890625 0.07421875
1 0.2763671875 0.203125 0.099609375 0.0703125
1 0.212890625 0.26953125 0.08984375 0.078125
1 0.162109375 0.3388671875 0.10546875 0.06640625
1 0.10546875 0.3994140625 0.09765625 0.07421875
1 0.0693359375 0.4609375 0.109375 0.068359375
1 0.02734375 0.5126953125 0.0546875 0.068359375
3 0.181640625 0.849609375 0.17578125 0.1328125
3 0.9033203125 0.9072265625 0.193359375 0.126953125
1 0.5400390625 0.466796875 0.2265625 0.185546875
1 0.3017578125 0.44921875 0.154296875 0.1328125
1 0.388671875 0.3408203125 0.15234375 0.08984375
1 0.216796875 0.591796875 0.20703125 0.154296875
1 0.7119140625 0.6337890625 0.265625 0.1640625
1 0.857421875 0.77734375 0.28515625 0.125
1 0.154296875 0.7265625 0.30859375 0.1171875
1 0.076171875 0.9716796875 0.15234375 0.056640625
1 0.27734375 0.97265625 0.16015625 0.0546875
1 0.470703125 0.9794921875 0.1484375 0.041015625
1 0.6640625 0.982421875 0.15625 0.03515625
1 0.83984375 0.9912109375 0.13671875 0.017578125