2 0.5185546875 0.140625 0.0703125 0.1640625
3 0.185546875 0.5849609375 0.11328125 0.125
3 0.8330078125 0.544921875 0.1171875 0.13671875
3 0.208984375 0.7490234375 0.1484375 0.12890625
3 0.005859375 0.5908203125 0.01171875 0.166015625
4 0.0234375 0.89453125 0.046875 0.2109375
4 0.3671875 0.970703125 0.19140625 0.05859375
4 0.947265625 0.962890625 0.10546875 0.07421875
2 0.234375 0.5732421875 0.03125 0.01953125
2 0.2451171875 0.560546875 0.033203125 0.01953125
2 0.25390625 0.5458984375 0.02734375 0.015625
2 0.2607421875 0.5361328125 0.03125 0.021484375
2 0.271484375 0.5224609375 0.02734375 0.015625
2 0.2783203125 0.509765625 0.029296875 0.0234375
2 0.2890625 0.4970703125 0.03125 0.0234375
2 0.294921875 0.484375 0.03515625 0.0234375
2 0.302734375 0.470703125 0.03125 0.0234375
2 0.310546875 0.45703125 0.03515625 0.01953125
2 0.3212890625 0.4443359375 0.03125 0.0234375
2 0.326171875 0.4296875 0.02734375 0.01953125
2 0.3369140625 0.4169921875 0.025390625 0.0234375
2 0.34375 0.40625 0.02734375 0.03125
2 0.3515625 0.3916015625 0.029296875 0.02734375
2 0.359375 0.37890625 0.03515625 0.01953125
2 0.3701171875 0.3671875 0.03125 0.015625
2 0.375 0.353515625 0.03125 0.0234375
2 0.3837890625 0.33984375 0.03125 0.0234375
2 0.392578125 0.3291015625 0.03515625 0.0234375
2 0.400390625 0.3173828125 0.033203125 0.02734375
2 0.40625 0.302734375 0.02734375 0.01953125
2 0.4169921875 0.2880859375 0.03125 0.021484375
2 0.4228515625 0.2783203125 0.02734375 0.01953125
2 0.431640625 0.26171875 0.03125 0.021484375
2 0.4375 0.25 0.037109375 0.01953125
2 0.4453125 0.236328125 0.02734375 0.0234375
2 0.4541015625 0.2275390625 0.029296875 0.025390625
2 0.458984375 0.212890625 0.029296875 0.01953125
2 0.46875 0.2001953125 0.03125 0.01953125
2 0.55859375 0.1875 0.03125 0.021484375
2 0.5595703125 0.2001953125 0.03125 0.01953125
2 0.5673828125 0.2109375 0.03125 0.01953125
2 0.5703125 0.2216796875 0.037109375 0.01953125
2 0.580078125 0.232421875 0.033203125 0.017578125
2 0.5859375 0.244140625 0.0390625 0.0234375
2 0.591796875 0.255859375 0.037109375 0.021484375
2 0.5986328125 0.265625 0.0390625 0.0234375
2 0.60546875 0.2783203125 0.03515625 0.01953125
2 0.6142578125 0.2890625 0.03125 0.01953125
2 0.623046875 0.3017578125 0.03125 0.0234375
2 0.6259765625 0.3154296875 0.04296875 0.01953125
2 0.63671875 0.3271484375 0.033203125 0.021484375
2 0.638671875 0.33984375 0.03125 0.021484375
2 0.650390625 0.3515625 0.03125 0.015625
2 0.658203125 0.3642578125 0.03125 0.01953125
2 0.6650390625 0.375 0.03125 0.01953125
2 0.673828125 0.390625 0.03125 0.021484375
2 0.6806640625 0.4013671875 0.03515625 0.01953125
2 0.6884765625 0.4140625 0.03125 0.021484375
2 0.6982421875 0.4267578125 0.04296875 0.015625
2 0.7060546875 0.4375 0.033203125 0.0234375
2 0.712890625 0.451171875 0.02734375 0.0234375
2 0.720703125 0.46484375 0.03125 0.0234375
2 0.7294921875 0.478515625 0.033203125 0.017578125
2 0.7373046875 0.48828125 0.029296875 0.01953125
2 0.744140625 0.5009765625 0.029296875 0.01953125
2 0.7548828125 0.513671875 0.02734375 0.021484375
2 0.7578125 0.521484375 0.0390625 0.02734375
2 0.7802734375 0.5361328125 0.03515625 0.021484375
1 0.3779296875 0.5927734375 0.03125 0.025390625
1 0.4052734375 0.5908203125 0.02734375 0.0234375
1 0.4306640625 0.5869140625 0.02734375 0.0234375
1 0.455078125 0.5859375 0.03125 0.02734375
1 0.48046875 0.5859375 0.03125 0.02734375
1 0.5185546875 0.583984375 0.04296875 0.0234375
1 0.5478515625 0.5830078125 0.037109375 0.0234375
1 0.5751953125 0.5810546875 0.03515625 0.025390625
1 0.6044921875 0.578125 0.03515625 0.021484375
1 0.6259765625 0.576171875 0.037109375 0.02734375
1 0.6591796875 0.576171875 0.0390625 0.021484375
1 0.693359375 0.572265625 0.048828125 0.02734375
1 0.685546875 0.5517578125 0.046875 0.017578125
1 0.6748046875 0.537109375 0.046875 0.017578125
1 0.6650390625 0.51953125 0.052734375 0.0234375
1 0.6591796875 0.5048828125 0.05859375 0.01953125
1 0.6494140625 0.490234375 0.05859375 0.01953125
1 0.6416015625 0.4736328125 0.04296875 0.01953125
1 0.62890625 0.458984375 0.046875 0.0234375
1 0.623046875 0.4404296875 0.05078125 0.0234375
1 0.6201171875 0.4345703125 0.03515625 0.03125
1 0.6064453125 0.41796875 0.033203125 0.03125
1 0.6015625 0.408203125 0.0390625 0.02734375
1 0.5927734375 0.392578125 0.033203125 0.02734375
1 0.5849609375 0.376953125 0.03125 0.02734375
1 0.5810546875 0.3671875 0.037109375 0.0234375
1 0.5712890625 0.3505859375 0.041015625 0.033203125
1 0.5615234375 0.3349609375 0.025390625 0.029296875
1 0.5556640625 0.3232421875 0.04296875 0.03125
1 0.515625 0.3271484375 0.03515625 0.02734375
1 0.5322265625 0.3017578125 0.060546875 0.046875
1 0.5029296875 0.3447265625 0.03515625 0.0234375
1 0.494140625 0.359375 0.0390625 0.02734375
1 0.484375 0.375 0.0390625 0.02734375
1 0.470703125 0.3896484375 0.0390625 0.02734375
1 0.4658203125 0.4033203125 0.0390625 0.0234375
1 0.451171875 0.4189453125 0.03515625 0.025390625
1 0.443359375 0.4365234375 0.041015625 0.02734375
1 0.4248046875 0.451171875 0.04296875 0.029296875
1 0.4169921875 0.4736328125 0.044921875 0.015625
1 0.4072265625 0.48828125 0.044921875 0.017578125
1 0.3994140625 0.505859375 0.060546875 0.01953125
1 0.3876953125 0.5205078125 0.056640625 0.015625
1 0.3740234375 0.5380859375 0.0546875 0.01953125
1 0.3642578125 0.5546875 0.05078125 0.015625
1 0.357421875 0.5703125 0.052734375 0.01953125
1 0.341796875 0.5947265625 0.048828125 0.03125