4 0.103515625 0.31640625 0.197265625 0.25
4 0.078125 0.4365234375 0.15625 0.173828125
1 0.029296875 0.0654296875 0.05859375 0.0283203125
1 0.08984375 0.068359375 0.0673828125 0.0263671875
1 0.154296875 0.068359375 0.0654296875 0.0244140625
1 0.220703125 0.0703125 0.060546875 0.029296875
1 0.2861328125 0.072265625 0.06640625 0.03125
1 0.3515625 0.07421875 0.0654296875 0.02734375
1 0.4169921875 0.076171875 0.0712890625 0.029296875
1 0.4794921875 0.078125 0.0595703125 0.029296875
1 0.5439453125 0.078125 0.0625 0.03125
1 0.607421875 0.0810546875 0.0673828125 0.0302734375
1 0.6689453125 0.08203125 0.0634765625 0.03125
1 0.7294921875 0.083984375 0.0625 0.033203125
1 0.79296875 0.08203125 0.056640625 0.03515625
1 0.84765625 0.083984375 0.05859375 0.0302734375
1 0.90625 0.0888671875 0.0634765625 0.0244140625
0 0.0126953125 0.107421875 0.025390625 0.0263671875
0 0.0546875 0.107421875 0.0458984375 0.0244140625
0 0.1103515625 0.107421875 0.044921875 0.0263671875
0 0.1611328125 0.111328125 0.0546875 0.03125
0 0.2138671875 0.111328125 0.04296875 0.02734375
0 0.2685546875 0.111328125 0.0498046875 0.0283203125
0 0.3193359375 0.111328125 0.0498046875 0.029296875
0 0.3701171875 0.115234375 0.0439453125 0.029296875
0 0.4248046875 0.1171875 0.05078125 0.0283203125
0 0.4765625 0.1171875 0.0439453125 0.0283203125
0 0.5244140625 0.119140625 0.046875 0.029296875
0 0.5771484375 0.1201171875 0.0478515625 0.0283203125
0 0.6259765625 0.1240234375 0.0419921875 0.0263671875
0 0.6796875 0.125 0.0419921875 0.0302734375
0 0.73046875 0.1240234375 0.0517578125 0.0302734375
0 0.7822265625 0.125 0.0439453125 0.03125
0 0.83203125 0.125 0.0419921875 0.029296875
0 0.8818359375 0.126953125 0.03515625 0.0244140625
0 0.927734375 0.12890625 0.0419921875 0.03125
1 0.013671875 0.1455078125 0.02734375 0.033203125
1 0.056640625 0.1484375 0.05859375 0.0390625
1 0.109375 0.1474609375 0.0458984375 0.0302734375
1 0.1611328125 0.1513671875 0.0556640625 0.0380859375
1 0.21484375 0.1494140625 0.052734375 0.033203125
1 0.2705078125 0.15234375 0.0537109375 0.037109375
1 0.318359375 0.150390625 0.0478515625 0.0361328125
1 0.369140625 0.154296875 0.0625 0.0390625
1 0.4228515625 0.1533203125 0.048828125 0.03515625
1 0.4775390625 0.158203125 0.0556640625 0.041015625
1 0.5234375 0.1591796875 0.0400390625 0.03125
1 0.576171875 0.1630859375 0.05859375 0.03125
1 0.630859375 0.1611328125 0.0458984375 0.0361328125
1 0.681640625 0.1650390625 0.05078125 0.0341796875
1 0.728515625 0.1611328125 0.0439453125 0.03125
1 0.7783203125 0.1669921875 0.0576171875 0.0380859375
1 0.8330078125 0.166015625 0.05078125 0.0302734375
1 0.880859375 0.16796875 0.048828125 0.0341796875
1 0.9287109375 0.16796875 0.0283203125 0.0302734375
1 0.162109375 0.216796875 0.03515625 0.0390625
1 0.2001953125 0.2197265625 0.0400390625 0.0400390625
1 0.232421875 0.2060546875 0.0341796875 0.0341796875
1 0.267578125 0.20703125 0.046875 0.0390625
1 0.34765625 0.1982421875 0.06640625 0.03515625
1 0.43359375 0.19921875 0.0693359375 0.03515625
1 0.544921875 0.2080078125 0.05859375 0.0400390625
1 0.625 0.208984375 0.0576171875 0.0361328125
1 0.7099609375 0.2197265625 0.060546875 0.044921875
1 0.7978515625 0.2197265625 0.0634765625 0.03515625
1 0.8818359375 0.220703125 0.05078125 0.0341796875
0 0.2119140625 0.2880859375 0.05078125 0.0419921875
0 0.28125 0.2802734375 0.056640625 0.0419921875
0 0.208984375 0.3359375 0.05078125 0.046875
0 0.275390625 0.330078125 0.0576171875 0.046875
0 0.2763671875 0.375 0.052734375 0.0478515625
0 0.2119140625 0.3837890625 0.052734375 0.0419921875
0 0.2060546875 0.431640625 0.0556640625 0.048828125
0 0.27734375 0.42578125 0.046875 0.0498046875
0 0.2783203125 0.48046875 0.048828125 0.048828125
0 0.20703125 0.482421875 0.052734375 0.0478515625
0 0.20703125 0.529296875 0.056640625 0.0498046875
0 0.27734375 0.525390625 0.052734375 0.0498046875
0 0.205078125 0.580078125 0.0498046875 0.0517578125
0 0.27734375 0.57421875 0.0537109375 0.05078125
0 0.208984375 0.6279296875 0.052734375 0.048828125
0 0.2734375 0.62890625 0.0537109375 0.044921875
0 0.2080078125 0.681640625 0.0537109375 0.0498046875
0 0.2734375 0.67578125 0.046875 0.0458984375
0 0.203125 0.7265625 0.048828125 0.0478515625
0 0.2744140625 0.7265625 0.0556640625 0.0478515625
0 0.2060546875 0.78125 0.0517578125 0.048828125
0 0.2744140625 0.779296875 0.0615234375 0.0517578125
0 0.203125 0.8291015625 0.048828125 0.0517578125
0 0.197265625 0.87890625 0.0615234375 0.0439453125
0 0.2705078125 0.828125 0.046875 0.048828125
0 0.267578125 0.880859375 0.041015625 0.0419921875
0 0.494140625 0.2890625 0.0546875 0.03515625
0 0.3955078125 0.3466796875 0.0556640625 0.0341796875
0 0.587890625 0.353515625 0.05859375 0.03125
0 0.4921875 0.4111328125 0.04296875 0.0302734375
0 0.39453125 0.4736328125 0.052734375 0.0322265625
0 0.5791015625 0.4765625 0.0517578125 0.0322265625
0 0.4892578125 0.5390625 0.060546875 0.0361328125
0 0.392578125 0.6015625 0.0517578125 0.0380859375
0 0.580078125 0.60546875 0.0546875 0.03515625
0 0.4853515625 0.666015625 0.056640625 0.037109375
0 0.71484375 0.2978515625 0.0537109375 0.0341796875
0 0.8955078125 0.3056640625 0.0537109375 0.0341796875
0 0.8017578125 0.3642578125 0.05078125 0.0380859375
0 0.9013671875 0.42578125 0.0517578125 0.03515625
0 0.71875 0.41796875 0.0546875 0.0390625
0 0.806640625 0.484375 0.0517578125 0.0419921875
0 0.9013671875 0.546875 0.05078125 0.033203125
0 0.8076171875 0.607421875 0.0537109375 0.0380859375
0 0.7138671875 0.5458984375 0.0517578125 0.0361328125
0 0.716796875 0.66796875 0.0546875 0.0380859375
0 0.8984375 0.6689453125 0.056640625 0.0361328125
1 0.1796875 0.255859375 0.0390625 0.0302734375
1 0.2099609375 0.2529296875 0.041015625 0.0322265625
1 0.2470703125 0.2431640625 0.0400390625 0.02734375
1 0.27734375 0.24609375 0.0390625 0.0283203125
1 0.3125 0.2392578125 0.041015625 0.0263671875
1 0.3564453125 0.2392578125 0.0400390625 0.0322265625
1 0.3896484375 0.23828125 0.0380859375 0.0283203125
1 0.4267578125 0.240234375 0.0400390625 0.033203125
1 0.46484375 0.2431640625 0.0341796875 0.0302734375
1 0.501953125 0.2431640625 0.041015625 0.025390625
1 0.5380859375 0.24609375 0.03515625 0.03125
1 0.5771484375 0.244140625 0.041015625 0.02734375
1 0.61328125 0.244140625 0.03515625 0.0263671875
1 0.6474609375 0.2451171875 0.0341796875 0.03125
1 0.6953125 0.2548828125 0.0400390625 0.025390625
1 0.7333984375 0.2548828125 0.041015625 0.0302734375
1 0.7705078125 0.2568359375 0.0390625 0.029296875
1 0.80859375 0.2587890625 0.0439453125 0.0302734375
1 0.8388671875 0.2568359375 0.037109375 0.0263671875
1 0.875 0.26171875 0.0380859375 0.0322265625
1 0.9111328125 0.259765625 0.041015625 0.029296875
1 0.40625 0.265625 0.0595703125 0.029296875
1 0.3583984375 0.2802734375 0.0576171875 0.0556640625
1 0.392578125 0.3125 0.0859375 0.041015625
1 0.345703125 0.341796875 0.044921875 0.0498046875
1 0.451171875 0.345703125 0.060546875 0.048828125
1 0.39453125 0.380859375 0.0908203125 0.0390625
1 0.4423828125 0.2861328125 0.0556640625 0.048828125
1 0.498046875 0.2607421875 0.0625 0.0234375
1 0.548828125 0.2880859375 0.068359375 0.046875
1 0.4970703125 0.3212890625 0.1025390625 0.0419921875
1 0.5830078125 0.271484375 0.0634765625 0.0283203125
1 0.626953125 0.2978515625 0.0556640625 0.0537109375
1 0.583984375 0.318359375 0.080078125 0.0380859375
1 0.6337890625 0.3505859375 0.052734375 0.0517578125
1 0.5888671875 0.388671875 0.0693359375 0.0400390625
1 0.53125 0.3515625 0.05859375 0.0478515625
1 0.484375 0.3759765625 0.0703125 0.0419921875
1 0.546875 0.4111328125 0.0556640625 0.046875
1 0.4375 0.412109375 0.060546875 0.046875
1 0.486328125 0.447265625 0.0732421875 0.0478515625
1 0.3955078125 0.435546875 0.0673828125 0.0478515625
1 0.3544921875 0.4052734375 0.0546875 0.05859375
1 0.3505859375 0.474609375 0.0478515625 0.0615234375
1 0.3984375 0.5107421875 0.07421875 0.048828125
1 0.44921875 0.46875 0.0517578125 0.064453125
1 0.5283203125 0.478515625 0.0615234375 0.0546875
1 0.578125 0.439453125 0.07421875 0.0419921875
1 0.630859375 0.4755859375 0.0478515625 0.0537109375
1 0.58203125 0.5146484375 0.0888671875 0.04296875
1 0.4921875 0.5048828125 0.0771484375 0.041015625
1 0.435546875 0.5390625 0.0546875 0.0498046875
1 0.5458984375 0.5361328125 0.068359375 0.05078125
1 0.4873046875 0.57421875 0.0849609375 0.0380859375
1 0.357421875 0.53515625 0.0615234375 0.0634765625
1 0.3955078125 0.5615234375 0.0810546875 0.0380859375
1 0.3447265625 0.59765625 0.04296875 0.0595703125
1 0.4482421875 0.5966796875 0.06640625 0.05078125
1 0.3896484375 0.63671875 0.1015625 0.0400390625
1 0.474609375 0.6259765625 0.078125 0.0419921875
1 0.5478515625 0.6650390625 0.0546875 0.0576171875
1 0.4267578125 0.6669921875 0.068359375 0.048828125
1 0.525390625 0.6064453125 0.0556640625 0.05078125
1 0.5859375 0.5703125 0.0634765625 0.04296875
1 0.6240234375 0.541015625 0.060546875 0.06640625
1 0.6298828125 0.6025390625 0.048828125 0.0478515625
1 0.5751953125 0.6396484375 0.0859375 0.044921875
1 0.6240234375 0.6767578125 0.060546875 0.0634765625
1 0.7119140625 0.2646484375 0.06640625 0.0400390625
1 0.6748046875 0.296875 0.03125 0.05078125
1 0.765625 0.296875 0.0595703125 0.048828125
1 0.7119140625 0.3330078125 0.0654296875 0.037109375
1 0.8046875 0.2861328125 0.048828125 0.0302734375
1 0.84765625 0.3037109375 0.0537109375 0.0556640625
1 0.890625 0.2763671875 0.0537109375 0.0263671875
1 0.94140625 0.298828125 0.0263671875 0.0537109375
1 0.8994140625 0.341796875 0.0732421875 0.0380859375
1 0.802734375 0.326171875 0.0830078125 0.0361328125
1 0.7548828125 0.3623046875 0.0546875 0.05078125
1 0.861328125 0.361328125 0.064453125 0.048828125
1 0.8076171875 0.400390625 0.0888671875 0.041015625
1 0.890625 0.388671875 0.0654296875 0.0380859375
1 0.712890625 0.384765625 0.07421875 0.0390625
1 0.6806640625 0.4228515625 0.0302734375 0.05078125
1 0.7724609375 0.4189453125 0.0654296875 0.0537109375
1 0.7119140625 0.4541015625 0.0810546875 0.0439453125
1 0.8017578125 0.447265625 0.080078125 0.0400390625
1 0.7529296875 0.4833984375 0.048828125 0.05078125
1 0.859375 0.48046875 0.056640625 0.052734375
1 0.90234375 0.4580078125 0.0712890625 0.044921875
1 0.93359375 0.486328125 0.0537109375 0.0478515625
1 0.80078125 0.517578125 0.099609375 0.0400390625
1 0.7138671875 0.5068359375 0.068359375 0.0439453125
1 0.763671875 0.5380859375 0.05859375 0.052734375
1 0.71875 0.5791015625 0.0927734375 0.037109375
1 0.8447265625 0.5458984375 0.056640625 0.044921875
1 0.892578125 0.5107421875 0.0654296875 0.037109375
1 0.947265625 0.546875 0.0361328125 0.05078125
1 0.8955078125 0.58203125 0.080078125 0.037109375
1 0.9326171875 0.6103515625 0.05859375 0.0546875
1 0.80859375 0.568359375 0.08203125 0.048828125
1 0.7509765625 0.607421875 0.05078125 0.0546875
1 0.8623046875 0.6025390625 0.0537109375 0.052734375
1 0.8046875 0.6416015625 0.08203125 0.03515625
1 0.9052734375 0.6357421875 0.0634765625 0.044921875
1 0.8486328125 0.669921875 0.046875 0.0537109375
1 0.939453125 0.66796875 0.05078125 0.0556640625
1 0.90234375 0.7041015625 0.0927734375 0.0390625
1 0.7734375 0.6669921875 0.0576171875 0.0546875
1 0.7236328125 0.6298828125 0.0634765625 0.041015625
1 0.349609375 0.669921875 0.060546875 0.072265625
1 0.392578125 0.6962890625 0.0810546875 0.0400390625
1 0.34375 0.732421875 0.0556640625 0.0498046875
1 0.4482421875 0.7353515625 0.0576171875 0.05078125
1 0.3876953125 0.7685546875 0.0849609375 0.0361328125
1 0.34765625 0.7978515625 0.06640625 0.064453125
1 0.38671875 0.828125 0.0859375 0.044921875
1 0.333984375 0.8671875 0.064453125 0.0576171875
1 0.38671875 0.8994140625 0.0673828125 0.0380859375
1 0.447265625 0.8662109375 0.052734375 0.0625
1 0.4345703125 0.80078125 0.052734375 0.0546875
1 0.4794921875 0.7626953125 0.0712890625 0.044921875
1 0.544921875 0.7978515625 0.05859375 0.0615234375
1 0.482421875 0.837890625 0.0712890625 0.044921875
1 0.5322265625 0.8671875 0.0595703125 0.05859375
1 0.5771484375 0.826171875 0.0771484375 0.046875
1 0.630859375 0.859375 0.060546875 0.0546875
1 0.5791015625 0.90234375 0.09375 0.0400390625
1 0.4853515625 0.89453125 0.0908203125 0.0419921875
1 0.52734375 0.7333984375 0.0595703125 0.0537109375
1 0.57421875 0.6953125 0.083984375 0.044921875
1 0.6318359375 0.7294921875 0.0537109375 0.05078125
1 0.5791015625 0.7685546875 0.080078125 0.046875
1 0.6259765625 0.796875 0.0615234375 0.0615234375
0 0.5810546875 0.732421875 0.0615234375 0.041015625
0 0.3896484375 0.7333984375 0.064453125 0.0439453125
0 0.4873046875 0.7958984375 0.0625 0.0458984375
0 0.5830078125 0.8662109375 0.0625 0.04296875
0 0.392578125 0.8671875 0.0634765625 0.04296875
1 0.484375 0.703125 0.0859375 0.0361328125
1 0.71484375 0.7041015625 0.06640625 0.0390625
1 0.8095703125 0.7001953125 0.0869140625 0.0439453125
1 0.86328125 0.7314453125 0.068359375 0.05078125
1 0.8115234375 0.767578125 0.076171875 0.04296875
1 0.755859375 0.732421875 0.0693359375 0.05078125
1 0.7158203125 0.7578125 0.080078125 0.0380859375
1 0.7705078125 0.7939453125 0.0654296875 0.056640625
1 0.712890625 0.8271484375 0.078125 0.044921875
1 0.7529296875 0.859375 0.072265625 0.0625
1 0.802734375 0.8232421875 0.08203125 0.048828125
1 0.84765625 0.7939453125 0.0693359375 0.0634765625
1 0.8955078125 0.7666015625 0.068359375 0.044921875
1 0.9462890625 0.794921875 0.0498046875 0.0537109375
1 0.8984375 0.8349609375 0.0732421875 0.0380859375
1 0.939453125 0.8623046875 0.0537109375 0.05078125
1 0.8916015625 0.88671875 0.0908203125 0.0498046875
1 0.861328125 0.85546875 0.0625 0.048828125
1 0.8056640625 0.8935546875 0.060546875 0.037109375
1 0.7197265625 0.884765625 0.08203125 0.0380859375
0 0.71484375 0.79296875 0.052734375 0.0458984375
0 0.806640625 0.7294921875 0.0595703125 0.0439453125
0 0.90234375 0.796875 0.056640625 0.0380859375
0 0.8076171875 0.861328125 0.060546875 0.0390625