1 0.30859375 0.1484375 0.130859375 0.109375
1 0.34765625 0.2578125 0.119140625 0.1015625
1 0.369140625 0.3759765625 0.109375 0.087890625
1 0.3984375 0.47265625 0.107421875 0.08984375
1 0.4267578125 0.5576171875 0.11328125 0.08203125
1 0.4462890625 0.646484375 0.09765625 0.09375
1 0.48046875 0.72265625 0.09375 0.0703125
1 0.5 0.791015625 0.07421875 0.0625
1 0.5087890625 0.8544921875 0.0859375 0.05078125
1 0.525390625 0.9130859375 0.087890625 0.060546875
1 0.5478515625 0.9677734375 0.08203125 0.064453125