1 0.888671875 0.8642578125 0.2109375 0.0810546875
1 0.9169921875 0.9609375 0.1630859375 0.078125
4 0.4814453125 0.9697265625 0.3125 0.046875
1 0.3759765625 0.8603515625 0.193359375 0.0732421875
1 0.5732421875 0.86328125 0.19921875 0.07421875
0 0.2763671875 0.802734375 0.076171875 0.0390625
1 0.3447265625 0.79296875 0.0703125 0.021484375
1 0.3544921875 0.8115234375 0.0859375 0.0185546875
1 0.39453125 0.8017578125 0.0380859375 0.0380859375
0 0.46875 0.8037109375 0.12890625 0.0380859375
1 0.5595703125 0.8046875 0.064453125 0.0361328125
1 0.6083984375 0.79296875 0.08984375 0.0166015625
1 0.6201171875 0.81640625 0.0576171875 0.017578125
0 0.6708984375 0.8076171875 0.08984375 0.03515625
1 0.3662109375 0.736328125 0.2109375 0.087890625
1 0.5830078125 0.7392578125 0.2177734375 0.091796875
1 0.3505859375 0.498046875 0.267578125 0.1259765625
1 0.609375 0.50390625 0.2529296875 0.1328125
0 0.2099609375 0.392578125 0.0986328125 0.0654296875
1 0.30859375 0.3740234375 0.109375 0.033203125
1 0.3115234375 0.4130859375 0.1123046875 0.03125
1 0.650390625 0.3759765625 0.1416015625 0.0380859375
1 0.650390625 0.412109375 0.1318359375 0.03125
1 0.365234375 0.39453125 0.0908203125 0.0615234375
1 0.58203125 0.392578125 0.08984375 0.05859375
0 0.7490234375 0.3935546875 0.1162109375 0.060546875
0 0.4716796875 0.3935546875 0.1630859375 0.0634765625
1 0.3193359375 0.259765625 0.3115234375 0.1787109375
1 0.6328125 0.26171875 0.31640625 0.1845703125
4 0.4580078125 0.0830078125 0.5458984375 0.166015625