4 0.396484375 0.9130859375 0.05859375 0.171875
4 0.6923828125 0.9521484375 0.037109375 0.09375
4 0.9130859375 0.6689453125 0.0625 0.134765625
4 0.876953125 0.6474609375 0.0390625 0.1484375
4 0.8388671875 0.5966796875 0.046875 0.171875
4 0.791015625 0.5419921875 0.0390625 0.14453125
4 0.7333984375 0.51171875 0.0625 0.1875
4 0.6689453125 0.4384765625 0.08203125 0.1875
4 0.5810546875 0.36328125 0.09375 0.232421875
4 0.4658203125 0.2802734375 0.111328125 0.2890625
4 0.3388671875 0.0791015625 0.09765625 0.15625
3 0.8115234375 0.3623046875 0.05859375 0.12109375
3 0.9541015625 0.52734375 0.06640625 0.1484375