3 0.4365234375 0.333984375 0.873046875 0.375
4 0.8974609375 0.205078125 0.203125 0.072265625
4 0.7890625 0.5712890625 0.0703125 0.03125
0 0.90625 0.9375 0.1171875 0.0625
0 0.970703125 0.9736328125 0.05859375 0.052734375
1 0.734375 0.978515625 0.0859375 0.04296875
1 0.814453125 0.943359375 0.05078125 0.04296875
1 0.8212890625 0.9912109375 0.05859375 0.017578125
0 0.9755859375 0.328125 0.048828125 0.04296875
0 0.9384765625 0.36328125 0.09375 0.05078125
0 0.9736328125 0.392578125 0.05078125 0.03125
0 0.8779296875 0.3876953125 0.07421875 0.03125
3 0.7646484375 0.0791015625 0.150390625 0.072265625
4 0.8955078125 0.1279296875 0.14453125 0.068359375