4 0.5078125 0.58984375 0.57421875 0.8203125
4 0.9833984375 0.7353515625 0.033203125 0.087890625
0 0.033203125 0.634765625 0.06640625 0.0390625
0 0.1474609375 0.6376953125 0.0703125 0.04296875
0 0.2080078125 0.63671875 0.06640625 0.0390625
0 0.28125 0.6376953125 0.06640625 0.0390625
0 0.3525390625 0.640625 0.0703125 0.03515625
0 0.84765625 0.646484375 0.10546875 0.04296875
0 0.76953125 0.6455078125 0.056640625 0.0390625
4 0.5458984375 0.103515625 0.107421875 0.14453125
1 0.966796875 0.841796875 0.0546875 0.037109375
1 0.91015625 0.8427734375 0.046875 0.03515625
1 0.84375 0.841796875 0.04296875 0.0390625
1 0.1201171875 0.8232421875 0.03515625 0.02734375
1 0.0302734375 0.8203125 0.05078125 0.03125
0 0.017578125 0.880859375 0.03515625 0.029296875
0 0.1240234375 0.884765625 0.04296875 0.0234375
0 0.853515625 0.8994140625 0.03515625 0.03515625
0 0.96875 0.904296875 0.0546875 0.029296875