2 0.751953125 0.1279296875 0.08203125 0.1171875
2 0.8193359375 0.228515625 0.109375 0.12109375
2 0.8818359375 0.3359375 0.1171875 0.11328125
2 0.935546875 0.4501953125 0.12109375 0.12109375
2 0.369140625 0.2763671875 0.09765625 0.12109375
2 0.4326171875 0.39453125 0.08984375 0.130859375
2 0.490234375 0.521484375 0.09375 0.11328125
2 0.5537109375 0.6337890625 0.1015625 0.11328125
2 0.6123046875 0.7529296875 0.1015625 0.125
2 0.6748046875 0.8720703125 0.07421875 0.12109375
2 0.7392578125 0.97265625 0.080078125 0.0546875
2 0.1064453125 0.548828125 0.060546875 0.125
2 0.078125 0.7001953125 0.08203125 0.14453125
2 0.0263671875 0.873046875 0.052734375 0.125
1 0.33203125 0.498046875 0.08203125 0.0859375
1 0.365234375 0.5654296875 0.1015625 0.0859375
1 0.4091796875 0.642578125 0.103515625 0.09765625
1 0.451171875 0.734375 0.08203125 0.103515625
1 0.5009765625 0.8125 0.09765625 0.0859375
1 0.537109375 0.8955078125 0.09765625 0.1015625
1 0.5830078125 0.9619140625 0.1015625 0.07421875
1 0.171875 0.580078125 0.0625 0.078125
1 0.1552734375 0.6572265625 0.078125 0.080078125
1 0.1318359375 0.755859375 0.08984375 0.1015625
1 0.103515625 0.8759765625 0.09375 0.11328125
1 0.0810546875 0.9619140625 0.1015625 0.07421875
1 0.7177734375 0.333984375 0.06640625 0.11328125
1 0.76953125 0.4248046875 0.078125 0.10546875
1 0.8203125 0.5048828125 0.08984375 0.07421875
1 0.8447265625 0.5732421875 0.0859375 0.06640625
1 0.8974609375 0.638671875 0.087890625 0.0859375
1 0.9443359375 0.7060546875 0.08984375 0.0859375
1 0.9716796875 0.78125 0.056640625 0.083984375