1 0.50390625 0.232421875 0.14453125 0.078125
1 0.2734375 0.25 0.158203125 0.0576171875
1 0.1728515625 0.29296875 0.1025390625 0.0439453125
1 0.103515625 0.373046875 0.1044921875 0.0380859375
1 0.1142578125 0.423828125 0.134765625 0.0625
1 0.1025390625 0.3271484375 0.1591796875 0.0517578125
1 0.2080078125 0.447265625 0.07421875 0.0390625
1 0.296875 0.482421875 0.1201171875 0.0615234375
1 0.5625 0.4560546875 0.126953125 0.0673828125
1 0.6376953125 0.4189453125 0.0703125 0.041015625
1 0.705078125 0.375 0.1689453125 0.05859375
1 0.7138671875 0.333984375 0.130859375 0.0390625
1 0.7021484375 0.287109375 0.1435546875 0.0673828125
1 0.615234375 0.259765625 0.0927734375 0.044921875
1 0.3876953125 0.2431640625 0.0908203125 0.0556640625