1 0.783203125 0.0517578125 0.125 0.103515625
1 0.79296875 0.15625 0.109375 0.08984375
1 0.8046875 0.2490234375 0.1171875 0.09375
1 0.8095703125 0.341796875 0.1484375 0.1015625
1 0.8251953125 0.4453125 0.125 0.107421875
1 0.841796875 0.546875 0.119140625 0.1015625
1 0.849609375 0.654296875 0.123046875 0.119140625
1 0.859375 0.767578125 0.154296875 0.119140625
1 0.875 0.8720703125 0.162109375 0.12109375
1 0.537109375 0.0517578125 0.30859375 0.1015625
1 0.5400390625 0.240234375 0.328125 0.29296875
1 0.5859375 0.513671875 0.26953125 0.265625
1 0.5927734375 0.833984375 0.369140625 0.33203125
1 0.2724609375 0.0341796875 0.125 0.068359375
1 0.283203125 0.109375 0.11328125 0.10546875
1 0.2822265625 0.2060546875 0.125 0.099609375
1 0.287109375 0.3046875 0.115234375 0.107421875
1 0.29296875 0.4130859375 0.1328125 0.119140625
1 0.2939453125 0.51953125 0.126953125 0.1171875
1 0.291015625 0.6328125 0.1484375 0.115234375
1 0.2958984375 0.7490234375 0.138671875 0.123046875
1 0.29296875 0.8701171875 0.169921875 0.119140625
1 0.302734375 0.9599609375 0.1484375 0.080078125
1 0.107421875 0.033203125 0.125 0.06640625
1 0.080078125 0.0908203125 0.16015625 0.0859375
1 0.0927734375 0.17578125 0.185546875 0.15625