0 0.767578125 0.052734375 0.033203125 0.046875
0 0.9931640625 0.0234375 0.013671875 0.044921875
0 0.96875 0.0908203125 0.03125 0.03515625
0 0.9951171875 0.15625 0.009765625 0.05078125
0 0.9697265625 0.2236328125 0.03515625 0.0390625
0 0.7685546875 0.208984375 0.0234375 0.03515625
0 0.8076171875 0.1240234375 0.025390625 0.046875
0 0.80859375 0.2783203125 0.03125 0.0546875
0 0.76953125 0.3525390625 0.02734375 0.044921875
0 0.8125 0.43359375 0.03125 0.05078125
0 0.76953125 0.5146484375 0.03125 0.04296875
0 0.974609375 0.357421875 0.02734375 0.041015625
0 0.978515625 0.5 0.03515625 0.0390625
0 0.9814453125 0.638671875 0.029296875 0.041015625
4 0.54296875 0.4765625 0.34765625 0.84375
4 0.5087890625 0.53125 0.1171875 0.21484375
4 0.4453125 0.556640625 0.037109375 0.220703125
4 0.626953125 0.5302734375 0.08203125 0.234375
1 0.4150390625 0.830078125 0.072265625 0.08984375
1 0.4951171875 0.82421875 0.0859375 0.099609375
1 0.5751953125 0.8193359375 0.078125 0.109375
1 0.5341796875 0.25 0.04296875 0.044921875
1 0.53515625 0.1982421875 0.03515625 0.044921875
1 0.5 0.2109375 0.033203125 0.04296875
1 0.4912109375 0.25390625 0.03515625 0.0390625
1 0.48046875 0.3212890625 0.04296875 0.060546875
1 0.5341796875 0.3046875 0.04296875 0.05078125