1 0.107421875 0.099609375 0.21484375 0.09765625
1 0.298828125 0.0712890625 0.20703125 0.125
1 0.125 0.263671875 0.25 0.1015625
1 0.3466796875 0.248046875 0.22265625 0.11328125
1 0.6474609375 0.0322265625 0.216796875 0.064453125
1 0.6201171875 0.1328125 0.205078125 0.130859375
1 0.6396484375 0.2421875 0.1640625 0.0859375
1 0.6572265625 0.3125 0.17578125 0.0703125
1 0.66796875 0.3701171875 0.1484375 0.05859375
1 0.884765625 0.01953125 0.07421875 0.0390625
1 0.9169921875 0.048828125 0.0625 0.0546875
1 0.96484375 0.08203125 0.0703125 0.037109375
1 0.8876953125 0.1640625 0.05859375 0.0546875
1 0.9111328125 0.201171875 0.07421875 0.046875
1 0.9345703125 0.2421875 0.0625 0.044921875
1 0.984375 0.1875 0.03125 0.068359375
1 0.875 0.2841796875 0.05859375 0.078125
1 0.9765625 0.2841796875 0.046875 0.04296875
1 0.921875 0.31640625 0.064453125 0.041015625
1 0.873046875 0.3544921875 0.05859375 0.05078125
0 0.939453125 0.3798828125 0.12109375 0.08203125
0 0.9033203125 0.50390625 0.10546875 0.0546875
0 0.01171875 0.912109375 0.0234375 0.0546875
0 0.0400390625 0.880859375 0.06640625 0.04296875
0 0.0576171875 0.916015625 0.07421875 0.0546875
0 0.1240234375 0.888671875 0.0703125 0.041015625
0 0.1484375 0.9287109375 0.072265625 0.0546875
0 0.205078125 0.8955078125 0.076171875 0.041015625
0 0.228515625 0.93359375 0.07421875 0.048828125
0 0.177734375 0.9609375 0.056640625 0.0390625
0 0.2763671875 0.9736328125 0.078125 0.0390625
0 0.2890625 0.9140625 0.0703125 0.046875
0 0.3271484375 0.94921875 0.07421875 0.05859375
0 0.3896484375 0.9169921875 0.0703125 0.052734375
0 0.421875 0.9521484375 0.08203125 0.0546875
0 0.375 0.9814453125 0.0859375 0.03515625
0 0.470703125 0.986328125 0.080078125 0.02734375
0 0.4833984375 0.93359375 0.07421875 0.05078125
0 0.525390625 0.9697265625 0.080078125 0.060546875
0 0.5869140625 0.9384765625 0.087890625 0.056640625
0 0.65234375 0.9765625 0.0859375 0.046875
0 0.6904296875 0.9501953125 0.05859375 0.05078125