0 0.400390625 0.7568359375 0.2734375 0.06640625
0 0.4013671875 0.6806640625 0.30859375 0.0703125
0 0.419921875 0.5966796875 0.369140625 0.06640625
0 0.4169921875 0.4150390625 0.40234375 0.109375
0 0.423828125 0.224609375 0.47265625 0.16015625
0 0.4228515625 0.033203125 0.61328125 0.06640625
0 0.0380859375 0.48828125 0.076171875 0.03125
0 0.0263671875 0.44140625 0.052734375 0.033203125
0 0.0185546875 0.392578125 0.037109375 0.03515625
0 0.0478515625 0.5263671875 0.06640625 0.0234375
1 0.8271484375 0.01171875 0.109375 0.0234375
1 0.8134765625 0.0439453125 0.09765625 0.05078125
1 0.791015625 0.0869140625 0.09375 0.048828125
1 0.78515625 0.1259765625 0.095703125 0.046875
1 0.7685546875 0.16796875 0.0859375 0.052734375
1 0.7587890625 0.205078125 0.08984375 0.05078125
1 0.75 0.2373046875 0.09375 0.046875
1 0.7392578125 0.271484375 0.087890625 0.04296875
1 0.7236328125 0.306640625 0.0859375 0.046875
1 0.7158203125 0.3349609375 0.08203125 0.046875