4 0.1357421875 0.4775390625 0.1337890625 0.5693359375
4 0.8154296875 0.47265625 0.150390625 0.5849609375
4 0.90625 0.6025390625 0.099609375 0.4013671875
0 0.3486328125 0.95703125 0.033203125 0.0615234375
0 0.349609375 0.888671875 0.033203125 0.0732421875
0 0.353515625 0.81640625 0.0380859375 0.064453125
0 0.3564453125 0.75 0.0322265625 0.0654296875
0 0.3603515625 0.6826171875 0.029296875 0.0673828125
0 0.3818359375 0.6533203125 0.0283203125 0.0546875
0 0.421875 0.65625 0.03125 0.0458984375
0 0.4912109375 0.65625 0.03515625 0.0390625
0 0.537109375 0.6572265625 0.041015625 0.044921875
0 0.5625 0.6826171875 0.0302734375 0.056640625
0 0.560546875 0.755859375 0.029296875 0.0634765625
0 0.5576171875 0.8203125 0.03515625 0.0634765625
0 0.5556640625 0.8916015625 0.033203125 0.05859375
0 0.552734375 0.9619140625 0.0341796875 0.0625
1 0.361328125 0.5625 0.0380859375 0.07421875
1 0.3876953125 0.4892578125 0.033203125 0.078125
1 0.4111328125 0.4453125 0.0302734375 0.0810546875
1 0.4453125 0.419921875 0.03125 0.0673828125
1 0.486328125 0.4228515625 0.0322265625 0.0712890625
1 0.515625 0.4365234375 0.03125 0.0849609375
1 0.537109375 0.4775390625 0.04296875 0.0888671875
1 0.556640625 0.509765625 0.0302734375 0.0517578125
1 0.5703125 0.5390625 0.0400390625 0.0673828125
1 0.197265625 0.958984375 0.06640625 0.08203125
1 0.2080078125 0.8916015625 0.0546875 0.0517578125
1 0.2001953125 0.8486328125 0.0703125 0.1162109375
1 0.2060546875 0.7861328125 0.07421875 0.0810546875
1 0.2060546875 0.7197265625 0.06640625 0.0966796875
1 0.21484375 0.61328125 0.0654296875 0.1220703125
1 0.2255859375 0.4892578125 0.0615234375 0.0947265625
1 0.2314453125 0.4150390625 0.0576171875 0.05859375
1 0.7255859375 0.4052734375 0.0888671875 0.0693359375
1 0.7255859375 0.5068359375 0.083984375 0.099609375
1 0.724609375 0.623046875 0.078125 0.1279296875
1 0.71875 0.7275390625 0.078125 0.109375
1 0.7021484375 0.78515625 0.044921875 0.0517578125
1 0.720703125 0.8720703125 0.076171875 0.12109375
1 0.71875 0.966796875 0.07421875 0.06640625
0 0.080078125 0.1669921875 0.03515625 0.048828125
0 0.119140625 0.1630859375 0.0390625 0.04296875
0 0.158203125 0.1572265625 0.037109375 0.0478515625
0 0.19921875 0.1572265625 0.0478515625 0.05859375
0 0.2412109375 0.158203125 0.044921875 0.048828125
0 0.2822265625 0.154296875 0.0419921875 0.05078125
0 0.328125 0.1513671875 0.041015625 0.0458984375
0 0.369140625 0.1494140625 0.0439453125 0.046875
0 0.4111328125 0.1474609375 0.0419921875 0.05078125
0 0.4599609375 0.1474609375 0.037109375 0.046875
0 0.505859375 0.1416015625 0.0322265625 0.0498046875
0 0.5498046875 0.140625 0.0419921875 0.0478515625
0 0.59375 0.13671875 0.044921875 0.0498046875
0 0.640625 0.1328125 0.0361328125 0.0517578125
0 0.6875 0.1298828125 0.041015625 0.0517578125
0 0.7333984375 0.130859375 0.046875 0.052734375
0 0.78125 0.126953125 0.041015625 0.048828125
0 0.830078125 0.125 0.0498046875 0.0478515625
0 0.2275390625 0.361328125 0.037109375 0.0498046875
0 0.267578125 0.357421875 0.0361328125 0.0419921875
0 0.30859375 0.35546875 0.0341796875 0.0478515625
0 0.349609375 0.353515625 0.037109375 0.044921875
0 0.3896484375 0.3515625 0.0419921875 0.044921875
0 0.4296875 0.3486328125 0.033203125 0.05078125
0 0.4697265625 0.34765625 0.0361328125 0.0498046875
0 0.505859375 0.34765625 0.0380859375 0.044921875
0 0.5478515625 0.34375 0.0400390625 0.0478515625
0 0.591796875 0.3427734375 0.0419921875 0.0537109375
0 0.6376953125 0.3466796875 0.044921875 0.05078125
0 0.681640625 0.34375 0.0361328125 0.0478515625
0 0.724609375 0.341796875 0.0419921875 0.0546875
1 0.208984375 0.2861328125 0.056640625 0.0693359375
1 0.2626953125 0.283203125 0.0556640625 0.07421875
1 0.322265625 0.279296875 0.0537109375 0.076171875
1 0.3759765625 0.2783203125 0.0595703125 0.0791015625
1 0.4384765625 0.275390625 0.0576171875 0.0693359375
1 0.4990234375 0.275390625 0.0595703125 0.0712890625
1 0.560546875 0.2685546875 0.0625 0.06640625
1 0.623046875 0.265625 0.0634765625 0.0673828125
1 0.6875 0.259765625 0.06640625 0.076171875