0 0.8701171875 0.0380859375 0.142578125 0.07421875
0 0.873046875 0.109375 0.15234375 0.08984375
0 0.8642578125 0.19140625 0.15234375 0.08203125
0 0.8544921875 0.271484375 0.193359375 0.08984375
0 0.8505859375 0.36328125 0.185546875 0.08984375
0 0.8388671875 0.4580078125 0.171875 0.10546875
0 0.8271484375 0.544921875 0.19140625 0.091796875
0 0.7998046875 0.6455078125 0.17578125 0.09765625
0 0.8134765625 0.7578125 0.1796875 0.091796875
0 0.802734375 0.8671875 0.201171875 0.099609375
0 0.78125 0.9736328125 0.19140625 0.052734375
1 0.404296875 0.4345703125 0.51171875 0.3046875
1 0.3515625 0.78515625 0.57421875 0.4296875