0 0.4462890625 0.2333984375 0.041015625 0.052734375
0 0.498046875 0.2470703125 0.0478515625 0.0576171875
0 0.5478515625 0.2646484375 0.0400390625 0.0546875
0 0.59765625 0.2939453125 0.0390625 0.0498046875
0 0.6357421875 0.3330078125 0.0390625 0.0517578125
0 0.6708984375 0.375 0.0380859375 0.0439453125
0 0.69921875 0.421875 0.0361328125 0.05078125
0 0.720703125 0.4755859375 0.0390625 0.0517578125
0 0.7294921875 0.5283203125 0.037109375 0.0439453125
0 0.7236328125 0.5810546875 0.0380859375 0.0517578125
0 0.7138671875 0.63671875 0.0400390625 0.05078125
0 0.69140625 0.69140625 0.0390625 0.052734375
0 0.6591796875 0.728515625 0.0341796875 0.048828125
0 0.6171875 0.759765625 0.04296875 0.048828125
0 0.5693359375 0.783203125 0.04296875 0.05078125
0 0.5107421875 0.796875 0.046875 0.0556640625
0 0.4560546875 0.7939453125 0.0390625 0.0615234375
0 0.3974609375 0.78515625 0.0458984375 0.05859375
0 0.3447265625 0.7626953125 0.0458984375 0.060546875
0 0.2890625 0.7294921875 0.0478515625 0.0693359375
0 0.244140625 0.685546875 0.046875 0.064453125
0 0.2109375 0.6357421875 0.0419921875 0.060546875
0 0.1845703125 0.587890625 0.0400390625 0.0537109375
0 0.1669921875 0.53125 0.0537109375 0.0556640625
0 0.166015625 0.47265625 0.046875 0.068359375
0 0.17578125 0.4208984375 0.0458984375 0.064453125
0 0.1923828125 0.365234375 0.04296875 0.05078125
0 0.2197265625 0.322265625 0.0390625 0.0537109375
0 0.255859375 0.2900390625 0.046875 0.0625
0 0.2998046875 0.2587890625 0.044921875 0.060546875
0 0.341796875 0.244140625 0.044921875 0.0517578125
0 0.3955078125 0.2353515625 0.0400390625 0.0556640625
0 0.0595703125 0.9169921875 0.064453125 0.0625
0 0.1298828125 0.921875 0.060546875 0.060546875
0 0.19921875 0.92578125 0.0546875 0.0537109375
0 0.2724609375 0.9296875 0.064453125 0.0634765625
0 0.341796875 0.9365234375 0.0634765625 0.068359375
0 0.408203125 0.9423828125 0.0576171875 0.0576171875
0 0.478515625 0.9462890625 0.056640625 0.0595703125
0 0.544921875 0.9462890625 0.0595703125 0.060546875
0 0.6171875 0.953125 0.0556640625 0.05859375
0 0.6845703125 0.953125 0.0517578125 0.056640625
0 0.755859375 0.955078125 0.0546875 0.0537109375
0 0.8232421875 0.958984375 0.056640625 0.0615234375
0 0.8916015625 0.9619140625 0.0537109375 0.05078125
0 0.9609375 0.9677734375 0.048828125 0.0576171875
1 0.439453125 0.3359375 0.087890625 0.173828125
1 0.568359375 0.3994140625 0.119140625 0.130859375
1 0.62109375 0.5185546875 0.1630859375 0.0908203125
1 0.3173828125 0.3828125 0.126953125 0.1435546875
1 0.2802734375 0.4912109375 0.1748046875 0.1064453125
1 0.3349609375 0.6171875 0.1435546875 0.138671875
1 0.4560546875 0.67578125 0.0830078125 0.166015625
1 0.5712890625 0.6318359375 0.1396484375 0.158203125
1 0.6611328125 0.6015625 0.0400390625 0.083984375
1 0.650390625 0.439453125 0.041015625 0.0712890625
1 0.5205078125 0.30859375 0.0537109375 0.0654296875
1 0.3544921875 0.29296875 0.06640625 0.0556640625
1 0.2314453125 0.404296875 0.0380859375 0.0791015625
1 0.232421875 0.5751953125 0.05078125 0.0810546875
1 0.36328125 0.71484375 0.0634765625 0.05859375
1 0.5498046875 0.724609375 0.0595703125 0.05859375