2 0.7802734375 0.171875 0.078125 0.109375
2 0.84375 0.267578125 0.103515625 0.1171875
2 0.904296875 0.3701171875 0.111328125 0.109375
2 0.9482421875 0.478515625 0.1015625 0.11328125
2 0.416015625 0.3134765625 0.09375 0.115234375
2 0.4765625 0.42578125 0.083984375 0.125
2 0.53125 0.546875 0.08984375 0.109375
2 0.5908203125 0.6533203125 0.095703125 0.109375
2 0.6474609375 0.7666015625 0.09765625 0.1171875
2 0.70703125 0.880859375 0.0703125 0.11328125
2 0.76953125 0.9755859375 0.078125 0.048828125
2 0.1669921875 0.5732421875 0.05859375 0.119140625
2 0.1396484375 0.716796875 0.078125 0.13671875
2 0.0791015625 0.8818359375 0.076171875 0.1171875
1 0.380859375 0.5234375 0.078125 0.080078125
1 0.4130859375 0.587890625 0.095703125 0.08203125
1 0.4541015625 0.662109375 0.09765625 0.09375
1 0.494140625 0.7490234375 0.078125 0.09765625
1 0.5419921875 0.82421875 0.09375 0.08203125
1 0.5751953125 0.90234375 0.09375 0.09765625
1 0.619140625 0.96484375 0.09765625 0.0703125
1 0.228515625 0.6025390625 0.060546875 0.07421875
1 0.2138671875 0.67578125 0.07421875 0.076171875
1 0.1904296875 0.76953125 0.0859375 0.09765625
1 0.1640625 0.884765625 0.08984375 0.107421875
1 0.142578125 0.96484375 0.095703125 0.0703125
1 0.748046875 0.3681640625 0.0625 0.109375
1 0.796875 0.4541015625 0.07421875 0.1015625
1 0.8447265625 0.53125 0.0859375 0.0703125
1 0.8681640625 0.5966796875 0.08203125 0.0625
1 0.91796875 0.658203125 0.08203125 0.08203125
1 0.9599609375 0.7216796875 0.080078125 0.08203125
1 0.98046875 0.7939453125 0.0390625 0.080078125