3 0.5 0.4453125 1 0.650390625
1 0.384765625 0.982421875 0.06640625 0.03515625
1 0.3837890625 0.9375 0.056640625 0.056640625
1 0.3857421875 0.89453125 0.0546875 0.03125
1 0.38671875 0.8515625 0.0546875 0.06640625
1 0.388671875 0.8046875 0.052734375 0.03515625
1 0.388671875 0.7626953125 0.05859375 0.0625
2 0.1220703125 0.9716796875 0.244140625 0.056640625
2 0.1728515625 0.9384765625 0.20703125 0.123046875
2 0.140625 0.8388671875 0.2734375 0.185546875
2 0.181640625 0.748046875 0.208984375 0.1328125
2 0.1435546875 0.6513671875 0.287109375 0.166015625
1 0.845703125 0.72265625 0.177734375 0.052734375
1 0.71484375 0.7236328125 0.1015625 0.046875
1 0.873046875 0.6318359375 0.087890625 0.056640625
1 0.943359375 0.587890625 0.078125 0.044921875
1 0.9326171875 0.408203125 0.11328125 0.07421875
1 0.9013671875 0.263671875 0.1875 0.05078125
1 0.7353515625 0.2646484375 0.15625 0.05859375
1 0.58984375 0.1025390625 0.1171875 0.07421875
1 0.5927734375 0.03515625 0.123046875 0.0703125