4 0.3310546875 0.533203125 0.30078125 0.1796875
1 0.982421875 0.0283203125 0.03515625 0.056640625
1 0.9794921875 0.08984375 0.041015625 0.078125
1 0.982421875 0.1689453125 0.03515625 0.0703125
1 0.9794921875 0.2392578125 0.041015625 0.068359375
1 0.98046875 0.3076171875 0.0390625 0.072265625
1 0.98046875 0.37890625 0.0390625 0.08203125
1 0.978515625 0.45703125 0.04296875 0.08203125
1 0.98046875 0.5224609375 0.0390625 0.072265625
1 0.978515625 0.5986328125 0.04296875 0.0703125
1 0.9775390625 0.66796875 0.04296875 0.0703125
1 0.9775390625 0.73828125 0.041015625 0.076171875
1 0.98046875 0.814453125 0.0390625 0.072265625
1 0.978515625 0.88671875 0.04296875 0.0703125
1 0.982421875 0.958984375 0.03515625 0.064453125
1 0.9326171875 0.94140625 0.052734375 0.1171875
1 0.9287109375 0.7763671875 0.046875 0.21875
1 0.931640625 0.560546875 0.044921875 0.2109375
1 0.9296875 0.345703125 0.046875 0.22265625
1 0.9296875 0.1328125 0.046875 0.2109375
1 0.7529296875 0.060546875 0.05078125 0.12109375
1 0.755859375 0.1728515625 0.056640625 0.166015625
1 0.7529296875 0.3076171875 0.060546875 0.16015625
1 0.7548828125 0.458984375 0.05859375 0.1640625
1 0.7548828125 0.6044921875 0.0625 0.17578125
1 0.751953125 0.7666015625 0.0625 0.140625
1 0.7529296875 0.8984375 0.046875 0.119140625
1 0.7509765625 0.951171875 0.052734375 0.09765625
0 0.7099609375 0.970703125 0.01953125 0.03515625
0 0.7099609375 0.9033203125 0.01953125 0.037109375
0 0.708984375 0.8330078125 0.0234375 0.03515625
0 0.7080078125 0.763671875 0.0234375 0.0390625
0 0.7080078125 0.6953125 0.0234375 0.0390625
0 0.708984375 0.625 0.0234375 0.048828125
0 0.7080078125 0.556640625 0.025390625 0.05078125
0 0.70703125 0.4892578125 0.025390625 0.046875
0 0.7099609375 0.419921875 0.021484375 0.046875
0 0.708984375 0.34765625 0.02734375 0.048828125
0 0.708984375 0.279296875 0.0234375 0.05078125
0 0.7109375 0.2119140625 0.0234375 0.0546875
0 0.7099609375 0.1435546875 0.0234375 0.041015625
0 0.7109375 0.072265625 0.01953125 0.0390625
0 0.7099609375 0.0146484375 0.01953125 0.025390625
0 0.6240234375 0.0546875 0.05078125 0.078125
0 0.6240234375 0.130859375 0.052734375 0.08203125
0 0.625 0.2158203125 0.05078125 0.078125
0 0.623046875 0.291015625 0.060546875 0.0859375
0 0.626953125 0.373046875 0.056640625 0.08203125
0 0.6240234375 0.4501953125 0.056640625 0.087890625
0 0.6201171875 0.5234375 0.05859375 0.078125
0 0.623046875 0.60546875 0.05859375 0.0859375
0 0.6220703125 0.68359375 0.05078125 0.0859375
0 0.6259765625 0.755859375 0.05859375 0.08203125
0 0.6240234375 0.8291015625 0.060546875 0.08203125
0 0.62109375 0.908203125 0.05859375 0.08203125
0 0.6259765625 0.97265625 0.05859375 0.0546875
1 0.5498046875 0.171875 0.076171875 0.171875
1 0.5361328125 0.3876953125 0.08984375 0.2734375
1 0.546875 0.6845703125 0.0859375 0.248046875
1 0.5498046875 0.8759765625 0.078125 0.107421875
1 0.494140625 0.8759765625 0.04296875 0.09765625
1 0.46484375 0.8125 0.029296875 0.10546875
1 0.4609375 0.8974609375 0.0390625 0.0703125
1 0.4248046875 0.90625 0.0390625 0.0625
1 0.396484375 0.88671875 0.0390625 0.0625
1 0.4033203125 0.75390625 0.109375 0.171875
1 0.412109375 0.306640625 0.1015625 0.2265625
1 0.3935546875 0.1826171875 0.03125 0.06640625
1 0.4228515625 0.1669921875 0.03125 0.05859375
1 0.4541015625 0.16796875 0.03125 0.048828125
1 0.4892578125 0.1845703125 0.0390625 0.11328125
1 0.28125 0.3388671875 0.1796875 0.16796875
1 0.26171875 0.72265625 0.17578125 0.16015625
1 0.333984375 0.0400390625 0.078125 0.080078125
1 0.2958984375 0.078125 0.087890625 0.14453125
1 0.2421875 0.095703125 0.076171875 0.125
1 0.2001953125 0.12890625 0.078125 0.125
1 0.1611328125 0.193359375 0.09765625 0.1171875
1 0.130859375 0.2607421875 0.095703125 0.09765625
1 0.1103515625 0.3359375 0.09375 0.1015625
1 0.0712890625 0.419921875 0.1015625 0.09765625
1 0.0810546875 0.6357421875 0.109375 0.087890625
1 0.103515625 0.7275390625 0.109375 0.103515625
1 0.1298828125 0.7998046875 0.0859375 0.1015625
1 0.1572265625 0.876953125 0.08984375 0.08203125
1 0.1845703125 0.9208984375 0.08203125 0.109375
1 0.23046875 0.9482421875 0.09375 0.1015625
1 0.291015625 0.9599609375 0.0703125 0.078125
1 0.3662109375 0.98828125 0.04296875 0.0234375
1 0.3447265625 0.9423828125 0.03515625 0.0625
1 0.3173828125 0.8994140625 0.0390625 0.02734375
1 0.2919921875 0.9033203125 0.03125 0.0390625
1 0.2685546875 0.8955078125 0.03515625 0.037109375
1 0.244140625 0.8779296875 0.0390625 0.041015625
1 0.2177734375 0.859375 0.0390625 0.044921875
1 0.2021484375 0.8271484375 0.0390625 0.0390625
1 0.1806640625 0.7880859375 0.0390625 0.0546875
1 0.1630859375 0.7392578125 0.03125 0.0546875
1 0.1455078125 0.6865234375 0.03125 0.046875
1 0.505859375 0.01953125 0.0390625 0.0390625
1 0.478515625 0.0400390625 0.0390625 0.04296875
1 0.44921875 0.0478515625 0.03515625 0.0390625
1 0.4189453125 0.0546875 0.04296875 0.052734375
1 0.390625 0.064453125 0.0390625 0.046875
1 0.3671875 0.0859375 0.0390625 0.046875
1 0.34765625 0.134765625 0.03515625 0.06640625
1 0.314453125 0.181640625 0.029296875 0.0625
1 0.2861328125 0.1728515625 0.0390625 0.048828125
1 0.265625 0.177734375 0.033203125 0.0390625
1 0.2412109375 0.1904296875 0.03515625 0.05078125
1 0.2197265625 0.212890625 0.03125 0.04296875
1 0.205078125 0.2421875 0.03515625 0.04296875
1 0.1845703125 0.2783203125 0.029296875 0.05078125
1 0.169921875 0.3203125 0.03125 0.046875
1 0.1552734375 0.3671875 0.029296875 0.0546875
1 0.14453125 0.4091796875 0.0390625 0.0546875
1 0.1318359375 0.458984375 0.025390625 0.05078125
1 0.12109375 0.5712890625 0.037109375 0.0546875
1 0.11328125 0.49609375 0.03515625 0.044921875