0 0.1767578125 0.05859375 0.173828125 0.1162109375
0 0.37109375 0.052734375 0.1953125 0.10546875
0 0.1875 0.1748046875 0.169921875 0.123046875
0 0.37109375 0.169921875 0.1728515625 0.1259765625
0 0.18359375 0.310546875 0.1923828125 0.1357421875
0 0.3681640625 0.30078125 0.2119140625 0.1513671875
0 0.171875 0.4326171875 0.1796875 0.1337890625
0 0.3671875 0.435546875 0.1787109375 0.1416015625
0 0.177734375 0.5859375 0.1962890625 0.1494140625
0 0.36328125 0.578125 0.181640625 0.1455078125
0 0.1787109375 0.7294921875 0.1982421875 0.14453125
0 0.3720703125 0.72265625 0.208984375 0.1591796875
0 0.1845703125 0.8857421875 0.1787109375 0.1552734375
0 0.38671875 0.8857421875 0.22265625 0.1552734375
1 0.6064453125 0.078125 0.1279296875 0.15625
1 0.6123046875 0.2353515625 0.1953125 0.1806640625
1 0.6201171875 0.3984375 0.1640625 0.1875
1 0.6220703125 0.568359375 0.1591796875 0.181640625
1 0.63671875 0.7529296875 0.1875 0.21484375
1 0.634765625 0.9150390625 0.1650390625 0.169921875
1 0.8720703125 0.900390625 0.2548828125 0.1982421875
1 0.8662109375 0.537109375 0.267578125 0.3525390625
1 0.8447265625 0.1591796875 0.3095703125 0.318359375