4 0.8935546875 0.4052734375 0.16015625 0.1171875
1 0.8544921875 0.3046875 0.171875 0.10546875
1 0.97265625 0.3994140625 0.0546875 0.171875
1 0.919921875 0.5654296875 0.16015625 0.20703125
1 0.755859375 0.4052734375 0.16796875 0.201171875
1 0.8408203125 0.662109375 0.166015625 0.259765625
1 0.724609375 0.7958984375 0.24609375 0.091796875
1 0.6669921875 0.50390625 0.2109375 0.208984375
1 0.533203125 0.6611328125 0.212890625 0.248046875
4 0.7021484375 0.6650390625 0.19140625 0.1640625
1 0.6181640625 0.2783203125 0.19140625 0.1640625
1 0.5185546875 0.36328125 0.18359375 0.244140625
1 0.3857421875 0.513671875 0.22265625 0.23046875
1 0.341796875 0.2216796875 0.197265625 0.150390625
1 0.203125 0.328125 0.1953125 0.244140625
4 0.357421875 0.3369140625 0.1640625 0.16796875
1 0.0830078125 0.21484375 0.166015625 0.14453125
1 0.263671875 0.6396484375 0.212890625 0.23828125
1 0.09375 0.453125 0.1875 0.25390625
1 0.119140625 0.7373046875 0.23828125 0.12890625
4 0.1025390625 0.6181640625 0.205078125 0.18359375
1 0.486328125 0.0791015625 0.3046875 0.158203125
1 0.73046875 0.083984375 0.337890625 0.16796875
1 0.904296875 0.1171875 0.19140625 0.138671875
1 0.240234375 0.052734375 0.26953125 0.10546875
1 0.404296875 0.7607421875 0.2109375 0.12890625
1 0.04296875 0.92578125 0.0859375 0.14453125
1 0.1220703125 0.9306640625 0.080078125 0.138671875
1 0.212890625 0.9384765625 0.107421875 0.123046875
1 0.3037109375 0.9384765625 0.078125 0.123046875
1 0.3798828125 0.94140625 0.099609375 0.1171875
1 0.4521484375 0.939453125 0.0703125 0.12109375
1 0.5244140625 0.9404296875 0.083984375 0.119140625
1 0.6005859375 0.9453125 0.07421875 0.109375
1 0.6796875 0.9453125 0.09375 0.109375
1 0.763671875 0.9482421875 0.07421875 0.1015625
1 0.833984375 0.951171875 0.078125 0.09765625
1 0.90234375 0.9560546875 0.064453125 0.087890625
1 0.96484375 0.95703125 0.0703125 0.0859375