1 0.69140625 0.1787109375 0.439453125 0.357421875
1 0.2216796875 0.1806640625 0.4404296875 0.359375
1 0.0478515625 0.5146484375 0.0947265625 0.1767578125
1 0.13671875 0.517578125 0.1162109375 0.1591796875
1 0.2333984375 0.5224609375 0.1181640625 0.1650390625
1 0.3359375 0.5244140625 0.1171875 0.166015625
1 0.4619140625 0.5263671875 0.166015625 0.162109375
1 0.591796875 0.5234375 0.1328125 0.16796875
1 0.69140625 0.5234375 0.1201171875 0.16796875
1 0.7939453125 0.5205078125 0.1279296875 0.1767578125
1 0.8984375 0.5263671875 0.119140625 0.169921875
1 0.9716796875 0.521484375 0.0556640625 0.1748046875
1 0.896484375 0.6875 0.20703125 0.12109375
1 0.0947265625 0.6787109375 0.1884765625 0.107421875