1 0.2890625 0.150390625 0.578125 0.30078125
1 0.2626953125 0.4033203125 0.525390625 0.216796875
1 0.8251953125 0.1435546875 0.349609375 0.287109375
1 0.9052734375 0.5712890625 0.1875 0.197265625
0 0.986328125 0.5712890625 0.02734375 0.09765625
1 0.7822265625 0.494140625 0.25 0.07421875
1 0.591796875 0.552734375 0.244140625 0.19921875
1 0.908203125 0.6904296875 0.1640625 0.076171875
1 0.7470703125 0.6240234375 0.2265625 0.0703125
0 0.736328125 0.6826171875 0.17578125 0.0625
0 0.5703125 0.67578125 0.173828125 0.078125
1 0.2568359375 0.4814453125 0.265625 0.0703125
1 0.3896484375 0.806640625 0.3828125 0.19921875
1 0.380859375 0.9384765625 0.3671875 0.080078125
1 0.248046875 0.564453125 0.234375 0.095703125
1 0.2490234375 0.64453125 0.23828125 0.0859375
1 0.2470703125 0.7158203125 0.234375 0.076171875
1 0.8154296875 0.7919921875 0.369140625 0.138671875
1 0.8076171875 0.931640625 0.3828125 0.056640625
1 0.09765625 0.9638671875 0.15234375 0.072265625
1 0.0625 0.875 0.125 0.1015625
1 0.0361328125 0.7861328125 0.072265625 0.091796875
1 0.0185546875 0.681640625 0.03515625 0.12109375