4 0.40234375 0.8935546875 0.0546875 0.1875
4 0.6875 0.9375 0.03515625 0.125
4 0.900390625 0.6474609375 0.05859375 0.12890625
4 0.8662109375 0.626953125 0.0390625 0.14453125
4 0.8291015625 0.578125 0.046875 0.1640625
4 0.783203125 0.525390625 0.0390625 0.140625
4 0.7265625 0.49609375 0.060546875 0.181640625
4 0.6650390625 0.4248046875 0.078125 0.1796875
4 0.580078125 0.3525390625 0.091796875 0.224609375
4 0.4697265625 0.2734375 0.107421875 0.28125
4 0.34765625 0.0771484375 0.09375 0.154296875
3 0.802734375 0.3515625 0.0546875 0.1171875
3 0.939453125 0.51171875 0.0625 0.142578125