1 0.9716796875 0.947265625 0.056640625 0.10546875
1 0.88671875 0.90625 0.1171875 0.1875
1 0.7958984375 0.8232421875 0.119140625 0.189453125
1 0.7080078125 0.7412109375 0.109375 0.19921875
1 0.6044921875 0.64453125 0.126953125 0.16796875
1 0.4873046875 0.5283203125 0.15234375 0.171875
1 0.359375 0.416015625 0.142578125 0.189453125
1 0.2392578125 0.302734375 0.130859375 0.19140625
1 0.103515625 0.19921875 0.1640625 0.1875
1 0.0166015625 0.111328125 0.033203125 0.22265625
1 0.96875 0.59765625 0.0625 0.1875
1 0.8984375 0.5478515625 0.11328125 0.205078125
1 0.8046875 0.4306640625 0.09375 0.22265625
1 0.71484375 0.365234375 0.12890625 0.171875
1 0.625 0.28515625 0.12109375 0.15625
1 0.5458984375 0.2109375 0.12109375 0.203125
1 0.4541015625 0.1123046875 0.1171875 0.17578125
1 0.3740234375 0.0556640625 0.126953125 0.111328125
0 0.1396484375 0.6435546875 0.1015625 0.14453125
0 0.2822265625 0.763671875 0.09375 0.1328125
0 0.4228515625 0.8798828125 0.08203125 0.1484375
0 0.560546875 0.966796875 0.083984375 0.06640625
1 0.0576171875 0.5234375 0.115234375 0.20703125
1 0.2197265625 0.71484375 0.091796875 0.162109375
1 0.349609375 0.8173828125 0.09765625 0.1328125
1 0.50390625 0.9326171875 0.10546875 0.1328125
1 0.2041015625 0.9765625 0.076171875 0.046875
1 0.107421875 0.9169921875 0.10546875 0.13671875
1 0.0263671875 0.8291015625 0.052734375 0.1484375
1 0.9755859375 0.197265625 0.048828125 0.1796875
1 0.9091796875 0.0986328125 0.095703125 0.162109375
1 0.8115234375 0.04296875 0.099609375 0.0859375