4 0.4931640625 0.46484375 0.58203125 0.796875
1 0.0185546875 0.0537109375 0.037109375 0.048828125
1 0.091796875 0.0546875 0.109375 0.0546875
1 0.203125 0.0546875 0.1142578125 0.0576171875
1 0.3056640625 0.0556640625 0.1044921875 0.056640625
1 0.412109375 0.0556640625 0.10546875 0.05859375
1 0.51953125 0.0556640625 0.1083984375 0.0625
1 0.9404296875 0.052734375 0.103515625 0.056640625
1 0.8359375 0.0517578125 0.1025390625 0.0595703125
1 0.7294921875 0.0517578125 0.1142578125 0.0576171875
1 0.6220703125 0.0556640625 0.1025390625 0.0595703125
1 0.0263671875 0.583984375 0.052734375 0.123046875
1 0.08203125 0.666015625 0.1630859375 0.15234375
1 0.185546875 0.849609375 0.2646484375 0.197265625
1 0.146484375 0.73828125 0.115234375 0.08984375
1 0.2138671875 0.6591796875 0.095703125 0.078125
1 0.7412109375 0.6708984375 0.142578125 0.1640625
1 0.95703125 0.638671875 0.0537109375 0.05859375