3 0.076171875 0.8486328125 0.1298828125 0.177734375
2 0.3837890625 0.4580078125 0.0888671875 0.1826171875
2 0.576171875 0.2900390625 0.099609375 0.2197265625
0 0.560546875 0.619140625 0.060546875 0.046875
2 0.138671875 0.8544921875 0.0361328125 0.0341796875
2 0.1484375 0.8330078125 0.0380859375 0.033203125
2 0.1669921875 0.814453125 0.0361328125 0.033203125
2 0.1767578125 0.794921875 0.033203125 0.0341796875
2 0.1904296875 0.775390625 0.0263671875 0.0341796875
2 0.205078125 0.759765625 0.03515625 0.0380859375
2 0.2109375 0.7373046875 0.0361328125 0.0322265625
2 0.2236328125 0.71875 0.0341796875 0.033203125
2 0.236328125 0.7021484375 0.025390625 0.0341796875
2 0.2470703125 0.6826171875 0.033203125 0.0361328125
2 0.2607421875 0.6669921875 0.03125 0.0322265625
2 0.271484375 0.650390625 0.03125 0.033203125
2 0.2861328125 0.6328125 0.033203125 0.03515625
2 0.29296875 0.6162109375 0.0302734375 0.0302734375
2 0.306640625 0.5986328125 0.0400390625 0.033203125
2 0.3134765625 0.5791015625 0.0322265625 0.037109375
2 0.3251953125 0.564453125 0.03125 0.0283203125
2 0.3369140625 0.548828125 0.0302734375 0.03125
2 0.341796875 0.5302734375 0.033203125 0.0244140625
2 0.3564453125 0.515625 0.0361328125 0.029296875
2 0.173828125 0.8603515625 0.0361328125 0.037109375
2 0.146484375 0.87890625 0.0390625 0.033203125
1 0.181640625 0.89453125 0.044921875 0.02734375
1 0.2255859375 0.8623046875 0.0390625 0.0322265625
1 0.2509765625 0.83984375 0.041015625 0.03515625
2 0.201171875 0.8330078125 0.0361328125 0.0390625
2 0.228515625 0.8173828125 0.0341796875 0.0263671875
2 0.2470703125 0.7958984375 0.033203125 0.0244140625
1 0.26953125 0.8154296875 0.03515625 0.0283203125
1 0.29296875 0.7890625 0.0400390625 0.0302734375
1 0.3076171875 0.765625 0.0400390625 0.03125
2 0.2685546875 0.7685546875 0.033203125 0.0263671875
2 0.2783203125 0.7451171875 0.03515625 0.0302734375
2 0.298828125 0.7236328125 0.0341796875 0.025390625
1 0.3212890625 0.7392578125 0.037109375 0.0302734375
2 0.3095703125 0.6943359375 0.0302734375 0.0283203125
2 0.3291015625 0.673828125 0.041015625 0.0341796875
2 0.341796875 0.654296875 0.0380859375 0.0263671875
2 0.35546875 0.6298828125 0.0380859375 0.029296875
1 0.3505859375 0.6923828125 0.0361328125 0.0302734375
1 0.3408203125 0.7197265625 0.041015625 0.02734375
2 0.369140625 0.60546875 0.0341796875 0.0302734375
1 0.3779296875 0.646484375 0.02734375 0.0244140625
1 0.3984375 0.6240234375 0.03515625 0.0283203125
1 0.412109375 0.603515625 0.0283203125 0.029296875
1 0.421875 0.583984375 0.03515625 0.02734375
2 0.3828125 0.587890625 0.0380859375 0.03125
2 0.39453125 0.560546875 0.037109375 0.03125
2 0.41015625 0.5400390625 0.03125 0.0322265625
2 0.4208984375 0.5185546875 0.037109375 0.0361328125
2 0.43359375 0.5009765625 0.0361328125 0.0361328125
2 0.4482421875 0.482421875 0.041015625 0.0341796875
2 0.455078125 0.458984375 0.0263671875 0.0341796875
1 0.4375 0.5615234375 0.033203125 0.029296875
1 0.44921875 0.5419921875 0.03125 0.029296875
1 0.4638671875 0.51953125 0.0361328125 0.0302734375
1 0.4755859375 0.5029296875 0.0380859375 0.02734375
1 0.484375 0.4814453125 0.033203125 0.03125
1 0.4990234375 0.4609375 0.037109375 0.0263671875
2 0.470703125 0.4404296875 0.021484375 0.0283203125
2 0.4873046875 0.4228515625 0.033203125 0.0322265625
2 0.4970703125 0.4052734375 0.0322265625 0.0361328125
2 0.5107421875 0.3837890625 0.0380859375 0.0322265625
2 0.5185546875 0.3662109375 0.03125 0.0302734375
2 0.5283203125 0.3447265625 0.029296875 0.025390625
1 0.513671875 0.4423828125 0.0322265625 0.02734375
1 0.5224609375 0.4228515625 0.0302734375 0.0302734375
1 0.5341796875 0.4033203125 0.0283203125 0.0283203125
1 0.546875 0.38671875 0.029296875 0.0234375
2 0.5986328125 0.3544921875 0.0302734375 0.0380859375
2 0.6171875 0.3818359375 0.0244140625 0.0322265625
1 0.59375 0.3994140625 0.037109375 0.029296875
2 0.634765625 0.3984375 0.02734375 0.033203125
1 0.6064453125 0.4130859375 0.03125 0.0205078125
2 0.6513671875 0.4189453125 0.0283203125 0.03125
2 0.6640625 0.443359375 0.0302734375 0.0302734375
1 0.625 0.4345703125 0.037109375 0.033203125
1 0.6376953125 0.455078125 0.03515625 0.0244140625
2 0.6826171875 0.458984375 0.0302734375 0.0322265625
1 0.6533203125 0.4775390625 0.0419921875 0.025390625
2 0.6982421875 0.482421875 0.033203125 0.0283203125
1 0.6708984375 0.5 0.0439453125 0.0302734375
2 0.712890625 0.505859375 0.0341796875 0.0322265625
1 0.693359375 0.5244140625 0.04296875 0.0283203125
2 0.734375 0.5263671875 0.03515625 0.0341796875
1 0.7080078125 0.5458984375 0.041015625 0.0263671875
2 0.7490234375 0.548828125 0.03515625 0.0302734375
1 0.728515625 0.5673828125 0.037109375 0.0244140625
2 0.7666015625 0.5732421875 0.033203125 0.0361328125
1 0.74609375 0.58984375 0.037109375 0.0244140625
2 0.783203125 0.595703125 0.029296875 0.0322265625
1 0.7568359375 0.6103515625 0.044921875 0.0234375
2 0.802734375 0.619140625 0.029296875 0.0322265625
1 0.77734375 0.63671875 0.0361328125 0.0244140625
2 0.822265625 0.642578125 0.03125 0.03125
1 0.7998046875 0.662109375 0.0390625 0.0263671875
2 0.83984375 0.6640625 0.025390625 0.03515625
1 0.81640625 0.6845703125 0.046875 0.025390625
2 0.859375 0.69140625 0.0361328125 0.0322265625
1 0.8349609375 0.708984375 0.0419921875 0.02734375
2 0.875 0.712890625 0.0302734375 0.03125
1 0.8515625 0.7333984375 0.0341796875 0.02734375
2 0.892578125 0.740234375 0.0341796875 0.0322265625
1 0.8681640625 0.7548828125 0.041015625 0.0283203125
1 0.9169921875 0.7626953125 0.033203125 0.033203125
1 0.892578125 0.7822265625 0.0380859375 0.0283203125
1 0.9111328125 0.80859375 0.0341796875 0.0234375
1 0.9306640625 0.83203125 0.0361328125 0.025390625
1 0.9619140625 0.8642578125 0.0361328125 0.025390625
1 0.984375 0.884765625 0.03125 0.02734375
2 0.98046875 0.8388671875 0.025390625 0.041015625
2 0.9560546875 0.8134765625 0.0283203125 0.0390625
2 0.9365234375 0.791015625 0.0322265625 0.0400390625