4 0.5302734375 0.509765625 0.51171875 0.5224609375
1 0.546875 0.1767578125 0.123046875 0.162109375
1 0.654296875 0.1796875 0.0791015625 0.1435546875
1 0.1455078125 0.3603515625 0.1806640625 0.43359375
1 0.9091796875 0.2685546875 0.166015625 0.3857421875
1 0.849609375 0.5654296875 0.1396484375 0.2998046875
1 0.1787109375 0.701171875 0.16796875 0.306640625
1 0.3681640625 0.8388671875 0.1474609375 0.1474609375
1 0.302734375 0.201171875 0.11328125 0.15625
1 0.400390625 0.1455078125 0.095703125 0.1201171875
1 0.44921875 0.21875 0.09375 0.1455078125