1 0.2109375 0.2265625 0.26171875 0.361328125
1 0.1357421875 0.48046875 0.16015625 0.38671875
1 0.0634765625 0.7275390625 0.125 0.298828125
1 0.0400390625 0.21484375 0.078125 0.275390625
4 0.03515625 0.4638671875 0.0703125 0.220703125
1 0.181640625 0.90234375 0.17578125 0.1953125
1 0.2861328125 0.7392578125 0.21875 0.349609375
1 0.4501953125 0.9013671875 0.1484375 0.197265625
4 0.32421875 0.955078125 0.19140625 0.08984375
1 0.3984375 0.515625 0.2265625 0.419921875
1 0.53515625 0.19140625 0.28515625 0.3828125
1 0.7724609375 0.548828125 0.28125 0.470703125
1 0.6103515625 0.8251953125 0.279296875 0.34765625
4 0.5712890625 0.55078125 0.2890625 0.30078125
1 0.8828125 0.2314453125 0.234375 0.447265625
1 0.7138671875 0.07421875 0.205078125 0.1484375
1 0.873046875 0.83203125 0.25390625 0.3359375