2 0.68359375 0.2666015625 0.0146484375 0.025390625
2 0.689453125 0.228515625 0.025390625 0.0498046875
2 0.701171875 0.212890625 0.0146484375 0.0263671875
2 0.7080078125 0.181640625 0.0234375 0.0498046875
2 0.720703125 0.1650390625 0.013671875 0.0283203125
2 0.724609375 0.1298828125 0.025390625 0.0478515625
2 0.73828125 0.1162109375 0.0107421875 0.0283203125
2 0.7412109375 0.0830078125 0.0263671875 0.0498046875
2 0.755859375 0.068359375 0.0126953125 0.0244140625
2 0.759765625 0.0361328125 0.025390625 0.0458984375
2 0.7734375 0.01953125 0.0126953125 0.0224609375
2 0.8203125 0.0146484375 0.0126953125 0.02734375
2 0.8330078125 0.0263671875 0.0224609375 0.052734375
2 0.8349609375 0.056640625 0.0126953125 0.02734375
2 0.84765625 0.0712890625 0.0234375 0.0537109375
2 0.8515625 0.1005859375 0.01171875 0.029296875
2 0.8642578125 0.1142578125 0.0244140625 0.060546875
2 0.869140625 0.1484375 0.0126953125 0.029296875
2 0.8818359375 0.1630859375 0.021484375 0.0595703125
2 0.8857421875 0.1962890625 0.0126953125 0.0263671875
2 0.900390625 0.2099609375 0.0205078125 0.05859375
2 0.9052734375 0.24609375 0.015625 0.0263671875
2 0.9169921875 0.259765625 0.0244140625 0.0615234375
2 0.921875 0.2939453125 0.013671875 0.0302734375
2 0.9365234375 0.30859375 0.025390625 0.052734375
2 0.939453125 0.3447265625 0.017578125 0.03125
2 0.9541015625 0.361328125 0.0224609375 0.0576171875
2 0.9580078125 0.3974609375 0.013671875 0.03125
2 0.9736328125 0.4130859375 0.0244140625 0.056640625
1 0.9765625 0.451171875 0.0166015625 0.0361328125
2 0.98828125 0.4697265625 0.0234375 0.068359375
3 0.986328125 0.2822265625 0.01953125 0.0380859375
3 0.984375 0.248046875 0.013671875 0.0322265625
3 0.970703125 0.2392578125 0.015625 0.029296875
3 0.9580078125 0.2275390625 0.015625 0.0302734375
3 0.9599609375 0.1875 0.009765625 0.021484375
3 0.9521484375 0.181640625 0.01171875 0.0244140625
3 0.94140625 0.173828125 0.013671875 0.021484375
1 0.9287109375 0.19921875 0.013671875 0.0185546875
1 0.9423828125 0.1982421875 0.01171875 0.017578125
1 0.916015625 0.201171875 0.0087890625 0.0166015625
1 0.9462890625 0.255859375 0.013671875 0.0185546875
1 0.9599609375 0.25390625 0.01171875 0.0185546875
1 0.9638671875 0.3154296875 0.0146484375 0.0166015625
1 0.98046875 0.3134765625 0.015625 0.0166015625
1 0.9853515625 0.5556640625 0.0283203125 0.056640625
1 0.9501953125 0.4443359375 0.0341796875 0.052734375
1 0.9326171875 0.3935546875 0.03515625 0.05078125
1 0.9130859375 0.34375 0.0390625 0.0546875
1 0.896484375 0.29296875 0.0390625 0.0537109375
1 0.87890625 0.24609375 0.0380859375 0.0595703125
1 0.8603515625 0.1982421875 0.037109375 0.0556640625
1 0.84375 0.1474609375 0.0361328125 0.0458984375
1 0.8271484375 0.1025390625 0.033203125 0.046875
1 0.8173828125 0.0576171875 0.01953125 0.052734375
1 0.7744140625 0.0693359375 0.0244140625 0.05859375
1 0.7626953125 0.111328125 0.0361328125 0.0517578125
1 0.74609375 0.1640625 0.0400390625 0.056640625
1 0.7255859375 0.212890625 0.0390625 0.0546875
1 0.7109375 0.2607421875 0.0400390625 0.0517578125
1 0.6962890625 0.302734375 0.0283203125 0.0380859375
1 0.8017578125 0.2109375 0.0400390625 0.0703125
1 0.7724609375 0.2822265625 0.052734375 0.0927734375
1 0.828125 0.265625 0.056640625 0.09375
1 0.759765625 0.3427734375 0.03125 0.033203125
1 0.8388671875 0.330078125 0.0380859375 0.03515625
1 0.7451171875 0.3935546875 0.0419921875 0.09375
1 0.8564453125 0.3798828125 0.0546875 0.087890625
1 0.8798828125 0.4638671875 0.0654296875 0.078125
1 0.9052734375 0.5244140625 0.0400390625 0.0595703125
3 0.861328125 0.5390625 0.0419921875 0.1162109375
3 0.8876953125 0.69921875 0.1923828125 0.4619140625
1 0.7587890625 0.875 0.0576171875 0.0751953125
1 0.759765625 0.8154296875 0.05078125 0.0693359375
1 0.7265625 0.853515625 0.0283203125 0.046875
1 0.7138671875 0.8193359375 0.02734375 0.048828125
1 0.703125 0.77734375 0.0234375 0.046875
1 0.755859375 0.7607421875 0.06640625 0.0703125
1 0.69921875 0.7333984375 0.0244140625 0.0439453125
1 0.7001953125 0.6943359375 0.0224609375 0.0439453125
1 0.7568359375 0.685546875 0.07421875 0.1064453125
1 0.701171875 0.65625 0.0224609375 0.0439453125
1 0.751953125 0.6181640625 0.080078125 0.1044921875
1 0.6943359375 0.6181640625 0.0263671875 0.0400390625
1 0.7294921875 0.564453125 0.0634765625 0.0966796875
1 0.6748046875 0.595703125 0.025390625 0.0380859375
1 0.65625 0.59375 0.01171875 0.025390625
1 0.634765625 0.58203125 0.0302734375 0.037109375
1 0.6484375 0.55078125 0.0302734375 0.044921875
1 0.6513671875 0.513671875 0.0302734375 0.046875
1 0.6513671875 0.4775390625 0.02734375 0.044921875
1 0.708984375 0.49609375 0.0830078125 0.1103515625
1 0.7041015625 0.4267578125 0.0791015625 0.087890625
1 0.646484375 0.43359375 0.0263671875 0.044921875
1 0.6376953125 0.4013671875 0.02734375 0.0361328125
1 0.685546875 0.3642578125 0.078125 0.09765625
1 0.6572265625 0.3173828125 0.0625 0.1083984375
1 0.6259765625 0.376953125 0.0244140625 0.0361328125
1 0.6103515625 0.353515625 0.0224609375 0.0361328125
1 0.5908203125 0.3349609375 0.0224609375 0.0400390625
1 0.5693359375 0.322265625 0.0244140625 0.0390625
1 0.5439453125 0.3076171875 0.0302734375 0.0419921875
1 0.51953125 0.2890625 0.021484375 0.0361328125
1 0.6328125 0.275390625 0.044921875 0.1181640625
1 0.5908203125 0.2490234375 0.052734375 0.1279296875
1 0.5439453125 0.2265625 0.0498046875 0.107421875
1 0.55859375 0.1396484375 0.0458984375 0.072265625
1 0.5361328125 0.1025390625 0.0302734375 0.0498046875
1 0.4765625 0.1064453125 0.0361328125 0.048828125
3 0.4716796875 0.1640625 0.0166015625 0.103515625
3 0.501953125 0.1572265625 0.0400390625 0.1083984375
3 0.5205078125 0.1650390625 0.0224609375 0.0927734375
1 0.4482421875 0.1572265625 0.0380859375 0.068359375
1 0.4375 0.220703125 0.0537109375 0.0888671875
1 0.44921875 0.30078125 0.0341796875 0.041015625
1 0.3935546875 0.2705078125 0.0654296875 0.12109375
1 0.3447265625 0.3056640625 0.060546875 0.103515625
1 0.4228515625 0.3203125 0.033203125 0.0380859375
1 0.39453125 0.3408203125 0.0302734375 0.0361328125
1 0.37109375 0.3583984375 0.0244140625 0.0390625
1 0.3486328125 0.380859375 0.0244140625 0.0439453125
1 0.3095703125 0.3486328125 0.056640625 0.10546875
1 0.2744140625 0.40625 0.0673828125 0.099609375
1 0.330078125 0.4072265625 0.0224609375 0.0341796875
1 0.314453125 0.4306640625 0.025390625 0.0390625
1 0.3037109375 0.4619140625 0.0244140625 0.0419921875
1 0.2529296875 0.4609375 0.0673828125 0.0966796875
1 0.236328125 0.521484375 0.0654296875 0.0966796875
1 0.2890625 0.498046875 0.0234375 0.0400390625
1 0.2841796875 0.533203125 0.01953125 0.0400390625
1 0.283203125 0.56640625 0.0205078125 0.0322265625
1 0.2578125 0.57421875 0.0244140625 0.0322265625
1 0.2373046875 0.58203125 0.0234375 0.0390625
1 0.20703125 0.5947265625 0.0517578125 0.091796875
1 0.2568359375 0.6181640625 0.037109375 0.0400390625
1 0.228515625 0.642578125 0.0283203125 0.0439453125
1 0.177734375 0.6484375 0.0625 0.0966796875
1 0.21875 0.6787109375 0.025390625 0.04296875
1 0.212890625 0.716796875 0.0234375 0.04296875
1 0.1640625 0.7119140625 0.0712890625 0.10546875
1 0.2060546875 0.75390625 0.025390625 0.046875
1 0.197265625 0.794921875 0.0234375 0.0478515625
1 0.1826171875 0.830078125 0.0263671875 0.0400390625
1 0.16796875 0.8662109375 0.0244140625 0.0419921875
1 0.1572265625 0.78125 0.05859375 0.0771484375
1 0.140625 0.8330078125 0.04296875 0.0703125
3 0.060546875 0.7373046875 0.12109375 0.443359375
1 0.892578125 0.9716796875 0.0546875 0.056640625
1 0.8427734375 0.97265625 0.046875 0.0546875
1 0.7978515625 0.9736328125 0.0498046875 0.052734375
1 0.75390625 0.9736328125 0.0478515625 0.052734375
1 0.708984375 0.97265625 0.04296875 0.0546875
1 0.666015625 0.974609375 0.0439453125 0.05078125
1 0.623046875 0.974609375 0.04296875 0.05078125
1 0.580078125 0.974609375 0.04296875 0.05078125
1 0.5380859375 0.9765625 0.0439453125 0.046875
1 0.498046875 0.9765625 0.0400390625 0.0458984375
1 0.4560546875 0.9765625 0.041015625 0.0458984375
1 0.41796875 0.9765625 0.041015625 0.046875
1 0.3759765625 0.9765625 0.041015625 0.046875
4 0.4599609375 0.5947265625 0.0830078125 0.392578125
1 0.3759765625 0.5068359375 0.09765625 0.2822265625
1 0.5673828125 0.486328125 0.0869140625 0.27734375
1 0.5673828125 0.68359375 0.1064453125 0.13671875
1 0.640625 0.6591796875 0.021484375 0.048828125
1 0.6396484375 0.703125 0.0283203125 0.052734375
1 0.6328125 0.751953125 0.0380859375 0.0478515625
1 0.5908203125 0.76171875 0.0546875 0.0498046875
1 0.6240234375 0.8095703125 0.07421875 0.0703125
1 0.599609375 0.8876953125 0.0556640625 0.0947265625
1 0.650390625 0.8701171875 0.025390625 0.0419921875
1 0.6748046875 0.908203125 0.04296875 0.05078125
1 0.560546875 0.796875 0.0615234375 0.0830078125
1 0.5703125 0.8642578125 0.0234375 0.048828125
1 0.5576171875 0.9169921875 0.0302734375 0.0439453125
1 0.5234375 0.8720703125 0.068359375 0.111328125
1 0.470703125 0.8994140625 0.0576171875 0.0751953125
1 0.392578125 0.8974609375 0.06640625 0.0830078125
1 0.345703125 0.8662109375 0.0703125 0.0888671875
1 0.201171875 0.919921875 0.04296875 0.046875
1 0.263671875 0.8671875 0.0400390625 0.0498046875
1 0.26171875 0.8173828125 0.0703125 0.06640625
1 0.3330078125 0.7021484375 0.107421875 0.1279296875
1 0.2705078125 0.6806640625 0.01953125 0.0439453125
1 0.263671875 0.7265625 0.0244140625 0.046875
1 0.2626953125 0.76953125 0.03515625 0.046875
1 0.3916015625 0.7490234375 0.0185546875 0.0283203125
1 0.3935546875 0.7216796875 0.0166015625 0.0263671875
1 0.396484375 0.6982421875 0.0166015625 0.025390625
1 0.3994140625 0.6767578125 0.017578125 0.0224609375
1 0.4013671875 0.65625 0.015625 0.0224609375
1 0.4033203125 0.6337890625 0.015625 0.025390625
1 0.4052734375 0.6123046875 0.0185546875 0.0234375
1 0.4072265625 0.5908203125 0.015625 0.0234375
1 0.4091796875 0.5673828125 0.0166015625 0.0263671875
1 0.412109375 0.5458984375 0.0146484375 0.025390625
1 0.4130859375 0.521484375 0.0146484375 0.0244140625
1 0.4150390625 0.5 0.013671875 0.0234375
1 0.419921875 0.478515625 0.015625 0.025390625
1 0.4287109375 0.458984375 0.015625 0.0224609375
1 0.4296875 0.435546875 0.013671875 0.0224609375
1 0.435546875 0.4150390625 0.0126953125 0.0224609375
1 0.4423828125 0.39453125 0.013671875 0.0234375
1 0.4521484375 0.3798828125 0.0126953125 0.0234375
1 0.4638671875 0.3623046875 0.0146484375 0.025390625
2 0.4794921875 0.345703125 0.021484375 0.029296875
1 0.4931640625 0.361328125 0.0126953125 0.02734375
1 0.501953125 0.376953125 0.0126953125 0.0263671875
1 0.5078125 0.3955078125 0.013671875 0.0283203125
1 0.513671875 0.4140625 0.0126953125 0.02734375
1 0.5146484375 0.435546875 0.013671875 0.025390625
1 0.51171875 0.4560546875 0.0166015625 0.025390625
1 0.5166015625 0.47265625 0.0126953125 0.029296875
1 0.517578125 0.49609375 0.0126953125 0.0302734375
1 0.517578125 0.51953125 0.013671875 0.0263671875
1 0.5146484375 0.5419921875 0.0126953125 0.025390625
1 0.51171875 0.5615234375 0.0146484375 0.0244140625
1 0.5107421875 0.583984375 0.0146484375 0.0224609375
1 0.509765625 0.5849609375 0.0146484375 0.0283203125
1 0.5087890625 0.603515625 0.0126953125 0.02734375
1 0.5068359375 0.625 0.0146484375 0.025390625
1 0.505859375 0.6474609375 0.0146484375 0.02734375
1 0.50390625 0.6689453125 0.015625 0.0263671875
1 0.501953125 0.6923828125 0.015625 0.025390625
1 0.5009765625 0.71484375 0.0146484375 0.0263671875
1 0.4990234375 0.744140625 0.013671875 0.029296875
0 0.4462890625 0.810546875 0.1748046875 0.11328125
1 0.2626953125 0.9775390625 0.044921875 0.044921875
1 0.2216796875 0.978515625 0.0400390625 0.0419921875
1 0.18359375 0.9794921875 0.041015625 0.0400390625
1 0.14453125 0.98046875 0.0390625 0.0390625
1 0.107421875 0.9814453125 0.0390625 0.037109375
1 0.068359375 0.9814453125 0.0390625 0.037109375
1 0.03125 0.982421875 0.0361328125 0.03515625
1 0.0068359375 0.9814453125 0.013671875 0.0361328125