3 0.548828125 0.4326171875 0.64453125 0.69921875
1 0.9501953125 0.3125 0.056640625 0.083984375
1 0.9462890625 0.4013671875 0.05859375 0.08984375
1 0.9443359375 0.486328125 0.056640625 0.08984375
1 0.94140625 0.57421875 0.05859375 0.0859375
1 0.9404296875 0.66015625 0.05859375 0.080078125
0 0.859375 0.8134765625 0.03125 0.052734375
0 0.85546875 0.6845703125 0.0234375 0.046875
0 0.85546875 0.9287109375 0.025390625 0.0234375
1 0.8583984375 0.8828125 0.033203125 0.078125
1 0.859375 0.748046875 0.029296875 0.078125
1 0.85546875 0.6181640625 0.017578125 0.0859375
1 0.7978515625 0.6015625 0.0390625 0.046875
1 0.794921875 0.6533203125 0.03515625 0.06640625
1 0.7939453125 0.708984375 0.03515625 0.052734375
1 0.794921875 0.765625 0.03515625 0.05859375
1 0.7939453125 0.8193359375 0.03515625 0.044921875
1 0.7919921875 0.8701171875 0.033203125 0.052734375
0 0.8720703125 0.1337890625 0.0390625 0.025390625
0 0.8408203125 0.0595703125 0.0390625 0.03125
1 0.83203125 0.0205078125 0.04296875 0.041015625
1 0.857421875 0.0966796875 0.04296875 0.04296875
1 0.8837890625 0.169921875 0.041015625 0.046875
4 0.953125 0.7802734375 0.09375 0.1484375
0 0.5986328125 0.8720703125 0.048828125 0.078125