4 0.794921875 0.6318359375 0.3828125 0.734375
4 0.4951171875 0.26953125 0.14453125 0.353515625
4 0.2861328125 0.5517578125 0.12109375 0.27734375
4 0.166015625 0.7021484375 0.125 0.1875
4 0.4404296875 0.7919921875 0.0546875 0.140625
3 0.1337890625 0.384765625 0.0859375 0.19140625
0 0.2177734375 0.9677734375 0.01953125 0.05078125
0 0.2294921875 0.9873046875 0.029296875 0.025390625
0 0.2568359375 0.9716796875 0.033203125 0.05078125
0 0.23828125 0.9306640625 0.03125 0.048828125
0 0.224609375 0.8984375 0.01953125 0.05078125
0 0.263671875 0.8974609375 0.029296875 0.0546875
0 0.2451171875 0.859375 0.03125 0.05078125
0 0.232421875 0.8271484375 0.015625 0.04296875
0 0.25390625 0.7890625 0.02734375 0.05078125
0 0.26953125 0.828125 0.02734375 0.048828125
0 0.27734375 0.7578125 0.029296875 0.046875
0 0.2890625 0.8017578125 0.01953125 0.046875
0 0.2578125 0.72265625 0.03515625 0.046875
0 0.244140625 0.69140625 0.01953125 0.04296875
0 0.2646484375 0.6650390625 0.03515625 0.0234375
0 0.283203125 0.693359375 0.03515625 0.046875
0 0.375 0.5400390625 0.0390625 0.03515625
0 0.353515625 0.568359375 0.021484375 0.0546875
0 0.3974609375 0.5673828125 0.03125 0.05859375
0 0.373046875 0.5986328125 0.046875 0.046875
0 0.4140625 0.615234375 0.01953125 0.05078125
0 0.390625 0.640625 0.0390625 0.05078125
0 0.3486328125 0.640625 0.02734375 0.046875
0 0.36328125 0.6728515625 0.037109375 0.0546875
0 0.40625 0.6953125 0.03125 0.05859375
0 0.384765625 0.71484375 0.04296875 0.0546875
0 0.34375 0.7177734375 0.02734375 0.044921875
0 0.3583984375 0.751953125 0.03515625 0.056640625
0 0.380859375 0.7958984375 0.03515625 0.06640625
0 0.400390625 0.765625 0.01953125 0.046875
0 0.3349609375 0.796875 0.025390625 0.044921875
0 0.349609375 0.833984375 0.03515625 0.0546875
0 0.3271484375 0.8720703125 0.03515625 0.076171875
0 0.3720703125 0.87890625 0.0390625 0.06640625
0 0.3955078125 0.8525390625 0.017578125 0.0625
0 0.3466796875 0.921875 0.04296875 0.064453125
0 0.3203125 0.96484375 0.03125 0.05859375
0 0.3671875 0.9638671875 0.0390625 0.0703125
0 0.392578125 0.9326171875 0.021484375 0.060546875
0 0.4853515625 0.7529296875 0.033203125 0.03125
0 0.46875 0.76953125 0.017578125 0.05078125
0 0.505859375 0.76953125 0.03515625 0.05859375
0 0.48046875 0.802734375 0.02734375 0.05078125
0 0.501953125 0.8310546875 0.02734375 0.056640625
0 0.4794921875 0.865234375 0.03125 0.05078125
0 0.458984375 0.904296875 0.01953125 0.05859375
0 0.49609375 0.8994140625 0.03515625 0.05078125
0 0.47265625 0.927734375 0.025390625 0.04296875
0 0.455078125 0.966796875 0.0234375 0.046875
0 0.490234375 0.9638671875 0.03125 0.05078125
0 0.5869140625 0.96484375 0.06640625 0.0703125
0 0.5595703125 0.9248046875 0.0390625 0.072265625
0 0.6259765625 0.91796875 0.04296875 0.080078125
0 0.6435546875 0.978515625 0.0234375 0.04296875
0 0.5908203125 0.86328125 0.056640625 0.08203125
0 0.6484375 0.869140625 0.02734375 0.078125
0 0.6279296875 0.8056640625 0.048828125 0.08203125
0 0.5654296875 0.81640625 0.0390625 0.078125
0 0.5947265625 0.7509765625 0.05078125 0.078125
0 0.6533203125 0.76171875 0.02734375 0.08203125
0 0.5703125 0.7041015625 0.03515625 0.0703125
0 0.595703125 0.6435546875 0.0390625 0.0703125
0 0.5703125 0.5966796875 0.03515625 0.060546875
0 0.5986328125 0.5390625 0.0546875 0.060546875
0 0.5986328125 0.4423828125 0.044921875 0.0625
0 0.6298828125 0.4921875 0.04296875 0.078125
0 0.6318359375 0.4013671875 0.04296875 0.06640625
0 0.6357421875 0.30859375 0.044921875 0.07421875
0 0.603515625 0.3486328125 0.04296875 0.06640625
0 0.5771484375 0.31640625 0.03515625 0.0703125
0 0.6025390625 0.28125 0.0390625 0.04296875