3 0.09765625 0.6767578125 0.1953125 0.59765625
3 0.912109375 0.66796875 0.17578125 0.62109375
3 0.6162109375 0.44140625 0.09765625 0.2890625
0 0.35546875 0.6455078125 0.025390625 0.052734375
0 0.3779296875 0.681640625 0.0234375 0.056640625
0 0.3564453125 0.71875 0.0234375 0.0546875
0 0.3779296875 0.7568359375 0.02734375 0.060546875
0 0.3955078125 0.712890625 0.0234375 0.0625
0 0.4140625 0.6826171875 0.0234375 0.046875
0 0.3916015625 0.6533203125 0.025390625 0.03515625
0 0.435546875 0.7119140625 0.02734375 0.0625
0 0.4169921875 0.7529296875 0.025390625 0.05078125
0 0.4560546875 0.74609375 0.029296875 0.056640625
0 0.4384765625 0.775390625 0.01953125 0.02734375
0 0.4755859375 0.7724609375 0.02734375 0.0390625
0 0.494140625 0.7548828125 0.021484375 0.0390625
0 0.5107421875 0.7763671875 0.017578125 0.03125
0 0.396484375 0.7763671875 0.0234375 0.029296875
0 0.3564453125 0.77734375 0.017578125 0.03125
0 0.34375 0.7548828125 0.01171875 0.04296875
1 0.1044921875 0.1005859375 0.017578125 0.060546875
1 0.1025390625 0.1552734375 0.015625 0.05078125
1 0.103515625 0.2099609375 0.015625 0.056640625
1 0.1005859375 0.255859375 0.015625 0.03515625
1 0.10546875 0.0498046875 0.01953125 0.04296875
1 0.29296875 0.0703125 0.013671875 0.060546875
0 0.4033203125 0.060546875 0.0234375 0.05078125
0 0.40234375 0.1337890625 0.01953125 0.046875
0 0.41796875 0.0986328125 0.015625 0.046875
0 0.3896484375 0.095703125 0.015625 0.046875
0 0.3876953125 0.1689453125 0.015625 0.05078125
0 0.4033203125 0.203125 0.01953125 0.0390625
0 0.4169921875 0.1708984375 0.01953125 0.03125
0 0.4150390625 0.0234375 0.017578125 0.037109375
0 0.390625 0.029296875 0.01171875 0.046875
0 0.7958984375 0.064453125 0.0234375 0.0390625
0 0.78125 0.103515625 0.01953125 0.044921875
0 0.796875 0.1357421875 0.0234375 0.0390625
0 0.78125 0.1728515625 0.01953125 0.044921875
0 0.798828125 0.205078125 0.0234375 0.046875
0 0.8115234375 0.1669921875 0.015625 0.0390625
0 0.810546875 0.1015625 0.01953125 0.046875
0 0.8095703125 0.02734375 0.01953125 0.046875
0 0.783203125 0.0283203125 0.0234375 0.046875
1 0.9951171875 0.068359375 0.0078125 0.046875
1 0.99609375 0.119140625 0.0078125 0.060546875
1 0.99609375 0.1767578125 0.0078125 0.05859375
1 0.9970703125 0.2421875 0.005859375 0.06640625
1 0.8583984375 0.072265625 0.015625 0.05859375
1 0.8583984375 0.1279296875 0.015625 0.05859375
1 0.861328125 0.18359375 0.013671875 0.05078125
1 0.861328125 0.24609375 0.015625 0.0703125
1 0.8408203125 0.0703125 0.01171875 0.056640625
1 0.841796875 0.1279296875 0.01171875 0.05859375
1 0.84375 0.181640625 0.01171875 0.0625
1 0.8447265625 0.248046875 0.013671875 0.07421875
1 0.681640625 0.0732421875 0.01171875 0.05859375
1 0.6650390625 0.072265625 0.01171875 0.0546875
1 0.681640625 0.1298828125 0.01171875 0.0546875
1 0.666015625 0.1259765625 0.01171875 0.0546875
1 0.68359375 0.18359375 0.01171875 0.0546875
1 0.6669921875 0.1787109375 0.013671875 0.05859375
1 0.68359375 0.248046875 0.013671875 0.072265625
1 0.6689453125 0.2431640625 0.015625 0.076171875
1 0.5302734375 0.080078125 0.01171875 0.05859375
1 0.51171875 0.08203125 0.01171875 0.05859375
1 0.53125 0.1357421875 0.013671875 0.048828125
1 0.513671875 0.1396484375 0.013671875 0.0546875
1 0.5146484375 0.1904296875 0.013671875 0.052734375
1 0.53125 0.1875 0.015625 0.0546875
1 0.52734375 0.248046875 0.01171875 0.060546875
1 0.513671875 0.248046875 0.015625 0.0703125