0 0.982421875 0.619140625 0.03515625 0.15234375
0 0.9599609375 0.6328125 0.052734375 0.1484375
0 0.9052734375 0.6376953125 0.06640625 0.1640625
0 0.875 0.6484375 0.0703125 0.1640625
0 0.8271484375 0.6650390625 0.07421875 0.1953125
0 0.763671875 0.6826171875 0.07421875 0.20703125
0 0.6982421875 0.6982421875 0.072265625 0.216796875
0 0.630859375 0.71875 0.080078125 0.19921875
0 0.5625 0.724609375 0.068359375 0.1796875
0 0.4892578125 0.763671875 0.08984375 0.22265625
0 0.4052734375 0.78125 0.08203125 0.22265625
0 0.3076171875 0.8154296875 0.103515625 0.2265625
0 0.19921875 0.8486328125 0.119140625 0.21484375
0 0.0732421875 0.8828125 0.12890625 0.22265625
1 0.962890625 0.3359375 0.07421875 0.25390625
1 0.89453125 0.345703125 0.12890625 0.2578125
1 0.771484375 0.359375 0.1640625 0.265625
1 0.595703125 0.3681640625 0.18359375 0.30078125
1 0.37109375 0.412109375 0.248046875 0.375
1 0.125 0.42578125 0.25 0.50390625