3 0.6923828125 0.5205078125 0.2236328125 0.4765625
3 0.048828125 0.4228515625 0.09765625 0.470703125
2 0.9873046875 0.03125 0.025390625 0.0625
2 0.970703125 0.08203125 0.0322265625 0.0888671875
2 0.9501953125 0.138671875 0.025390625 0.0732421875
2 0.935546875 0.1953125 0.0341796875 0.08203125
2 0.9208984375 0.2509765625 0.03125 0.0791015625
2 0.90625 0.306640625 0.0341796875 0.0791015625
2 0.884765625 0.3662109375 0.0361328125 0.0927734375
2 0.8544921875 0.4208984375 0.0458984375 0.1064453125
2 0.8251953125 0.4765625 0.037109375 0.1064453125
2 0.796875 0.5341796875 0.0361328125 0.111328125
2 0.6884765625 0.7158203125 0.029296875 0.064453125
2 0.66015625 0.7109375 0.0283203125 0.076171875
2 0.6298828125 0.70703125 0.0322265625 0.0732421875
2 0.603515625 0.697265625 0.0322265625 0.0859375
2 0.5771484375 0.6904296875 0.033203125 0.083984375
2 0.5439453125 0.677734375 0.0361328125 0.08203125
2 0.5068359375 0.6630859375 0.0390625 0.0830078125
2 0.470703125 0.654296875 0.0380859375 0.0908203125
2 0.431640625 0.638671875 0.04296875 0.0947265625
2 0.384765625 0.62890625 0.046875 0.0966796875
2 0.337890625 0.611328125 0.046875 0.1064453125
2 0.2861328125 0.595703125 0.0634765625 0.1162109375
2 0.228515625 0.5771484375 0.0654296875 0.115234375
2 0.1650390625 0.5556640625 0.0615234375 0.1220703125
2 0.1162109375 0.5419921875 0.0380859375 0.1337890625
1 0.04296875 0.9482421875 0.056640625 0.1015625
1 0.1044921875 0.953125 0.0615234375 0.0927734375
1 0.1689453125 0.955078125 0.060546875 0.0888671875
1 0.2333984375 0.9580078125 0.0673828125 0.083984375
1 0.298828125 0.958984375 0.0625 0.08203125
1 0.3583984375 0.962890625 0.0546875 0.07421875
1 0.4169921875 0.9658203125 0.060546875 0.0673828125
1 0.474609375 0.9677734375 0.044921875 0.0634765625
1 0.5283203125 0.9716796875 0.0625 0.0556640625
1 0.5888671875 0.97265625 0.0556640625 0.0537109375
1 0.6416015625 0.982421875 0.0380859375 0.03515625
1 0.69921875 0.98046875 0.0654296875 0.0380859375
1 0.7568359375 0.8115234375 0.0283203125 0.0400390625
1 0.787109375 0.814453125 0.033203125 0.04296875
1 0.8173828125 0.8203125 0.02734375 0.0380859375
1 0.8447265625 0.82421875 0.0263671875 0.0419921875
1 0.8720703125 0.828125 0.0283203125 0.0380859375
1 0.9013671875 0.8310546875 0.029296875 0.046875
1 0.9306640625 0.83984375 0.029296875 0.0546875
1 0.958984375 0.8427734375 0.0224609375 0.044921875
1 0.986328125 0.84375 0.025390625 0.0498046875
1 0.8720703125 0.7177734375 0.0166015625 0.0400390625
1 0.888671875 0.7177734375 0.017578125 0.0380859375
1 0.90625 0.71875 0.0185546875 0.03515625
1 0.9267578125 0.7255859375 0.01953125 0.0390625
1 0.947265625 0.728515625 0.0185546875 0.0380859375
1 0.9658203125 0.7314453125 0.01953125 0.0380859375
1 0.9833984375 0.7314453125 0.017578125 0.0380859375
1 0.99609375 0.7333984375 0.0078125 0.048828125
1 0.884765625 0.6728515625 0.0224609375 0.0390625
1 0.8876953125 0.6494140625 0.0244140625 0.0419921875
1 0.8916015625 0.62890625 0.0302734375 0.0400390625
1 0.8974609375 0.6044921875 0.0224609375 0.03125
1 0.9072265625 0.5869140625 0.0205078125 0.029296875
1 0.9150390625 0.5654296875 0.0205078125 0.0263671875
1 0.9208984375 0.5458984375 0.01953125 0.0302734375
1 0.9267578125 0.5263671875 0.0146484375 0.0234375
1 0.935546875 0.5087890625 0.015625 0.0224609375
1 0.9794921875 0.62890625 0.0400390625 0.078125
1 0.9892578125 0.552734375 0.021484375 0.0556640625
1 0.9951171875 0.4853515625 0.009765625 0.068359375
1 0.9404296875 0.685546875 0.0205078125 0.0341796875
1 0.97265625 0.6884765625 0.03515625 0.037109375
1 0.9228515625 0.66015625 0.02734375 0.037109375
1 0.931640625 0.6240234375 0.02734375 0.0419921875
1 0.9462890625 0.5810546875 0.02734375 0.056640625
1 0.9580078125 0.5341796875 0.0263671875 0.0498046875
1 0.9736328125 0.4814453125 0.0263671875 0.04296875
1 0.98046875 0.439453125 0.0224609375 0.0400390625
1 0.9921875 0.40625 0.015625 0.052734375
2 0.8369140625 0.6240234375 0.0439453125 0.0869140625
2 0.865234375 0.55859375 0.04296875 0.068359375
2 0.8935546875 0.50390625 0.0419921875 0.0751953125
2 0.919921875 0.4541015625 0.0390625 0.072265625
2 0.9501953125 0.3955078125 0.0400390625 0.072265625
2 0.974609375 0.3349609375 0.037109375 0.06640625
2 0.9853515625 0.2763671875 0.0283203125 0.0673828125
2 0.990234375 0.220703125 0.01953125 0.0458984375