2 0.9482421875 0.26953125 0.103515625 0.11328125
2 0.85546875 0.2265625 0.1484375 0.11328125
2 0.7412109375 0.1728515625 0.134765625 0.123046875
2 0.6201171875 0.1396484375 0.13671875 0.107421875
2 0.5068359375 0.1015625 0.140625 0.10546875
2 0.38671875 0.05078125 0.15234375 0.1015625
2 0.2685546875 0.02734375 0.1484375 0.0546875
2 0.9345703125 0.724609375 0.123046875 0.0703125
2 0.8251953125 0.798828125 0.13671875 0.115234375
2 0.71484375 0.890625 0.14453125 0.095703125
2 0.60546875 0.9580078125 0.12890625 0.083984375
2 0.400390625 0.564453125 0.16015625 0.109375
2 0.3095703125 0.6572265625 0.171875 0.0859375
2 0.20703125 0.7431640625 0.1796875 0.1171875
2 0.0908203125 0.8486328125 0.16796875 0.08984375
2 0.5302734375 0.5087890625 0.125 0.0625
2 0.5546875 0.373046875 0.13671875 0.09375
2 0.412109375 0.3681640625 0.16796875 0.134765625
2 0.3095703125 0.3173828125 0.17578125 0.158203125
2 0.20703125 0.28515625 0.1640625 0.140625
2 0.0908203125 0.2421875 0.15234375 0.1328125
2 0.0390625 0.1962890625 0.078125 0.115234375