4 0.6162109375 0.5439453125 0.6328125 0.46484375
2 0.7919921875 0.4580078125 0.09375 0.080078125
2 0.83203125 0.5087890625 0.087890625 0.05859375
2 0.892578125 0.552734375 0.06640625 0.06640625
2 0.962890625 0.2236328125 0.0546875 0.06640625
2 0.888671875 0.263671875 0.080078125 0.05859375
2 0.8427734375 0.34765625 0.0703125 0.0625
2 0.7080078125 0.90234375 0.0859375 0.068359375
2 0.791015625 0.8466796875 0.083984375 0.076171875
2 0.88671875 0.8359375 0.076171875 0.06640625
2 0.9208984375 0.7890625 0.07421875 0.0546875
2 0.599609375 0.9755859375 0.06640625 0.048828125
1 0.0107421875 0.73828125 0.021484375 0.064453125
1 0.0361328125 0.6962890625 0.046875 0.064453125
1 0.0732421875 0.6630859375 0.05078125 0.056640625
1 0.1064453125 0.6220703125 0.05078125 0.048828125
1 0.12890625 0.580078125 0.046875 0.05078125
1 0.169921875 0.544921875 0.044921875 0.05859375
1 0.1953125 0.509765625 0.046875 0.0546875
1 0.220703125 0.470703125 0.05078125 0.044921875
1 0.2548828125 0.43359375 0.044921875 0.0546875
1 0.2802734375 0.39453125 0.04296875 0.05078125
1 0.3056640625 0.3642578125 0.0390625 0.037109375
1 0.330078125 0.333984375 0.046875 0.0546875
1 0.361328125 0.3017578125 0.04296875 0.05078125
1 0.392578125 0.275390625 0.041015625 0.046875
1 0.4140625 0.240234375 0.04296875 0.04296875
1 0.4365234375 0.2158203125 0.04296875 0.04296875
1 0.4677734375 0.1875 0.04296875 0.046875
1 0.484375 0.1484375 0.04296875 0.05078125
1 0.5107421875 0.1240234375 0.037109375 0.04296875
1 0.529296875 0.0986328125 0.0390625 0.046875
1 0.5556640625 0.0693359375 0.037109375 0.046875
1 0.5732421875 0.04296875 0.03515625 0.041015625
1 0.5947265625 0.01953125 0.0390625 0.0390625