1 0.6806640625 0.0068359375 0.134765625 0.013671875
1 0.2255859375 0.0048828125 0.171875 0.009765625
1 0.626953125 0.130859375 0.3515625 0.212890625
1 0.291015625 0.123046875 0.3515625 0.20703125
4 0.4365234375 0.4111328125 0.513671875 0.1171875
1 0.56640625 0.59765625 0.25390625 0.11328125
1 0.3125 0.5966796875 0.24609375 0.1171875
1 0.7314453125 0.69921875 0.0703125 0.076171875
0 0.6650390625 0.68359375 0.07421875 0.046875
1 0.5947265625 0.669921875 0.0859375 0.01953125
1 0.5849609375 0.6953125 0.09375 0.01953125
1 0.5322265625 0.6806640625 0.078125 0.04296875
0 0.4443359375 0.681640625 0.13671875 0.04296875
0 0.3486328125 0.6806640625 0.0703125 0.04296875
1 0.291015625 0.662109375 0.09765625 0.015625
1 0.2958984375 0.689453125 0.109375 0.01953125
0 0.21484375 0.67578125 0.09765625 0.041015625
1 0.548828125 0.7509765625 0.21875 0.0859375
1 0.3310546875 0.74609375 0.22265625 0.08984375
1 0.5224609375 0.916015625 0.19921875 0.072265625
1 0.333984375 0.9140625 0.1796875 0.0703125
0 0.609375 0.9677734375 0.0546875 0.03125
1 0.5498046875 0.95703125 0.06640625 0.015625
1 0.5439453125 0.974609375 0.07421875 0.01953125
1 0.5087890625 0.9677734375 0.052734375 0.029296875
1 0.3603515625 0.966796875 0.0546875 0.02734375
1 0.3037109375 0.95703125 0.080078125 0.015625
1 0.3037109375 0.9736328125 0.060546875 0.01953125
0 0.431640625 0.96484375 0.1171875 0.02734375
0 0.2568359375 0.9677734375 0.06640625 0.03125
1 0.5146484375 0.9921875 0.171875 0.015625
1 0.3349609375 0.990234375 0.181640625 0.01953125