2 0.521484375 0.591796875 0.060546875 0.1015625
2 0.58984375 0.58203125 0.064453125 0.0947265625
2 0.6533203125 0.56640625 0.0634765625 0.087890625
2 0.7099609375 0.5390625 0.0556640625 0.0888671875
2 0.7744140625 0.5205078125 0.0576171875 0.0859375
2 0.8310546875 0.505859375 0.0576171875 0.0791015625
2 0.888671875 0.48046875 0.0576171875 0.0859375
2 0.9453125 0.46484375 0.05078125 0.0869140625
2 0.986328125 0.451171875 0.0263671875 0.0732421875
2 0.3857421875 0.859375 0.0693359375 0.1025390625
2 0.3115234375 0.884765625 0.0673828125 0.1015625
2 0.240234375 0.8984375 0.0615234375 0.0966796875
2 0.1552734375 0.9326171875 0.06640625 0.111328125
2 0.072265625 0.9501953125 0.0712890625 0.0869140625
2 0.0107421875 0.962890625 0.021484375 0.07421875
1 0.5595703125 0.94921875 0.0517578125 0.076171875
1 0.623046875 0.935546875 0.0634765625 0.0712890625
1 0.6943359375 0.927734375 0.0615234375 0.06640625
1 0.75390625 0.9169921875 0.05859375 0.0703125
1 0.81640625 0.904296875 0.0615234375 0.0732421875
1 0.8818359375 0.8984375 0.0634765625 0.0791015625
1 0.9501953125 0.88671875 0.0654296875 0.076171875
3 0.408203125 0.3994140625 0.171875 0.634765625