4 0.5234375 0.3603515625 0.15625 0.07421875
4 0.5732421875 0.4189453125 0.169921875 0.080078125
4 0.5966796875 0.51953125 0.140625 0.109375
4 0.56640625 0.626953125 0.14453125 0.0546875
4 0.5146484375 0.689453125 0.166015625 0.0703125
4 0.423828125 0.51171875 0.24609375 0.1875
1 0.5595703125 0.2431640625 0.0625 0.0703125
1 0.609375 0.2783203125 0.04296875 0.08203125
1 0.6484375 0.3154296875 0.0546875 0.078125
1 0.6796875 0.3623046875 0.05859375 0.087890625
1 0.5107421875 0.232421875 0.05078125 0.083984375
1 0.462890625 0.2255859375 0.046875 0.0625
1 0.4208984375 0.2314453125 0.046875 0.0703125
1 0.37109375 0.240234375 0.0703125 0.05078125
1 0.3359375 0.2705078125 0.068359375 0.046875
1 0.306640625 0.3017578125 0.080078125 0.0390625
1 0.2744140625 0.3369140625 0.07421875 0.04296875
1 0.259765625 0.3837890625 0.07421875 0.046875
1 0.2451171875 0.431640625 0.068359375 0.044921875
1 0.2333984375 0.478515625 0.0625 0.05078125
1 0.234375 0.525390625 0.05859375 0.05078125
1 0.234375 0.572265625 0.05859375 0.0546875
1 0.2509765625 0.6181640625 0.0625 0.046875
1 0.2626953125 0.662109375 0.07421875 0.04296875
1 0.2900390625 0.7041015625 0.06640625 0.046875
1 0.3193359375 0.7373046875 0.0859375 0.0390625
1 0.3466796875 0.7646484375 0.080078125 0.03515625
1 0.384765625 0.7900390625 0.078125 0.046875
1 0.4267578125 0.8017578125 0.0703125 0.0546875
1 0.572265625 0.7822265625 0.05859375 0.068359375
1 0.609375 0.751953125 0.0546875 0.080078125
1 0.6494140625 0.7099609375 0.05078125 0.08203125