0 0.8115234375 0.166015625 0.18359375 0.2919921875
0 0.9375 0.333984375 0.125 0.283203125
0 0.884765625 0.4794921875 0.13671875 0.2470703125
0 0.046875 0.1376953125 0.0732421875 0.1376953125
1 0.1318359375 0.6943359375 0.234375 0.4736328125
1 0.09375 0.3525390625 0.138671875 0.234375
1 0.7666015625 0.744140625 0.2177734375 0.3857421875
1 0.7431640625 0.404296875 0.12890625 0.224609375
1 0.939453125 0.8115234375 0.12109375 0.2705078125
2 0.6474609375 0.078125 0.0341796875 0.1005859375
2 0.603515625 0.03515625 0.056640625 0.064453125
2 0.1572265625 0.0380859375 0.0458984375 0.05859375