4 0.6201171875 0.5439453125 0.197265625 0.09765625
4 0.8671875 0.064453125 0.1484375 0.05859375
3 0.6904296875 0.068359375 0.1328125 0.044921875
3 0.8203125 0.234375 0.130859375 0.09765625
3 0.75390625 0.8505859375 0.15234375 0.12890625
2 0.630859375 0.271484375 0.18359375 0.0546875
2 0.4931640625 0.3369140625 0.234375 0.07421875
2 0.34375 0.41796875 0.21484375 0.08203125
2 0.25390625 0.5 0.171875 0.08203125
2 0.16796875 0.5966796875 0.14453125 0.1171875
2 0.1923828125 0.6982421875 0.142578125 0.0703125
2 0.267578125 0.7822265625 0.22265625 0.07421875
2 0.3955078125 0.853515625 0.25 0.06640625
2 0.5400390625 0.89453125 0.23828125 0.09765625
2 0.697265625 0.9365234375 0.224609375 0.072265625
1 0.3896484375 0.607421875 0.091796875 0.041015625
1 0.4482421875 0.6435546875 0.12109375 0.04296875
1 0.501953125 0.662109375 0.099609375 0.04296875
1 0.5546875 0.6708984375 0.0703125 0.05078125
1 0.609375 0.66796875 0.07421875 0.029296875
1 0.3837890625 0.5732421875 0.091796875 0.02734375
1 0.412109375 0.53125 0.09375 0.05078125
1 0.466796875 0.4921875 0.09765625 0.046875
1 0.5419921875 0.4638671875 0.08984375 0.0390625
1 0.6083984375 0.443359375 0.052734375 0.02734375
1 0.6484375 0.4375 0.0546875 0.017578125