1 0.2041015625 0.1484375 0.05859375 0.296875
1 0.169921875 0.4833984375 0.060546875 0.38671875
1 0.12890625 0.822265625 0.0615234375 0.353515625
1 0.3603515625 0.2216796875 0.216796875 0.443359375
1 0.3271484375 0.640625 0.2255859375 0.5390625
1 0.3134765625 0.9423828125 0.220703125 0.115234375
1 0.533203125 0.0888671875 0.1328125 0.177734375
1 0.505859375 0.3125 0.1044921875 0.14453125
1 0.58984375 0.39453125 0.0830078125 0.203125
1 0.798828125 0.0751953125 0.126953125 0.150390625
1 0.662109375 0.0380859375 0.1240234375 0.076171875
1 0.5712890625 0.1513671875 0.0595703125 0.1943359375
1 0.7529296875 0.1455078125 0.0693359375 0.1865234375
1 0.6572265625 0.267578125 0.2060546875 0.1689453125
0 0.6611328125 0.13671875 0.125 0.1494140625
1 0.8564453125 0.2421875 0.052734375 0.169921875
1 0.814453125 0.2998046875 0.09765625 0.134765625
1 0.724609375 0.4296875 0.09375 0.236328125
1 0.814453125 0.6005859375 0.1123046875 0.169921875
0 0.8076171875 0.447265625 0.0986328125 0.1923828125
1 0.8818359375 0.796875 0.0703125 0.2802734375
0 0.8896484375 0.8251953125 0.0361328125 0.107421875
1 0.796875 0.8916015625 0.2197265625 0.216796875
1 0.650390625 0.515625 0.1455078125 0.171875
1 0.55859375 0.6982421875 0.0771484375 0.2958984375
1 0.7490234375 0.69140625 0.109375 0.2607421875
1 0.6494140625 0.8564453125 0.1416015625 0.177734375
0 0.65234375 0.6806640625 0.14453125 0.201171875
1 0.501953125 0.5986328125 0.10546875 0.1640625
0 0.509765625 0.443359375 0.1005859375 0.16796875
1 0.498046875 0.8564453125 0.13671875 0.1904296875
0 0.5009765625 0.970703125 0.080078125 0.05859375
1 0.5859375 0.9423828125 0.08203125 0.115234375