4 0.4970703125 0.556640625 0.5458984375 0.828125
1 0.94921875 0.484375 0.1015625 0.1005859375
1 0.94921875 0.5849609375 0.1015625 0.0966796875
1 0.953125 0.6689453125 0.09375 0.0830078125
1 0.9619140625 0.751953125 0.076171875 0.0927734375
1 0.9580078125 0.84375 0.0771484375 0.064453125
1 0.0517578125 0.8251953125 0.103515625 0.080078125
1 0.044921875 0.728515625 0.08984375 0.08203125
1 0.0361328125 0.630859375 0.072265625 0.09375
1 0.041015625 0.544921875 0.08203125 0.07421875
1 0.0439453125 0.455078125 0.087890625 0.09765625
3 0.9453125 0.12890625 0.109375 0.181640625
3 0.048828125 0.0732421875 0.09765625 0.146484375
0 0.880859375 0.29296875 0.048828125 0.03125
0 0.9326171875 0.29296875 0.046875 0.0361328125
0 0.98046875 0.2958984375 0.0390625 0.044921875
0 0.0751953125 0.255859375 0.04296875 0.025390625
0 0.0234375 0.2529296875 0.046875 0.029296875
1 0.0556640625 0.3720703125 0.111328125 0.03125
1 0.056640625 0.310546875 0.11328125 0.046875
1 0.9296875 0.34765625 0.140625 0.052734375
1 0.9296875 0.4052734375 0.140625 0.0322265625