1 0.7666015625 0.1220703125 0.0986328125 0.126953125
1 0.69921875 0.0341796875 0.0732421875 0.068359375
1 0.8212890625 0.244140625 0.1162109375 0.1259765625
1 0.580078125 0.04296875 0.0966796875 0.0859375
1 0.62890625 0.1220703125 0.1025390625 0.123046875
1 0.6826171875 0.2333984375 0.09765625 0.1279296875
1 0.765625 0.3603515625 0.11328125 0.1318359375
1 0.8271484375 0.482421875 0.087890625 0.125
1 0.8232421875 0.810546875 0.1865234375 0.177734375
1 0.1875 0.857421875 0.134765625 0.1552734375
1 0.41015625 0.1474609375 0.115234375 0.1455078125
1 0.390625 0.259765625 0.099609375 0.072265625
1 0.37109375 0.3525390625 0.13671875 0.1171875
1 0.3203125 0.4814453125 0.15625 0.15234375
1 0.2412109375 0.6396484375 0.1015625 0.111328125