1 0.798828125 0.0517578125 0.1328125 0.1015625
1 0.8505859375 0.111328125 0.1640625 0.1875
1 0.923828125 0.1787109375 0.11328125 0.171875
1 0.9755859375 0.2236328125 0.046875 0.166015625
1 0.3779296875 0.5234375 0.064453125 0.08203125
1 0.3720703125 0.60546875 0.078125 0.125
1 0.435546875 0.615234375 0.048828125 0.1015625
1 0.5341796875 0.6083984375 0.109375 0.103515625
1 0.63671875 0.58984375 0.107421875 0.12109375
1 0.837890625 0.5732421875 0.08984375 0.125
1 0.9765625 0.388671875 0.046875 0.1015625
1 0.8388671875 0.2841796875 0.083984375 0.09375
1 0.669921875 0.041015625 0.0546875 0.08203125
1 0.572265625 0.05078125 0.107421875 0.1015625
1 0.4189453125 0.076171875 0.0703125 0.15234375
1 0.47265625 0.15234375 0.064453125 0.12890625
1 0.5146484375 0.2529296875 0.099609375 0.1484375
1 0.642578125 0.2412109375 0.07421875 0.130859375
1 0.6806640625 0.2724609375 0.078125 0.1328125
1 0.7080078125 0.517578125 0.078125 0.09765625
1 0.193359375 0.0615234375 0.2421875 0.12109375
1 0.17578125 0.3369140625 0.22265625 0.1875
1 0.16015625 0.6025390625 0.189453125 0.138671875
1 0.34375 0.8291015625 0.103515625 0.228515625
1 0.52734375 0.8173828125 0.1171875 0.25390625
1 0.7197265625 0.8037109375 0.109375 0.21484375
1 0.8818359375 0.78515625 0.08203125 0.21484375
2 0.9658203125 0.7919921875 0.06640625 0.240234375
2 0.802734375 0.794921875 0.09765625 0.224609375
2 0.6240234375 0.814453125 0.09765625 0.21484375
2 0.435546875 0.82421875 0.10546875 0.23828125
2 0.2470703125 0.8525390625 0.08984375 0.216796875
2 0.16015625 0.84765625 0.0859375 0.1640625
2 0.138671875 0.73828125 0.181640625 0.158203125
2 0.16015625 0.48828125 0.2109375 0.16796875
2 0.1689453125 0.1669921875 0.24609375 0.1796875