4 0.4638671875 0.5283203125 0.49609375 0.40234375
1 0.8330078125 0.4384765625 0.15234375 0.16796875
1 0.771484375 0.3115234375 0.142578125 0.11328125
1 0.703125 0.2158203125 0.123046875 0.140625
1 0.6328125 0.1396484375 0.134765625 0.12890625
1 0.5546875 0.0712890625 0.109375 0.11328125
1 0.4453125 0.052734375 0.13671875 0.10546875
1 0.236328125 0.224609375 0.162109375 0.23046875
1 0.119140625 0.5048828125 0.1953125 0.296875
1 0.828125 0.6328125 0.15625 0.130859375
1 0.76953125 0.7412109375 0.134765625 0.099609375
1 0.7060546875 0.8232421875 0.16015625 0.130859375
1 0.615234375 0.896484375 0.1328125 0.107421875
1 0.5419921875 0.9423828125 0.09375 0.11328125
1 0.419921875 0.9375 0.166015625 0.125
1 0.2158203125 0.7939453125 0.1484375 0.25