0 0.5400390625 0.12890625 0.171875 0.119140625
0 0.5400390625 0.283203125 0.1796875 0.12890625
0 0.5546875 0.4248046875 0.171875 0.138671875
0 0.5693359375 0.580078125 0.16015625 0.125
0 0.5849609375 0.7265625 0.15625 0.1171875
0 0.5908203125 0.8759765625 0.15625 0.125
0 0.6015625 0.986328125 0.16015625 0.02734375
0 0.5166015625 0.0224609375 0.154296875 0.04296875
1 0.8876953125 0.11328125 0.224609375 0.2265625
1 0.90234375 0.353515625 0.1953125 0.265625
1 0.912109375 0.5771484375 0.17578125 0.23828125
1 0.912109375 0.80078125 0.17578125 0.244140625