1 0.3603515625 0.0400390625 0.345703125 0.080078125
1 0.7099609375 0.0400390625 0.333984375 0.080078125
0 0.1826171875 0.2880859375 0.1298828125 0.255859375
0 0.8447265625 0.267578125 0.1328125 0.3056640625
0 0.5146484375 0.27734375 0.244140625 0.3037109375
1 0.353515625 0.7216796875 0.3173828125 0.533203125
1 0.67578125 0.7216796875 0.33203125 0.556640625
1 0.275390625 0.181640625 0.17578125 0.11328125
1 0.2841796875 0.37890625 0.1748046875 0.109375
1 0.3701171875 0.2841796875 0.12109375 0.26953125
1 0.6630859375 0.279296875 0.1181640625 0.3125
1 0.72265625 0.1787109375 0.1376953125 0.1298828125
1 0.7421875 0.361328125 0.1630859375 0.119140625