1 0.955078125 0.0576171875 0.08984375 0.115234375
1 0.8544921875 0.09765625 0.115234375 0.1953125
1 0.765625 0.1845703125 0.1171875 0.18359375
1 0.6796875 0.265625 0.10546875 0.193359375
1 0.5791015625 0.3603515625 0.125 0.1640625
1 0.4638671875 0.4736328125 0.1484375 0.16796875
1 0.3388671875 0.58203125 0.138671875 0.18359375
1 0.2216796875 0.693359375 0.12890625 0.1875
1 0.087890625 0.794921875 0.16015625 0.18359375
1 0.009765625 0.8857421875 0.01953125 0.228515625
1 0.9521484375 0.4052734375 0.095703125 0.181640625
1 0.8662109375 0.4541015625 0.109375 0.19921875
1 0.7744140625 0.5693359375 0.09375 0.21875
1 0.6865234375 0.6318359375 0.125 0.16796875
1 0.5986328125 0.7109375 0.1171875 0.15234375
1 0.5205078125 0.783203125 0.119140625 0.19921875
1 0.431640625 0.8798828125 0.11328125 0.171875
1 0.3515625 0.939453125 0.125 0.12109375
0 0.1240234375 0.3603515625 0.1015625 0.140625
0 0.263671875 0.2431640625 0.091796875 0.12890625
0 0.4013671875 0.1298828125 0.080078125 0.14453125
0 0.5361328125 0.0380859375 0.08203125 0.076171875
1 0.0498046875 0.4765625 0.09765625 0.203125
1 0.2021484375 0.291015625 0.08984375 0.16015625
1 0.3291015625 0.19140625 0.095703125 0.130859375
1 0.4814453125 0.072265625 0.103515625 0.14453125
1 0.1865234375 0.0283203125 0.07421875 0.056640625
1 0.0927734375 0.09375 0.103515625 0.1328125
1 0.01953125 0.1787109375 0.0390625 0.14453125
1 0.958984375 0.7958984375 0.08203125 0.17578125
1 0.876953125 0.892578125 0.09375 0.158203125
1 0.78125 0.953125 0.09765625 0.09375