3 0.4892578125 0.3505859375 0.978515625 0.474609375
2 0.1279296875 0.72265625 0.255859375 0.1953125
2 0.3095703125 0.7041015625 0.265625 0.236328125
2 0.5234375 0.712890625 0.21484375 0.1796875
2 0.6767578125 0.6923828125 0.1328125 0.13671875
2 0.03125 0.9638671875 0.0625 0.072265625
2 0.1015625 0.89453125 0.138671875 0.05859375
2 0.1923828125 0.869140625 0.13671875 0.048828125
2 0.3095703125 0.8779296875 0.125 0.06640625
2 0.4189453125 0.8798828125 0.134765625 0.05859375
2 0.541015625 0.869140625 0.125 0.0703125
2 0.666015625 0.83203125 0.146484375 0.0625
2 0.7666015625 0.7978515625 0.15234375 0.05859375
3 0.8466796875 0.6552734375 0.244140625 0.212890625