1 0.138671875 0.5478515625 0.27734375 0.3974609375
1 0.3720703125 0.548828125 0.236328125 0.3701171875
1 0.603515625 0.546875 0.26171875 0.37890625
1 0.6015625 0.81640625 0.26953125 0.3671875
1 0.0654296875 0.1162109375 0.125 0.11328125
1 0.0673828125 0.2216796875 0.1298828125 0.0908203125
1 0.1953125 0.1181640625 0.12890625 0.09765625
1 0.193359375 0.220703125 0.1201171875 0.099609375
1 0.35546875 0.1279296875 0.12109375 0.095703125
1 0.3525390625 0.2275390625 0.11328125 0.091796875
1 0.4775390625 0.1181640625 0.1328125 0.091796875
1 0.47265625 0.220703125 0.1181640625 0.095703125
1 0.63671875 0.1162109375 0.130859375 0.0927734375
1 0.6357421875 0.2158203125 0.1142578125 0.103515625
1 0.76171875 0.1201171875 0.1279296875 0.095703125
1 0.75 0.2197265625 0.11328125 0.103515625
1 0.912109375 0.1201171875 0.072265625 0.1005859375
1 0.9482421875 0.162109375 0.0654296875 0.1083984375
1 0.853515625 0.3701171875 0.0693359375 0.171875
1 0.92578125 0.373046875 0.080078125 0.1826171875
1 0.84375 0.5341796875 0.056640625 0.1640625
1 0.9208984375 0.546875 0.0703125 0.171875
1 0.8310546875 0.736328125 0.06640625 0.15234375
1 0.9033203125 0.7421875 0.0595703125 0.16015625
1 0.818359375 0.873046875 0.0556640625 0.1240234375
1 0.892578125 0.8720703125 0.0546875 0.138671875
0 0.8564453125 0.947265625 0.126953125 0.10546875
0 0.87890625 0.6357421875 0.1318359375 0.19140625
0 0.900390625 0.2666015625 0.1396484375 0.205078125
0 0.83984375 0.169921875 0.1416015625 0.220703125
0 0.5556640625 0.1708984375 0.1455078125 0.20703125
0 0.2763671875 0.166015625 0.142578125 0.2099609375