0 0.4833984375 0.5205078125 0.09375 0.1435546875
1 0.484375 0.2373046875 0.1650390625 0.26171875
1 0.63671875 0.3076171875 0.1611328125 0.2080078125
1 0.6669921875 0.53515625 0.1640625 0.22265625
1 0.6240234375 0.744140625 0.18359375 0.2490234375
1 0.4892578125 0.7802734375 0.1640625 0.26953125
1 0.3427734375 0.73046875 0.1787109375 0.2578125
1 0.2998046875 0.4921875 0.1611328125 0.2421875
1 0.33984375 0.28125 0.142578125 0.3056640625
1 0.8349609375 0.2412109375 0.3291015625 0.4541015625
1 0.822265625 0.72265625 0.35546875 0.50390625
1 0.1640625 0.263671875 0.328125 0.47265625
1 0.1640625 0.744140625 0.3271484375 0.5