2 0.2841796875 0.134765625 0.095703125 0.26953125
3 0.51953125 0.5302734375 0.248046875 0.5830078125
3 0.6748046875 0.5625 0.216796875 0.4638671875
2 0.09375 0.03515625 0.048828125 0.0703125
2 0.1171875 0.0517578125 0.0380859375 0.103515625
2 0.14453125 0.083984375 0.044921875 0.13671875
2 0.1640625 0.1123046875 0.041015625 0.140625
2 0.19140625 0.1455078125 0.04296875 0.138671875
2 0.2197265625 0.1865234375 0.046875 0.1455078125
2 0.2373046875 0.2197265625 0.046875 0.146484375
2 0.2685546875 0.2646484375 0.0439453125 0.14453125
2 0.2958984375 0.30859375 0.048828125 0.1455078125
2 0.322265625 0.345703125 0.0517578125 0.1533203125
2 0.353515625 0.4033203125 0.0595703125 0.1474609375
2 0.3828125 0.443359375 0.0556640625 0.1435546875
2 0.4150390625 0.4775390625 0.052734375 0.134765625
2 0.4453125 0.5244140625 0.0615234375 0.154296875
2 0.33984375 0.154296875 0.0361328125 0.0888671875
2 0.3544921875 0.18359375 0.03125 0.1064453125
2 0.380859375 0.2119140625 0.0341796875 0.1083984375
2 0.4013671875 0.2421875 0.0302734375 0.103515625
2 0.421875 0.27734375 0.0302734375 0.1142578125
2 0.4462890625 0.310546875 0.037109375 0.103515625
2 0.46875 0.3427734375 0.0458984375 0.1044921875
2 0.494140625 0.3759765625 0.0322265625 0.1015625
2 0.521484375 0.4140625 0.0390625 0.10546875
0 0.677734375 0.248046875 0.06640625 0.099609375
0 0.75 0.21484375 0.0693359375 0.087890625
0 0.8193359375 0.1796875 0.06640625 0.0947265625
0 0.892578125 0.1396484375 0.0771484375 0.0849609375
0 0.966796875 0.1005859375 0.0654296875 0.0927734375
0 0.677734375 0.3447265625 0.0712890625 0.09375
0 0.748046875 0.310546875 0.068359375 0.1015625
0 0.8193359375 0.2783203125 0.076171875 0.0927734375
0 0.8984375 0.2373046875 0.0771484375 0.109375
0 0.9697265625 0.2060546875 0.060546875 0.099609375
0 0.677734375 0.4423828125 0.0712890625 0.1044921875
0 0.546875 0.3134765625 0.0615234375 0.087890625
0 0.8271484375 0.3740234375 0.0693359375 0.10546875
0 0.908203125 0.3408203125 0.0751953125 0.1123046875
0 0.97265625 0.30859375 0.0537109375 0.1005859375
0 0.9755859375 0.41796875 0.048828125 0.109375
0 0.9072265625 0.44921875 0.080078125 0.1025390625
0 0.8330078125 0.484375 0.0693359375 0.1015625
0 0.8369140625 0.587890625 0.078125 0.1083984375
0 0.912109375 0.5556640625 0.080078125 0.1064453125
0 0.9794921875 0.52734375 0.041015625 0.1015625
0 0.98046875 0.6416015625 0.0380859375 0.1357421875
0 0.9208984375 0.669921875 0.068359375 0.115234375
0 0.83984375 0.701171875 0.08203125 0.12109375
0 0.763671875 0.7265625 0.0654296875 0.109375
0 0.76171875 0.6123046875 0.0673828125 0.1064453125
0 0.8466796875 0.8212890625 0.072265625 0.1357421875
1 0.0068359375 0.634765625 0.013671875 0.0703125
1 0.021484375 0.5810546875 0.03125 0.0595703125
1 0.044921875 0.5361328125 0.0283203125 0.068359375
1 0.064453125 0.4912109375 0.0283203125 0.064453125
1 0.0869140625 0.4833984375 0.0244140625 0.0615234375
1 0.109375 0.5029296875 0.0244140625 0.0673828125
1 0.1220703125 0.537109375 0.0244140625 0.0732421875
1 0.1357421875 0.5693359375 0.0263671875 0.0703125
1 0.1416015625 0.6103515625 0.0302734375 0.060546875
1 0.15625 0.650390625 0.0380859375 0.0537109375
1 0.154296875 0.701171875 0.0361328125 0.060546875
1 0.1826171875 0.705078125 0.0244140625 0.0634765625
1 0.2158203125 0.7578125 0.0673828125 0.0908203125
1 0.287109375 0.853515625 0.0966796875 0.09375
1 0.197265625 0.9091796875 0.07421875 0.0732421875
4 0.06640625 0.7314453125 0.1318359375 0.314453125
4 0.1337890625 0.4072265625 0.044921875 0.0693359375
4 0.1572265625 0.455078125 0.048828125 0.068359375
4 0.181640625 0.4970703125 0.0458984375 0.072265625
4 0.205078125 0.5361328125 0.04296875 0.0625
4 0.2314453125 0.59375 0.0498046875 0.0732421875
4 0.2578125 0.6416015625 0.04296875 0.0830078125
4 0.28515625 0.6875 0.041015625 0.0751953125
4 0.3125 0.740234375 0.0576171875 0.078125
4 0.349609375 0.802734375 0.0517578125 0.0703125
4 0.240234375 0.970703125 0.0556640625 0.0419921875
4 0.28515625 0.953125 0.048828125 0.064453125
4 0.3515625 0.9287109375 0.076171875 0.0595703125
4 0.4072265625 0.896484375 0.05078125 0.0634765625
4 0.4697265625 0.87890625 0.0615234375 0.0537109375
4 0.5244140625 0.8583984375 0.046875 0.05859375
4 0.58203125 0.8359375 0.0595703125 0.0625
4 0.634765625 0.806640625 0.05078125 0.0517578125
0 0.39453125 0.986328125 0.03125 0.02734375
0 0.4365234375 0.9755859375 0.041015625 0.048828125
0 0.478515625 0.962890625 0.0390625 0.056640625
0 0.5244140625 0.9453125 0.0361328125 0.0537109375
0 0.57421875 0.93359375 0.0390625 0.0546875
0 0.623046875 0.91796875 0.0390625 0.05078125
0 0.669921875 0.8974609375 0.0380859375 0.0546875