1 0.2119140625 0.017578125 0.119140625 0.03515625
1 0.2177734375 0.072265625 0.12890625 0.09765625
1 0.2109375 0.158203125 0.1171875 0.091796875
1 0.208984375 0.2373046875 0.125 0.08984375
1 0.20703125 0.3203125 0.109375 0.087890625
1 0.208984375 0.400390625 0.125 0.08984375
1 0.2109375 0.48046875 0.1171875 0.09765625
1 0.21484375 0.5634765625 0.13671875 0.09375
1 0.1982421875 0.650390625 0.146484375 0.09765625
1 0.203125 0.7373046875 0.11328125 0.09765625
1 0.20703125 0.8212890625 0.115234375 0.1015625
1 0.2060546875 0.91015625 0.1171875 0.08984375
1 0.1953125 0.9697265625 0.142578125 0.060546875
1 0.611328125 0.0087890625 0.09765625 0.017578125
1 0.6181640625 0.0546875 0.12109375 0.095703125
1 0.607421875 0.1396484375 0.09765625 0.09765625
1 0.6044921875 0.2275390625 0.08984375 0.09375
1 0.615234375 0.3115234375 0.103515625 0.08984375
1 0.615234375 0.3916015625 0.103515625 0.09765625
1 0.611328125 0.4794921875 0.0859375 0.099609375
1 0.6171875 0.564453125 0.10546875 0.095703125
1 0.6171875 0.654296875 0.1015625 0.1015625
1 0.6142578125 0.7392578125 0.111328125 0.08984375
1 0.6103515625 0.818359375 0.08203125 0.09765625
1 0.609375 0.904296875 0.09765625 0.09765625
1 0.6142578125 0.974609375 0.095703125 0.05078125
1 0.408203125 0.0537109375 0.234375 0.107421875
1 0.4248046875 0.2119140625 0.232421875 0.2421875
1 0.4150390625 0.3974609375 0.224609375 0.17578125
1 0.404296875 0.57421875 0.197265625 0.25
1 0.4189453125 0.814453125 0.2265625 0.240234375
1 0.40234375 0.9609375 0.234375 0.078125