4 0.6806640625 0.771484375 0.40625 0.142578125
4 0.611328125 0.21484375 0.509765625 0.166015625
2 0.419921875 0.8046875 0.26953125 0.21875
0 0.9541015625 0.0341796875 0.091796875 0.068359375
0 0.85546875 0.052734375 0.109375 0.041015625
0 0.8359375 0.017578125 0.1015625 0.03515625
0 0.72265625 0.0263671875 0.10546875 0.052734375
0 0.560546875 0.005859375 0.14453125 0.01171875
0 0.9580078125 0.978515625 0.083984375 0.04296875
0 0.966796875 0.92578125 0.06640625 0.046875
0 0.857421875 0.95703125 0.1171875 0.048828125
0 0.833984375 0.990234375 0.1015625 0.01953125
0 0.7197265625 0.9765625 0.12890625 0.046875
4 0.9716796875 0.4912109375 0.0546875 0.07421875
2 0.9736328125 0.419921875 0.052734375 0.0703125
2 0.970703125 0.5634765625 0.05859375 0.072265625