1 0.16796875 0.2783203125 0.3359375 0.470703125
1 0.1689453125 0.7294921875 0.3349609375 0.43359375
1 0.78515625 0.24609375 0.4296875 0.490234375
1 0.7861328125 0.7451171875 0.427734375 0.505859375
0 0.4462890625 0.0546875 0.1982421875 0.109375
1 0.3818359375 0.203125 0.0693359375 0.1953125
1 0.5029296875 0.205078125 0.0986328125 0.1953125
1 0.44921875 0.2822265625 0.203125 0.1689453125
0 0.4501953125 0.4921875 0.19140625 0.2734375
1 0.45703125 0.669921875 0.19921875 0.173828125
1 0.4013671875 0.783203125 0.083984375 0.2509765625
1 0.51171875 0.7900390625 0.1083984375 0.2333984375
0 0.4541015625 0.9296875 0.189453125 0.140625