3 0.5322265625 0.306640625 0.4921875 0.23046875
3 0.4326171875 0.9599609375 0.486328125 0.080078125
2 0.029296875 0.009765625 0.05859375 0.015625
2 0.080078125 0.0205078125 0.091796875 0.033203125
2 0.1376953125 0.041015625 0.07421875 0.02734375
2 0.197265625 0.056640625 0.0859375 0.03515625
2 0.25390625 0.072265625 0.08203125 0.03125
2 0.3115234375 0.0859375 0.08203125 0.03515625
2 0.3740234375 0.1083984375 0.095703125 0.037109375
2 0.4296875 0.1396484375 0.109375 0.046875
2 0.4873046875 0.1708984375 0.109375 0.0390625
2 0.546875 0.2001953125 0.115234375 0.037109375
2 0.7333984375 0.3115234375 0.06640625 0.03125
2 0.728515625 0.3408203125 0.078125 0.029296875
2 0.7255859375 0.3720703125 0.07421875 0.033203125
2 0.71484375 0.3984375 0.08984375 0.033203125
2 0.7080078125 0.42578125 0.0859375 0.03515625
2 0.6953125 0.4609375 0.0859375 0.037109375
2 0.6796875 0.4990234375 0.0859375 0.041015625
2 0.669921875 0.5361328125 0.09375 0.0390625
2 0.654296875 0.576171875 0.09765625 0.04296875
2 0.64453125 0.625 0.099609375 0.046875
2 0.6259765625 0.6728515625 0.109375 0.048828125
2 0.6103515625 0.7265625 0.12109375 0.06640625
2 0.591796875 0.78515625 0.119140625 0.06640625
2 0.5693359375 0.8505859375 0.125 0.0625
2 0.5546875 0.90234375 0.13671875 0.0390625
1 0.9609375 0.9736328125 0.078125 0.05078125
1 0.96484375 0.9150390625 0.0703125 0.064453125
1 0.966796875 0.84765625 0.06640625 0.0625
1 0.9697265625 0.7822265625 0.060546875 0.068359375
1 0.9716796875 0.7138671875 0.056640625 0.064453125
1 0.974609375 0.65234375 0.05078125 0.056640625
1 0.978515625 0.591796875 0.04296875 0.0625
1 0.98046875 0.5322265625 0.0390625 0.046875
1 0.984375 0.4765625 0.03125 0.064453125
1 0.9853515625 0.4140625 0.02734375 0.056640625
1 0.9951171875 0.3603515625 0.009765625 0.0390625
1 0.9931640625 0.3017578125 0.013671875 0.068359375
1 0.83203125 0.2412109375 0.04296875 0.029296875
1 0.8359375 0.208984375 0.04296875 0.03515625
1 0.841796875 0.1787109375 0.0390625 0.02734375
1 0.8466796875 0.150390625 0.04296875 0.02734375
1 0.8505859375 0.1220703125 0.0390625 0.02734375
1 0.8525390625 0.091796875 0.048828125 0.03125
1 0.8623046875 0.0615234375 0.056640625 0.03125
1 0.865234375 0.0322265625 0.046875 0.0234375
1 0.865234375 0.0087890625 0.05078125 0.017578125
1 0.736328125 0.1220703125 0.041015625 0.015625
1 0.7353515625 0.1044921875 0.0390625 0.017578125
1 0.7373046875 0.0859375 0.03515625 0.01953125
1 0.744140625 0.0654296875 0.0390625 0.01953125
1 0.7470703125 0.044921875 0.0390625 0.01953125
1 0.75 0.025390625 0.0390625 0.01953125
1 0.7490234375 0.0078125 0.0390625 0.015625
1 0.6904296875 0.109375 0.0390625 0.0234375
1 0.6650390625 0.10546875 0.04296875 0.025390625
1 0.6435546875 0.1015625 0.041015625 0.03125
1 0.619140625 0.095703125 0.03125 0.0234375
1 0.6005859375 0.0849609375 0.03125 0.021484375
1 0.5791015625 0.078125 0.02734375 0.01953125
1 0.55859375 0.0712890625 0.03125 0.01953125
1 0.5380859375 0.0654296875 0.0234375 0.015625
1 0.5205078125 0.056640625 0.0234375 0.015625
1 0.6435546875 0.0166015625 0.080078125 0.033203125
1 0.5654296875 0.005859375 0.05859375 0.01171875
1 0.703125 0.0517578125 0.03515625 0.01953125
1 0.705078125 0.0185546875 0.0390625 0.03515625
1 0.6767578125 0.0693359375 0.0390625 0.02734375
1 0.6396484375 0.060546875 0.04296875 0.02734375
1 0.5947265625 0.0458984375 0.05859375 0.02734375
1 0.5458984375 0.033203125 0.05078125 0.02734375
1 0.4921875 0.017578125 0.04296875 0.02734375
1 0.44921875 0.0107421875 0.04296875 0.021484375
1 0.4150390625 0.0029296875 0.0546875 0.005859375
2 0.6396484375 0.158203125 0.08984375 0.044921875
2 0.5712890625 0.12890625 0.0703125 0.04296875
2 0.515625 0.099609375 0.078125 0.04296875
2 0.4638671875 0.072265625 0.07421875 0.0390625
2 0.404296875 0.041015625 0.07421875 0.041015625
2 0.3408203125 0.017578125 0.068359375 0.03515625
2 0.2802734375 0.009765625 0.0703125 0.01953125
2 0.2236328125 0.0048828125 0.046875 0.009765625