1 0.8828125 0.9580078125 0.12890625 0.08203125
1 0.7822265625 0.935546875 0.0625 0.0859375
1 0.724609375 0.8349609375 0.072265625 0.1171875
1 0.861328125 0.875 0.07421875 0.078125
1 0.6494140625 0.80859375 0.072265625 0.08984375
1 0.54296875 0.734375 0.09765625 0.095703125
1 0.431640625 0.7373046875 0.095703125 0.09375
1 0.3662109375 0.642578125 0.0703125 0.1171875
1 0.529296875 0.6474609375 0.068359375 0.09375
1 0.4482421875 0.6435546875 0.08203125 0.09375
1 0.6083984375 0.6640625 0.076171875 0.09765625
1 0.689453125 0.71875 0.09375 0.09375
1 0.2958984375 0.70703125 0.087890625 0.119140625
1 0.3232421875 0.7861328125 0.046875 0.1015625
1 0.2470703125 0.80078125 0.06640625 0.15234375
1 0.072265625 0.9208984375 0.14453125 0.158203125
4 0.0595703125 0.7421875 0.1171875 0.216796875
4 0.01171875 0.6015625 0.0234375 0.15234375
4 0.0654296875 0.4951171875 0.130859375 0.20703125
4 0.142578125 0.609375 0.158203125 0.208984375
4 0.025390625 0.38671875 0.05078125 0.15234375
4 0.080078125 0.271484375 0.1484375 0.1796875
4 0.1728515625 0.205078125 0.150390625 0.125
4 0.27734375 0.1162109375 0.14453125 0.09765625
4 0.2578125 0.283203125 0.17578125 0.21484375
4 0.3359375 0.4091796875 0.146484375 0.2109375
4 0.2353515625 0.517578125 0.181640625 0.21875
4 0.3525390625 0.1796875 0.173828125 0.171875
4 0.4375 0.12890625 0.146484375 0.09765625
4 0.552734375 0.1435546875 0.140625 0.1015625
4 0.4287109375 0.2939453125 0.1171875 0.154296875
4 0.5517578125 0.30859375 0.125 0.16015625
4 0.6357421875 0.2138671875 0.1484375 0.16796875
4 0.7177734375 0.1630859375 0.150390625 0.1171875
4 0.8115234375 0.236328125 0.15625 0.17578125
4 0.7255859375 0.3203125 0.14453125 0.193359375
4 0.630859375 0.43359375 0.14453125 0.1796875
4 0.9638671875 0.302734375 0.072265625 0.125
4 0.91015625 0.3486328125 0.12890625 0.181640625
4 0.8271484375 0.447265625 0.13671875 0.18359375
4 0.7392578125 0.5517578125 0.15625 0.212890625
4 0.966796875 0.4697265625 0.06640625 0.224609375
4 0.91796875 0.5556640625 0.1640625 0.201171875
4 0.8427734375 0.6650390625 0.16015625 0.193359375
4 0.9765625 0.697265625 0.046875 0.23046875
4 0.939453125 0.8046875 0.12109375 0.224609375
4 0.986328125 0.9140625 0.02734375 0.171875