0 0.216796875 0.3046875 0.390625 0.359375
0 0.515625 0.568359375 0.45703125 0.28125
0 0.8046875 0.8310546875 0.390625 0.28125
0 0.5068359375 0.2197265625 0.23046875 0.138671875
0 0.6630859375 0.359375 0.20703125 0.1328125
0 0.80859375 0.505859375 0.1953125 0.125
0 0.94140625 0.6640625 0.1171875 0.146484375
0 0.615234375 0.044921875 0.16796875 0.08984375
0 0.763671875 0.1298828125 0.15625 0.06640625
0 0.8720703125 0.1943359375 0.12890625 0.05859375
0 0.9697265625 0.259765625 0.060546875 0.05859375
0 0.94921875 0.4287109375 0.1015625 0.16015625