0 0.041015625 0.7109375 0.08203125 0.2421875
0 0.1513671875 0.712890625 0.1396484375 0.2353515625
0 0.2783203125 0.7236328125 0.146484375 0.2421875
0 0.3984375 0.7265625 0.125 0.2080078125
0 0.5078125 0.720703125 0.107421875 0.2109375
0 0.615234375 0.7216796875 0.1103515625 0.22265625
0 0.712890625 0.7294921875 0.109375 0.193359375
0 0.80859375 0.7255859375 0.09375 0.19921875
0 0.8818359375 0.7255859375 0.0849609375 0.1943359375
0 0.962890625 0.734375 0.07421875 0.181640625
1 0.189453125 0.2734375 0.3515625 0.419921875
1 0.498046875 0.3115234375 0.2744140625 0.3671875
1 0.7490234375 0.3564453125 0.234375 0.341796875
1 0.9423828125 0.390625 0.115234375 0.3046875