2 0.689453125 0.072265625 0.0791015625 0.0712890625
2 0.74609375 0.1240234375 0.080078125 0.060546875
2 0.7919921875 0.19140625 0.076171875 0.060546875
2 0.8486328125 0.2470703125 0.1025390625 0.0751953125
2 0.900390625 0.3125 0.0908203125 0.0634765625
2 0.9599609375 0.3828125 0.0791015625 0.0712890625
2 0.4462890625 0.09375 0.0693359375 0.0625
2 0.361328125 0.1640625 0.0712890625 0.0625
2 0.2880859375 0.23046875 0.0732421875 0.0576171875
2 0.2041015625 0.3046875 0.0732421875 0.0673828125
2 0.1162109375 0.3857421875 0.076171875 0.0703125
2 0.029296875 0.4580078125 0.0576171875 0.064453125
1 0.4453125 0.1953125 0.091796875 0.0703125
1 0.3671875 0.2578125 0.109375 0.0625
1 0.291015625 0.3369140625 0.1142578125 0.0703125
1 0.201171875 0.4111328125 0.107421875 0.0751953125
1 0.1064453125 0.4921875 0.1181640625 0.08984375
1 0.04296875 0.5712890625 0.0859375 0.0927734375
1 0.6435546875 0.171875 0.080078125 0.06640625
1 0.6806640625 0.2314453125 0.0908203125 0.064453125
1 0.7373046875 0.291015625 0.080078125 0.0703125
1 0.7841796875 0.353515625 0.0947265625 0.05859375
1 0.8349609375 0.4091796875 0.087890625 0.068359375
1 0.8681640625 0.46484375 0.099609375 0.0615234375
1 0.919921875 0.5126953125 0.0751953125 0.0615234375
1 0.9658203125 0.5771484375 0.0673828125 0.0751953125
3 0.765625 0.81640625 0.158203125 0.12109375
3 0.111328125 0.8701171875 0.181640625 0.115234375
1 0.44140625 0.4697265625 0.205078125 0.16796875
1 0.658203125 0.4541015625 0.1396484375 0.12109375
1 0.578125 0.35546875 0.13671875 0.08203125
1 0.734375 0.5830078125 0.1865234375 0.1396484375
1 0.2861328125 0.62109375 0.2412109375 0.1494140625
1 0.142578125 0.7529296875 0.283203125 0.1142578125
1 0.8017578125 0.7060546875 0.298828125 0.10546875
1 0.8681640625 0.9423828125 0.1484375 0.0830078125
1 0.6806640625 0.9501953125 0.146484375 0.0908203125
1 0.5048828125 0.95703125 0.134765625 0.0810546875
1 0.330078125 0.9609375 0.1416015625 0.078125
1 0.169921875 0.9677734375 0.125 0.064453125