4 0.43359375 0.482421875 0.5078125 0.37890625
1 0.6103515625 0.9814453125 0.072265625 0.037109375
1 0.6162109375 0.9501953125 0.07421875 0.037109375
1 0.6259765625 0.9150390625 0.0703125 0.03515625
1 0.6357421875 0.8759765625 0.078125 0.05078125
1 0.650390625 0.8369140625 0.080078125 0.04296875
1 0.66015625 0.80078125 0.078125 0.0390625
1 0.6689453125 0.7578125 0.08203125 0.052734375
1 0.6826171875 0.724609375 0.078125 0.0390625
1 0.697265625 0.685546875 0.078125 0.0390625
1 0.7353515625 0.642578125 0.025390625 0.0390625
1 0.72265625 0.591796875 0.08203125 0.05078125
1 0.734375 0.544921875 0.078125 0.0546875
1 0.76171875 0.4541015625 0.083984375 0.05078125
1 0.775390625 0.404296875 0.08984375 0.05078125
1 0.796875 0.3505859375 0.095703125 0.0546875
1 0.810546875 0.296875 0.103515625 0.05859375
1 0.826171875 0.2392578125 0.1015625 0.05859375
1 0.84375 0.1796875 0.109375 0.0546875
1 0.85546875 0.1220703125 0.09765625 0.0625
1 0.876953125 0.0576171875 0.109375 0.05859375
1 0.8994140625 0.0107421875 0.115234375 0.021484375