1 0.3203125 0.8525390625 0.0634765625 0.115234375
1 0.2626953125 0.927734375 0.0517578125 0.1162109375
1 0.3759765625 0.775390625 0.0595703125 0.1044921875
1 0.4384765625 0.802734375 0.048828125 0.109375
1 0.4853515625 0.7841796875 0.0380859375 0.125
1 0.5517578125 0.7724609375 0.0869140625 0.138671875
1 0.6181640625 0.763671875 0.0546875 0.1044921875
1 0.669921875 0.734375 0.041015625 0.1123046875
1 0.72265625 0.7666015625 0.0546875 0.1455078125
1 0.7666015625 0.7978515625 0.0283203125 0.1337890625
1 0.8125 0.84375 0.068359375 0.140625
1 0.859375 0.869140625 0.021484375 0.11328125
1 0.890625 0.89453125 0.056640625 0.125
1 0.9248046875 0.92578125 0.0322265625 0.1044921875
1 0.9716796875 0.94140625 0.0556640625 0.1162109375
1 0.462890625 0.5654296875 0.05078125 0.0791015625
1 0.5810546875 0.533203125 0.0537109375 0.0888671875
1 0.8359375 0.3466796875 0.060546875 0.0830078125
1 0.876953125 0.20703125 0.107421875 0.193359375
1 0.6123046875 0.2724609375 0.0625 0.0869140625
1 0.529296875 0.287109375 0.0478515625 0.095703125
1 0.6923828125 0.263671875 0.0341796875 0.1015625
1 0.7587890625 0.2978515625 0.0732421875 0.1181640625
1 0.9619140625 0.546875 0.0751953125 0.201171875
1 0.7763671875 0.626953125 0.1044921875 0.2138671875
1 0.912109375 0.7333984375 0.17578125 0.236328125
1 0.275390625 0.744140625 0.0771484375 0.1357421875
1 0.0791015625 0.953125 0.115234375 0.0927734375