0 0.541015625 0.5107421875 0.09765625 0.150390625
1 0.5400390625 0.212890625 0.171875 0.275390625
1 0.3798828125 0.287109375 0.16796875 0.21875
1 0.3486328125 0.5263671875 0.171875 0.234375
1 0.392578125 0.74609375 0.19140625 0.26171875
1 0.5341796875 0.7841796875 0.171875 0.283203125
1 0.6884765625 0.7314453125 0.1875 0.271484375
1 0.7333984375 0.48046875 0.16796875 0.25390625
1 0.69140625 0.2587890625 0.1484375 0.3203125
1 0.171875 0.228515625 0.34375 0.45703125
1 0.185546875 0.72265625 0.37109375 0.52734375
1 0.8525390625 0.244140625 0.294921875 0.48828125
1 0.8525390625 0.7412109375 0.294921875 0.517578125