4 0.4658203125 0.595703125 0.5400390625 0.6826171875
0 0.0888671875 0.171875 0.1064453125 0.080078125
0 0.37890625 0.1689453125 0.1025390625 0.076171875
0 0.6875 0.1669921875 0.095703125 0.07421875
0 0.9814453125 0.169921875 0.037109375 0.0771484375
1 0.228515625 0.1708984375 0.1943359375 0.0771484375
1 0.5361328125 0.16796875 0.205078125 0.078125
1 0.8486328125 0.1669921875 0.2294921875 0.072265625
1 0.1669921875 0.7763671875 0.3330078125 0.2060546875
1 0.84375 0.8017578125 0.3125 0.220703125
1 0.84765625 0.51171875 0.3046875 0.3603515625
1 0.1484375 0.5068359375 0.2958984375 0.33203125
1 0.111328125 0.2890625 0.1552734375 0.078125
1 0.8564453125 0.2939453125 0.1435546875 0.0712890625