3 0.724609375 0.4296875 0.55078125 0.37890625
0 0.958984375 0.7158203125 0.08203125 0.078125
0 0.9453125 0.6484375 0.099609375 0.076171875
0 0.853515625 0.654296875 0.103515625 0.05859375
0 0.818359375 0.5908203125 0.10546875 0.072265625
0 0.7314453125 0.599609375 0.11328125 0.05859375
0 0.6943359375 0.5390625 0.10546875 0.06640625
0 0.6083984375 0.5419921875 0.08203125 0.046875
1 0.4169921875 0.8984375 0.08203125 0.037109375
1 0.4228515625 0.99609375 0.072265625 0.0078125
1 0.4228515625 0.982421875 0.076171875 0.033203125
1 0.419921875 0.9580078125 0.07421875 0.037109375
1 0.421875 0.9306640625 0.083984375 0.0390625
1 0.4130859375 0.876953125 0.072265625 0.0390625
1 0.4130859375 0.8486328125 0.078125 0.03515625
1 0.412109375 0.818359375 0.078125 0.03515625
1 0.4033203125 0.783203125 0.078125 0.0390625
1 0.4052734375 0.75390625 0.08203125 0.02734375
1 0.392578125 0.6435546875 0.08203125 0.037109375
1 0.38671875 0.607421875 0.091796875 0.03515625
1 0.390625 0.568359375 0.091796875 0.04296875
1 0.38671875 0.5244140625 0.09375 0.05078125
1 0.3828125 0.4794921875 0.095703125 0.05078125
1 0.3759765625 0.4306640625 0.0859375 0.05078125
1 0.37109375 0.3818359375 0.08984375 0.046875
1 0.369140625 0.330078125 0.09375 0.0625
1 0.3642578125 0.275390625 0.1015625 0.060546875
1 0.3603515625 0.216796875 0.1171875 0.064453125
1 0.35546875 0.15625 0.109375 0.06640625
1 0.3486328125 0.0927734375 0.109375 0.072265625
1 0.3427734375 0.02734375 0.103515625 0.0546875
1 0.0615234375 0.05859375 0.123046875 0.07421875
1 0.078125 0.1376953125 0.130859375 0.083984375
1 0.091796875 0.2158203125 0.12890625 0.076171875
1 0.1103515625 0.291015625 0.12109375 0.06640625
1 0.123046875 0.35546875 0.11328125 0.0703125
1 0.1376953125 0.4248046875 0.109375 0.07421875
1 0.1494140625 0.4892578125 0.123046875 0.05859375
1 0.1611328125 0.5380859375 0.099609375 0.05859375
1 0.1669921875 0.5966796875 0.103515625 0.0625
1 0.181640625 0.64453125 0.10546875 0.0546875