4 0.4638671875 0.49609375 0.171875 0.1796875
1 0.48828125 0.1591796875 0.197265625 0.287109375
1 0.494140625 0.8359375 0.21484375 0.30078125
1 0.544921875 0.3232421875 0.06640625 0.08984375
1 0.533203125 0.0185546875 0.076171875 0.037109375
1 0.587890625 0.3818359375 0.07421875 0.08203125
1 0.6220703125 0.4912109375 0.08984375 0.125
1 0.59375 0.6015625 0.08984375 0.08203125
1 0.5419921875 0.6591796875 0.072265625 0.07421875
1 0.544921875 0.9765625 0.0703125 0.046875
0 0.296875 0.29296875 0.130859375 0.203125
0 0.287109375 0.72265625 0.13671875 0.19921875
1 0.330078125 0.880859375 0.068359375 0.140625
1 0.259765625 0.8857421875 0.08203125 0.150390625
1 0.3271484375 0.1435546875 0.0625 0.12890625
1 0.2666015625 0.1396484375 0.06640625 0.115234375
1 0.33203125 0.046875 0.0703125 0.09375
1 0.2626953125 0.0458984375 0.07421875 0.08984375
1 0.328125 0.970703125 0.0625 0.05859375
1 0.2626953125 0.96875 0.068359375 0.0625
1 0.326171875 0.4521484375 0.0625 0.11328125
1 0.265625 0.447265625 0.06640625 0.109375
1 0.3291015625 0.564453125 0.07421875 0.125
1 0.2587890625 0.5654296875 0.07421875 0.1171875
1 0.12109375 0.171875 0.115234375 0.22265625
1 0.115234375 0.3671875 0.11328125 0.22265625
1 0.1240234375 0.5966796875 0.09765625 0.208984375
1 0.1171875 0.818359375 0.107421875 0.177734375