0 0.5400390625 0.2431640625 0.2099609375 0.1806640625
0 0.5234375 0.439453125 0.197265625 0.1904296875
0 0.533203125 0.6787109375 0.19140625 0.1826171875
0 0.5322265625 0.9072265625 0.2158203125 0.185546875
0 0.4189453125 0.810546875 0.1318359375 0.1611328125
0 0.412109375 0.58984375 0.140625 0.1728515625
0 0.6484375 0.580078125 0.125 0.185546875
0 0.4169921875 0.3662109375 0.11328125 0.1591796875
0 0.65625 0.3623046875 0.1201171875 0.16796875
1 0.78125 0.0634765625 0.0771484375 0.1015625
1 0.775390625 0.19140625 0.0732421875 0.169921875
1 0.78125 0.359375 0.0771484375 0.171875
1 0.7861328125 0.5341796875 0.0634765625 0.1884765625
1 0.7919921875 0.728515625 0.072265625 0.1943359375
1 0.8037109375 0.908203125 0.0751953125 0.18359375
1 0.0927734375 0.3046875 0.048828125 0.1640625
1 0.080078125 0.451171875 0.0595703125 0.140625
1 0.072265625 0.603515625 0.0791015625 0.1611328125
1 0.05859375 0.7685546875 0.0595703125 0.1435546875
1 0.0419921875 0.92578125 0.072265625 0.1484375