4 0.4326171875 0.552734375 0.46484375 0.23046875
2 0.0498046875 0.5126953125 0.087890625 0.029296875
2 0.0595703125 0.544921875 0.09765625 0.033203125
2 0.1162109375 0.57421875 0.09375 0.033203125
2 0.1845703125 0.60546875 0.087890625 0.03515625
2 0.25390625 0.6298828125 0.09375 0.033203125
2 0.33203125 0.6533203125 0.09765625 0.029296875
2 0.4052734375 0.673828125 0.087890625 0.029296875
2 0.48828125 0.689453125 0.09375 0.03125
2 0.08984375 0.48828125 0.080078125 0.033203125
2 0.1513671875 0.455078125 0.076171875 0.037109375
2 0.2041015625 0.4375 0.076171875 0.0390625
2 0.2685546875 0.4189453125 0.07421875 0.0390625
2 0.3310546875 0.40234375 0.09375 0.0390625
2 0.419921875 0.3896484375 0.08984375 0.03515625
1 0.490234375 0.376953125 0.22265625 0.078125
1 0.5869140625 0.7109375 0.17578125 0.06640625
1 0.54296875 0.29296875 0.24609375 0.09375
1 0.708984375 0.2529296875 0.234375 0.26171875
1 0.84765625 0.8310546875 0.1328125 0.2265625
1 0.6552734375 0.7724609375 0.234375 0.107421875
2 0.091796875 0.0712890625 0.142578125 0.06640625
2 0.158203125 0.029296875 0.16015625 0.05859375
2 0.0478515625 0.11328125 0.095703125 0.05859375
2 0.05078125 0.9794921875 0.1015625 0.041015625
1 0.02734375 0.2626953125 0.0546875 0.068359375
1 0.0703125 0.2158203125 0.10546875 0.060546875
1 0.140625 0.173828125 0.09765625 0.06640625
1 0.2138671875 0.1298828125 0.0859375 0.0625
1 0.279296875 0.087890625 0.09375 0.064453125
1 0.3525390625 0.0439453125 0.107421875 0.0625
0 0.095703125 0.388671875 0.0546875 0.029296875
0 0.169921875 0.3486328125 0.05078125 0.04296875
0 0.2470703125 0.302734375 0.046875 0.03125
0 0.328125 0.2578125 0.0546875 0.037109375
0 0.4072265625 0.2119140625 0.05078125 0.0390625
0 0.4921875 0.1650390625 0.0625 0.033203125
0 0.5693359375 0.115234375 0.060546875 0.0390625
0 0.662109375 0.064453125 0.056640625 0.03515625
0 0.7421875 0.015625 0.05078125 0.03125
0 0.794921875 0.02734375 0.044921875 0.02734375
0 0.80859375 0.1044921875 0.037109375 0.02734375
0 0.8212890625 0.1865234375 0.041015625 0.029296875
0 0.85546875 0.26171875 0.0546875 0.029296875
0 0.8642578125 0.3349609375 0.0546875 0.03125
0 0.8798828125 0.4052734375 0.05078125 0.03515625
0 0.89453125 0.4765625 0.0546875 0.03125
0 0.9091796875 0.548828125 0.0546875 0.03515625
0 0.9248046875 0.6162109375 0.05078125 0.029296875
0 0.9365234375 0.6845703125 0.056640625 0.02734375
0 0.951171875 0.7490234375 0.0546875 0.033203125
0 0.9658203125 0.81640625 0.05859375 0.03125
0 0.974609375 0.8798828125 0.05078125 0.025390625
0 0.9814453125 0.947265625 0.037109375 0.02734375
0 0.8720703125 0.9912109375 0.048828125 0.017578125
0 0.7802734375 0.9580078125 0.05078125 0.025390625
0 0.6806640625 0.9091796875 0.05859375 0.03125
0 0.5888671875 0.8662109375 0.05078125 0.025390625
0 0.1025390625 0.6455078125 0.052734375 0.02734375
0 0.2001953125 0.689453125 0.04296875 0.03125
0 0.296875 0.732421875 0.05859375 0.03515625
0 0.3916015625 0.7763671875 0.0546875 0.02734375
0 0.482421875 0.8193359375 0.0546875 0.029296875
1 0.04296875 0.912109375 0.0859375 0.0625
1 0.1279296875 0.951171875 0.0859375 0.05859375
1 0.205078125 0.978515625 0.09375 0.04296875
1 0.2880859375 0.9931640625 0.083984375 0.013671875
0 0.0166015625 0.5986328125 0.033203125 0.029296875
1 0.0576171875 0.62109375 0.0625 0.041015625
1 0.154296875 0.66796875 0.0625 0.046875
1 0.2431640625 0.70703125 0.060546875 0.04296875
1 0.34765625 0.755859375 0.05078125 0.04296875
1 0.4384765625 0.7939453125 0.056640625 0.0390625
1 0.5390625 0.841796875 0.068359375 0.0390625
1 0.6318359375 0.8857421875 0.064453125 0.03515625
1 0.732421875 0.93359375 0.072265625 0.03125
1 0.8212890625 0.9755859375 0.0625 0.037109375
1 0.98828125 0.9814453125 0.0234375 0.03515625
1 0.9755859375 0.912109375 0.048828125 0.04296875
1 0.97265625 0.8505859375 0.0546875 0.0390625
1 0.9609375 0.783203125 0.05859375 0.037109375
1 0.9453125 0.7158203125 0.05078125 0.03515625
1 0.93359375 0.6494140625 0.056640625 0.0390625
1 0.8896484375 0.443359375 0.0625 0.037109375
1 0.9013671875 0.5107421875 0.0625 0.0390625
1 0.9150390625 0.5830078125 0.06640625 0.03515625
1 0.873046875 0.369140625 0.0546875 0.041015625
1 0.8603515625 0.298828125 0.064453125 0.04296875
1 0.8017578125 0.06640625 0.048828125 0.05078125
1 0.701171875 0.0380859375 0.08203125 0.0390625
1 0.6123046875 0.091796875 0.0703125 0.0390625
1 0.529296875 0.1416015625 0.08203125 0.0390625
1 0.4453125 0.1875 0.07421875 0.04296875
1 0.3642578125 0.2353515625 0.0625 0.03515625
1 0.2861328125 0.2802734375 0.07421875 0.03515625
1 0.2119140625 0.322265625 0.06640625 0.041015625
1 0.12890625 0.3681640625 0.0703125 0.04296875
1 0.056640625 0.4140625 0.0703125 0.04296875
0 0.974609375 0.044921875 0.05078125 0.05078125
0 0.9775390625 0.0947265625 0.04296875 0.04296875
0 0.982421875 0.1513671875 0.03515625 0.037109375
1 0.8837890625 0.025390625 0.0703125 0.05078125
1 0.88671875 0.05859375 0.0625 0.025390625
1 0.8916015625 0.0927734375 0.0703125 0.04296875
1 0.8984375 0.12890625 0.06640625 0.05078125
1 0.9013671875 0.1591796875 0.07421875 0.0234375
1 0.9052734375 0.1943359375 0.072265625 0.046875
1 0.9111328125 0.2275390625 0.05859375 0.021484375
1 0.966796875 0.2421875 0.06640625 0.03125
1 0.970703125 0.271484375 0.05859375 0.04296875
1 0.974609375 0.302734375 0.05078125 0.03515625
1 0.9794921875 0.3349609375 0.0390625 0.04296875
1 0.9814453125 0.3642578125 0.037109375 0.029296875
1 0.9833984375 0.3955078125 0.03125 0.0390625
1 0.9853515625 0.4248046875 0.029296875 0.029296875
1 0.9873046875 0.4560546875 0.0234375 0.046875
1 0.990234375 0.4853515625 0.01953125 0.02734375
1 0.9931640625 0.5166015625 0.013671875 0.04296875