2 0.4921875 0.5009765625 0.34375 0.697265625
2 0.3056640625 0.9560546875 0.224609375 0.087890625
2 0.1884765625 0.89453125 0.216796875 0.169921875
2 0.0908203125 0.9453125 0.181640625 0.109375
2 0.033203125 0.8779296875 0.06640625 0.1171875
2 0.08984375 0.79296875 0.1796875 0.171875
2 0.0361328125 0.6943359375 0.0703125 0.125
2 0.0419921875 0.31640625 0.083984375 0.11328125
2 0.087890625 0.2294921875 0.17578125 0.17578125
2 0.0400390625 0.13671875 0.080078125 0.15234375
2 0.1806640625 0.1259765625 0.20703125 0.1640625
2 0.09765625 0.0634765625 0.1953125 0.125
2 0.3251953125 0.0625 0.24609375 0.125
1 0.10546875 0.5107421875 0.2109375 0.169921875
1 0.138671875 0.3408203125 0.27734375 0.177734375
1 0.134765625 0.6630859375 0.26953125 0.169921875
1 0.310546875 0.8203125 0.27734375 0.16015625
1 0.478515625 0.9208984375 0.314453125 0.158203125
1 0.333984375 0.185546875 0.287109375 0.15625
1 0.5126953125 0.0830078125 0.271484375 0.1640625