3 0.9501953125 0.4140625 0.06640625 0.05859375
4 0.732421875 0.4892578125 0.0546875 0.1015625
4 0.5556640625 0.48046875 0.09765625 0.1171875
4 0.1064453125 0.4892578125 0.107421875 0.12109375
3 0.0751953125 0.357421875 0.0546875 0.076171875
3 0.1171875 0.3154296875 0.07421875 0.10546875
3 0.177734375 0.1787109375 0.0546875 0.078125
3 0.4580078125 0.1767578125 0.044921875 0.0625
3 0.529296875 0.2880859375 0.0546875 0.048828125
3 0.537109375 0.318359375 0.06640625 0.083984375
3 0.591796875 0.34765625 0.0703125 0.072265625
2 0.5517578125 0.0703125 0.099609375 0.1015625
2 0.4736328125 0.0390625 0.142578125 0.078125
2 0.140625 0.0390625 0.12109375 0.078125
2 0.068359375 0.0712890625 0.111328125 0.107421875