1 0.693359375 0.947265625 0.3828125 0.10546875
1 0.6865234375 0.75390625 0.41796875 0.306640625
1 0.677734375 0.4208984375 0.3984375 0.375
1 0.658203125 0.1162109375 0.453125 0.232421875
0 0.275390625 0.9609375 0.22265625 0.078125
0 0.2578125 0.8837890625 0.22265625 0.12109375
0 0.25 0.7490234375 0.22265625 0.11328125
0 0.2451171875 0.6396484375 0.265625 0.12109375
0 0.2197265625 0.5126953125 0.265625 0.13671875
0 0.2109375 0.3759765625 0.2734375 0.142578125
0 0.185546875 0.2294921875 0.24609375 0.162109375
0 0.154296875 0.0751953125 0.26953125 0.150390625