4 0.5087890625 0.5537109375 0.3671875 0.4921875
1 0.021484375 0.3818359375 0.04296875 0.068359375
1 0.0546875 0.376953125 0.03515625 0.072265625
1 0.0888671875 0.3671875 0.0341796875 0.0673828125
1 0.126953125 0.357421875 0.0478515625 0.0751953125
1 0.1650390625 0.34375 0.0419921875 0.078125
1 0.2001953125 0.3330078125 0.0380859375 0.076171875
1 0.2421875 0.3251953125 0.05078125 0.0791015625
1 0.2734375 0.3115234375 0.0380859375 0.076171875
1 0.3115234375 0.2978515625 0.0380859375 0.076171875
1 0.353515625 0.2607421875 0.0380859375 0.0244140625
1 0.40234375 0.2734375 0.048828125 0.0791015625
1 0.4482421875 0.26171875 0.052734375 0.0771484375
1 0.5361328125 0.2353515625 0.0498046875 0.08203125
1 0.583984375 0.22265625 0.048828125 0.0869140625
1 0.6357421875 0.201171875 0.0546875 0.0927734375
1 0.6884765625 0.1884765625 0.05859375 0.1005859375
1 0.744140625 0.1728515625 0.056640625 0.099609375
1 0.8017578125 0.1552734375 0.0517578125 0.1064453125
1 0.8583984375 0.14453125 0.0615234375 0.095703125
1 0.919921875 0.123046875 0.0576171875 0.10546875
1 0.978515625 0.1025390625 0.04296875 0.1103515625