1 0.111328125 0.6240234375 0.22265625 0.234375
1 0.1142578125 0.171875 0.2265625 0.20703125
1 0.517578125 0.2431640625 0.42578125 0.265625
1 0.7490234375 0.0341796875 0.181640625 0.06640625
1 0.634765625 0.0830078125 0.146484375 0.10546875
1 0.6357421875 0.4013671875 0.126953125 0.109375
1 0.7529296875 0.4658203125 0.1640625 0.08984375
1 0.79296875 0.5751953125 0.1640625 0.14453125
1 0.7529296875 0.6865234375 0.2109375 0.07421875
1 0.642578125 0.748046875 0.158203125 0.07421875
1 0.5107421875 0.8623046875 0.3515625 0.1484375
1 0.1728515625 0.912109375 0.134765625 0.17578125
1 0.080078125 0.9853515625 0.1328125 0.029296875
1 0.041015625 0.9228515625 0.08203125 0.154296875
1 0.1630859375 0.7802734375 0.11328125 0.123046875
1 0.0380859375 0.7841796875 0.076171875 0.111328125
1 0.1572265625 0.4658203125 0.14453125 0.1328125
1 0.052734375 0.4736328125 0.10546875 0.13671875
1 0.1455078125 0.3447265625 0.140625 0.123046875
1 0.0400390625 0.33203125 0.080078125 0.13671875
1 0.1552734375 0.060546875 0.134765625 0.12109375
1 0.03515625 0.0498046875 0.0703125 0.099609375