1 0.982421875 0.509765625 0.03515625 0.1796875
1 0.876953125 0.521484375 0.18359375 0.203125
1 0.7021484375 0.517578125 0.16796875 0.1953125
1 0.53515625 0.521484375 0.177734375 0.19140625
1 0.36328125 0.52734375 0.177734375 0.203125
1 0.1884765625 0.5263671875 0.1796875 0.2109375
1 0.05078125 0.5263671875 0.1015625 0.220703125
0 0.7861328125 0.283203125 0.19921875 0.23828125
0 0.2841796875 0.302734375 0.2109375 0.212890625
1 0.091796875 0.2919921875 0.18359375 0.208984375
1 0.5400390625 0.29296875 0.29296875 0.21875
1 0.9423828125 0.27734375 0.115234375 0.22265625