0 0.5380859375 0.478515625 0.6474609375 0.896484375
0 0.0888671875 0.4873046875 0.177734375 0.291015625
0 0.9345703125 0.490234375 0.1298828125 0.2841796875
1 0.9541015625 0.0908203125 0.091796875 0.1123046875
1 0.9599609375 0.185546875 0.0791015625 0.123046875
1 0.9541015625 0.296875 0.091796875 0.119140625
1 0.9521484375 0.67578125 0.095703125 0.107421875
1 0.95703125 0.7802734375 0.0859375 0.107421875
1 0.9443359375 0.87890625 0.111328125 0.1025390625
1 0.080078125 0.892578125 0.16015625 0.1123046875
1 0.087890625 0.0634765625 0.169921875 0.10546875
1 0.0751953125 0.28515625 0.125 0.111328125
1 0.07421875 0.162109375 0.0966796875 0.111328125
1 0.0732421875 0.794921875 0.0947265625 0.0986328125
1 0.2890625 0.869140625 0.150390625 0.150390625
1 0.775390625 0.8740234375 0.1513671875 0.146484375
1 0.7802734375 0.09375 0.1513671875 0.1435546875
1 0.30078125 0.078125 0.1552734375 0.134765625