4 0.521484375 0.5537109375 0.201171875 0.35546875
1 0.9716796875 0.369140625 0.0556640625 0.166015625
1 0.8330078125 0.4892578125 0.2578125 0.4296875
1 0.6806640625 0.390625 0.0771484375 0.140625
1 0.625 0.291015625 0.0927734375 0.166015625
1 0.5205078125 0.224609375 0.134765625 0.1650390625
1 0.42578125 0.2919921875 0.091796875 0.125
1 0.373046875 0.4033203125 0.072265625 0.13671875
1 0.22265625 0.51171875 0.2568359375 0.4150390625
1 0.08203125 0.4169921875 0.1015625 0.1416015625
1 0.044921875 0.30859375 0.08984375 0.1591796875
0 0.3984375 0.888671875 0.216796875 0.22265625
0 0.806640625 0.88671875 0.193359375 0.2265625
1 0.9501953125 0.833984375 0.099609375 0.13671875
1 0.927734375 0.955078125 0.1435546875 0.08984375
1 0.6201171875 0.83203125 0.1884765625 0.119140625
1 0.66015625 0.9501953125 0.130859375 0.099609375
1 0.138671875 0.8369140625 0.1826171875 0.123046875
1 0.1328125 0.9580078125 0.14453125 0.083984375
0 0.0517578125 0.888671875 0.103515625 0.2216796875