1 0.5419921875 0.939453125 0.3828125 0.12109375
1 0.564453125 0.7373046875 0.36328125 0.23046875
1 0.599609375 0.458984375 0.34765625 0.27734375
1 0.6240234375 0.1943359375 0.369140625 0.24609375
0 0.849609375 0.8974609375 0.1328125 0.1171875
0 0.8681640625 0.7744140625 0.11328125 0.12109375
0 0.875 0.6494140625 0.10546875 0.123046875
0 0.8974609375 0.517578125 0.10546875 0.111328125
0 0.9130859375 0.375 0.125 0.1171875
0 0.9384765625 0.2509765625 0.091796875 0.1171875
0 0.9521484375 0.1142578125 0.0859375 0.12109375