4 0.4140625 0.111328125 0.1142578125 0.15625
1 0.3154296875 0.1494140625 0.103515625 0.16796875
1 0.408203125 0.0302734375 0.16796875 0.060546875
1 0.5712890625 0.08203125 0.203125 0.1630859375
1 0.4140625 0.2451171875 0.197265625 0.1650390625
1 0.6650390625 0.162109375 0.2548828125 0.1630859375
1 0.7958984375 0.2763671875 0.08984375 0.2421875
1 0.5107421875 0.3330078125 0.2041015625 0.205078125
1 0.6640625 0.4638671875 0.2421875 0.208984375
4 0.66796875 0.298828125 0.1591796875 0.1865234375
1 0.2900390625 0.3798828125 0.1611328125 0.1884765625
1 0.373046875 0.478515625 0.2392578125 0.1806640625
1 0.5205078125 0.6083984375 0.224609375 0.2177734375
1 0.234375 0.6513671875 0.1474609375 0.193359375
1 0.337890625 0.787109375 0.2392578125 0.19140625
4 0.3466796875 0.6357421875 0.1650390625 0.162109375
1 0.228515625 0.912109375 0.142578125 0.1748046875
1 0.6435546875 0.7275390625 0.2333984375 0.2080078125
1 0.4609375 0.9013671875 0.2470703125 0.197265625
1 0.7392578125 0.8759765625 0.1259765625 0.2470703125
4 0.6220703125 0.892578125 0.1796875 0.21484375
1 0.0869140625 0.509765625 0.1708984375 0.2978515625
1 0.0908203125 0.2705078125 0.1806640625 0.3310546875
1 0.1318359375 0.09765625 0.1357421875 0.193359375
1 0.0595703125 0.7509765625 0.119140625 0.265625
1 0.76171875 0.58984375 0.125 0.20703125
1 0.9267578125 0.951171875 0.146484375 0.0966796875
1 0.9296875 0.865234375 0.140625 0.078125
1 0.9375 0.77734375 0.125 0.10546875
1 0.9375 0.6884765625 0.125 0.076171875
1 0.94140625 0.615234375 0.1171875 0.0966796875
1 0.9384765625 0.54296875 0.123046875 0.0693359375
1 0.9404296875 0.47265625 0.119140625 0.0830078125
1 0.9443359375 0.3984375 0.111328125 0.0712890625
1 0.9443359375 0.3203125 0.111328125 0.091796875
1 0.947265625 0.2373046875 0.1044921875 0.072265625
1 0.9501953125 0.1689453125 0.099609375 0.076171875
1 0.955078125 0.1025390625 0.08984375 0.0625
1 0.9560546875 0.0390625 0.087890625 0.0703125