0 0.861328125 0.2294921875 0.27734375 0.21484375
1 0.89453125 0.513671875 0.2109375 0.2890625
1 0.8115234375 0.04296875 0.205078125 0.0859375
1 0.91015625 0.908203125 0.1796875 0.18359375
1 0.4580078125 0.9619140625 0.509765625 0.076171875
1 0.4541015625 0.7958984375 0.5078125 0.271484375
1 0.443359375 0.6259765625 0.4296875 0.17578125
1 0.419921875 0.484375 0.41796875 0.2109375
1 0.41015625 0.3505859375 0.41015625 0.1484375
1 0.3837890625 0.2138671875 0.451171875 0.197265625
1 0.4052734375 0.111328125 0.3671875 0.125
1 0.388671875 0.0400390625 0.400390625 0.078125