1 0.9677734375 0.197265625 0.056640625 0.0654296875
1 0.9140625 0.2021484375 0.0537109375 0.0654296875
1 0.859375 0.2109375 0.05078125 0.0693359375
1 0.806640625 0.2197265625 0.048828125 0.0673828125
1 0.7578125 0.2236328125 0.052734375 0.0595703125
1 0.7060546875 0.23046875 0.052734375 0.0615234375
1 0.6552734375 0.2353515625 0.044921875 0.0625
1 0.6103515625 0.2421875 0.0517578125 0.056640625
1 0.9814453125 0.0986328125 0.037109375 0.0927734375
1 0.8876953125 0.109375 0.1455078125 0.0966796875
1 0.7333984375 0.1416015625 0.1533203125 0.091796875
1 0.5849609375 0.16015625 0.1455078125 0.091796875
1 0.443359375 0.1748046875 0.1337890625 0.0908203125
1 0.30859375 0.1943359375 0.138671875 0.083984375
1 0.55859375 0.2490234375 0.05078125 0.056640625
1 0.5107421875 0.25390625 0.048828125 0.0625
1 0.46484375 0.2548828125 0.052734375 0.0615234375
1 0.4208984375 0.263671875 0.0537109375 0.0654296875
1 0.37109375 0.265625 0.044921875 0.0576171875
1 0.3232421875 0.2666015625 0.0546875 0.0556640625
1 0.28125 0.28515625 0.0458984375 0.0615234375
1 0.177734375 0.2197265625 0.13671875 0.0771484375
1 0.0537109375 0.232421875 0.107421875 0.08984375
1 0.0205078125 0.314453125 0.0400390625 0.0673828125
1 0.0625 0.3115234375 0.044921875 0.060546875
1 0.109375 0.302734375 0.0458984375 0.0576171875
1 0.1513671875 0.30078125 0.0419921875 0.060546875
1 0.1962890625 0.2919921875 0.048828125 0.0654296875
1 0.2353515625 0.2861328125 0.041015625 0.05859375