1 0.8935546875 0.228515625 0.12890625 0.1015625
1 0.974609375 0.2978515625 0.05078125 0.07421875
1 0.7685546875 0.1728515625 0.12890625 0.1171875
1 0.9658203125 0.419921875 0.068359375 0.09765625
1 0.8935546875 0.369140625 0.125 0.10546875
1 0.7802734375 0.314453125 0.130859375 0.099609375
1 0.650390625 0.2294921875 0.134765625 0.1171875
1 0.525390625 0.1669921875 0.126953125 0.08984375
1 0.19140625 0.1708984375 0.1796875 0.19140625
1 0.1435546875 0.8193359375 0.16015625 0.13671875
1 0.8681640625 0.5927734375 0.1484375 0.1171875
1 0.7529296875 0.6123046875 0.07421875 0.1015625
1 0.658203125 0.6328125 0.119140625 0.140625
1 0.52734375 0.68359375 0.15625 0.16015625
1 0.365234375 0.7646484375 0.11328125 0.103515625