0 0.951171875 0.7197265625 0.09765625 0.095703125
0 0.7861328125 0.728515625 0.15625 0.0859375
0 0.6318359375 0.7236328125 0.09375 0.068359375
0 0.96484375 0.044921875 0.0703125 0.08984375
0 0.814453125 0.0419921875 0.169921875 0.083984375
0 0.6474609375 0.0400390625 0.099609375 0.078125
0 0.5361328125 0.0234375 0.08984375 0.046875
0 0.5341796875 0.19140625 0.09375 0.05859375
0 0.525390625 0.3525390625 0.076171875 0.052734375
0 0.5322265625 0.5283203125 0.08984375 0.05859375
0 0.533203125 0.6904296875 0.0859375 0.05078125
0 0.5263671875 0.853515625 0.08203125 0.052734375
0 0.0234375 0.7119140625 0.046875 0.091796875
0 0.017578125 0.3125 0.03515625 0.08984375
0 0.0087890625 0.9169921875 0.017578125 0.09375
1 0.0283203125 0.208984375 0.056640625 0.12890625
1 0.0302734375 0.41796875 0.060546875 0.12890625
1 0.0283203125 0.0439453125 0.056640625 0.087890625
1 0.0283203125 0.818359375 0.056640625 0.1328125
1 0.0302734375 0.6064453125 0.060546875 0.12109375
1 0.0244140625 0.9697265625 0.046875 0.060546875
1 0.5361328125 0.1025390625 0.080078125 0.12890625
1 0.5380859375 0.2734375 0.0859375 0.125
1 0.5361328125 0.4345703125 0.0859375 0.12109375
1 0.53125 0.6044921875 0.080078125 0.12890625
1 0.53515625 0.7724609375 0.08203125 0.12890625
1 0.53515625 0.939453125 0.0859375 0.12109375
1 0.3623046875 0.970703125 0.166015625 0.05859375
1 0.357421875 0.8095703125 0.158203125 0.15234375
1 0.3505859375 0.6044921875 0.177734375 0.154296875
1 0.349609375 0.4150390625 0.177734375 0.15625
1 0.3486328125 0.2080078125 0.1875 0.16015625
1 0.349609375 0.0400390625 0.171875 0.080078125
1 0.15234375 0.03515625 0.091796875 0.046875
1 0.1572265625 0.1220703125 0.08984375 0.05078125
1 0.16015625 0.20703125 0.08984375 0.046875
1 0.16015625 0.291015625 0.087890625 0.04296875
1 0.162109375 0.3740234375 0.0859375 0.0546875
1 0.16015625 0.458984375 0.0859375 0.05078125
1 0.16015625 0.5419921875 0.08984375 0.05078125
1 0.162109375 0.6220703125 0.083984375 0.046875
1 0.1611328125 0.703125 0.083984375 0.052734375
1 0.1650390625 0.7841796875 0.0859375 0.046875
1 0.1630859375 0.873046875 0.08984375 0.05078125
1 0.158203125 0.9560546875 0.08203125 0.052734375