1 0.015625 0.6982421875 0.03125 0.0791015625
1 0.0556640625 0.697265625 0.04296875 0.0732421875
1 0.103515625 0.6953125 0.0458984375 0.0693359375
1 0.1533203125 0.693359375 0.0498046875 0.07421875
1 0.2060546875 0.6923828125 0.0517578125 0.078125
1 0.2587890625 0.6943359375 0.0517578125 0.08203125
1 0.3076171875 0.6943359375 0.046875 0.076171875
1 0.35546875 0.689453125 0.046875 0.07421875
1 0.4052734375 0.6875 0.0556640625 0.0771484375
1 0.4580078125 0.6875 0.04296875 0.0791015625
1 0.5048828125 0.6904296875 0.0517578125 0.07421875
1 0.5537109375 0.6845703125 0.046875 0.080078125
1 0.60546875 0.6904296875 0.0556640625 0.0810546875
1 0.6591796875 0.685546875 0.0458984375 0.0771484375
1 0.7060546875 0.6845703125 0.0478515625 0.076171875
1 0.755859375 0.68359375 0.0419921875 0.0712890625
1 0.8037109375 0.6845703125 0.05078125 0.076171875
1 0.8564453125 0.6796875 0.0556640625 0.0703125
1 0.91015625 0.6826171875 0.0498046875 0.0830078125
1 0.9580078125 0.6787109375 0.044921875 0.08203125
0 0.908203125 0.5966796875 0.046875 0.0634765625
0 0.8076171875 0.5947265625 0.05078125 0.0517578125
0 0.7080078125 0.599609375 0.0458984375 0.056640625
0 0.5625 0.603515625 0.0498046875 0.0576171875
0 0.4638671875 0.6025390625 0.0419921875 0.0595703125
0 0.361328125 0.6025390625 0.0546875 0.0576171875
0 0.26171875 0.6083984375 0.037109375 0.0498046875
0 0.158203125 0.609375 0.0556640625 0.0517578125
0 0.0595703125 0.6142578125 0.048828125 0.0576171875
1 0.0185546875 0.6123046875 0.0361328125 0.0556640625
1 0.1044921875 0.6103515625 0.0400390625 0.0595703125
1 0.2138671875 0.6083984375 0.056640625 0.048828125
1 0.306640625 0.607421875 0.0517578125 0.05859375
1 0.4150390625 0.6064453125 0.056640625 0.0546875
1 0.5087890625 0.60546875 0.0498046875 0.05859375
1 0.63671875 0.603515625 0.099609375 0.0546875
1 0.7548828125 0.599609375 0.048828125 0.064453125
1 0.8603515625 0.595703125 0.0537109375 0.056640625
1 0.9560546875 0.5947265625 0.0478515625 0.0546875
1 0.90625 0.478515625 0.1025390625 0.134765625
1 0.8056640625 0.5185546875 0.0966796875 0.0771484375
1 0.7041015625 0.4765625 0.107421875 0.1484375
1 0.55859375 0.515625 0.095703125 0.0712890625
1 0.4609375 0.5126953125 0.0986328125 0.0849609375
1 0.36328125 0.517578125 0.0947265625 0.076171875
1 0.2578125 0.4990234375 0.1181640625 0.1240234375
1 0.15625 0.5244140625 0.0859375 0.0703125
1 0.0595703125 0.5166015625 0.10546875 0.087890625
1 0.048828125 0.4072265625 0.0947265625 0.13671875
1 0.1650390625 0.4033203125 0.107421875 0.1416015625
1 0.2919921875 0.3876953125 0.0849609375 0.107421875
1 0.404296875 0.396484375 0.0908203125 0.13671875
1 0.5263671875 0.3984375 0.087890625 0.146484375
1 0.7060546875 0.3740234375 0.0673828125 0.09765625
1 0.8330078125 0.3828125 0.0869140625 0.1298828125
1 0.943359375 0.373046875 0.080078125 0.11328125