4 0.7275390625 0.1943359375 0.478515625 0.21484375
4 0.7568359375 0.513671875 0.486328125 0.2890625
4 0.771484375 0.7822265625 0.45703125 0.205078125
0 0.888671875 0.00390625 0.03515625 0.0078125
0 0.8876953125 0.060546875 0.0390625 0.0390625
0 0.8857421875 0.12890625 0.033203125 0.0234375
1 0.93359375 0.0048828125 0.0390625 0.009765625
1 0.93359375 0.025390625 0.0390625 0.03515625
1 0.9326171875 0.0625 0.04296875 0.03515625
1 0.9306640625 0.0947265625 0.03515625 0.03515625
1 0.9306640625 0.12890625 0.03515625 0.03125
0 0.9697265625 0.224609375 0.05859375 0.02734375
0 0.96484375 0.2607421875 0.0703125 0.05078125
1 0.9453125 0.8330078125 0.05078125 0.02734375
1 0.9384765625 0.8642578125 0.037109375 0.033203125
1 0.94140625 0.8994140625 0.046875 0.03515625
1 0.9365234375 0.9296875 0.0390625 0.03515625
1 0.939453125 0.96484375 0.048828125 0.029296875
1 0.9375 0.9912109375 0.04296875 0.017578125
0 0.8955078125 0.96484375 0.033203125 0.041015625
0 0.8935546875 0.896484375 0.0390625 0.03515625