0 0.5634765625 0.23046875 0.048828125 0.07421875
0 0.5732421875 0.3212890625 0.0546875 0.0830078125
0 0.5966796875 0.416015625 0.05859375 0.0927734375
0 0.6318359375 0.517578125 0.0673828125 0.072265625
0 0.69140625 0.59765625 0.0419921875 0.08203125
0 0.7578125 0.6669921875 0.0419921875 0.0859375
0 0.8349609375 0.708984375 0.0458984375 0.0810546875
3 0.931640625 0.7978515625 0.13671875 0.400390625
1 0.228515625 0.2978515625 0.3759765625 0.3291015625
1 0.4638671875 0.3125 0.09765625 0.3115234375
1 0.4658203125 0.5830078125 0.2099609375 0.2470703125
1 0.265625 0.578125 0.1904296875 0.2490234375
1 0.373046875 0.8447265625 0.1787109375 0.255859375
1 0.5947265625 0.84375 0.2685546875 0.275390625
1 0.8017578125 0.8671875 0.1328125 0.2646484375
1 0.1494140625 0.9267578125 0.2978515625 0.1337890625