1 0.923828125 0.052734375 0.15234375 0.1015625
1 0.8662109375 0.1552734375 0.185546875 0.109375
1 0.7822265625 0.2392578125 0.1748046875 0.1103515625
1 0.7060546875 0.3212890625 0.18359375 0.1005859375
1 0.6162109375 0.4169921875 0.154296875 0.1171875
1 0.5087890625 0.5263671875 0.158203125 0.1416015625
1 0.4052734375 0.64453125 0.17578125 0.1318359375
1 0.2998046875 0.755859375 0.177734375 0.1220703125
1 0.2041015625 0.8818359375 0.1728515625 0.15234375
1 0.11328125 0.9736328125 0.2265625 0.052734375
1 0.5732421875 0.0546875 0.1728515625 0.1083984375
1 0.52734375 0.14453125 0.189453125 0.1044921875
1 0.41796875 0.2314453125 0.2060546875 0.087890625
1 0.3583984375 0.314453125 0.1591796875 0.1181640625
1 0.2841796875 0.3984375 0.1455078125 0.111328125
1 0.21484375 0.4716796875 0.189453125 0.11328125
1 0.123046875 0.556640625 0.1630859375 0.1083984375
1 0.0615234375 0.6318359375 0.123046875 0.119140625
0 0.6162109375 0.8486328125 0.1328125 0.095703125
0 0.7275390625 0.7158203125 0.1220703125 0.087890625
0 0.8349609375 0.5849609375 0.138671875 0.076171875
0 0.9423828125 0.4580078125 0.115234375 0.078125
1 0.505859375 0.935546875 0.19140625 0.1279296875
1 0.6826171875 0.7744140625 0.1513671875 0.0849609375
1 0.7763671875 0.6533203125 0.1240234375 0.0908203125
1 0.89453125 0.5107421875 0.1435546875 0.0966796875
1 0.951171875 0.7890625 0.095703125 0.0703125
1 0.869140625 0.8779296875 0.126953125 0.09765625
1 0.7880859375 0.96484375 0.13671875 0.0703125
1 0.203125 0.0498046875 0.1669921875 0.091796875
1 0.111328125 0.134765625 0.1494140625 0.087890625
1 0.0498046875 0.2255859375 0.0986328125 0.0927734375