0 0.8388671875 0.0361328125 0.091796875 0.072265625
0 0.6123046875 0.0263671875 0.1328125 0.052734375
0 0.3369140625 0.0361328125 0.134765625 0.072265625
0 0.4755859375 0.138671875 0.16796875 0.1015625
0 0.763671875 0.1494140625 0.13671875 0.09765625
0 0.841796875 0.30859375 0.09375 0.1015625
0 0.6484375 0.2880859375 0.1484375 0.1015625
0 0.35546875 0.3046875 0.14453125 0.109375
0 0.515625 0.4365234375 0.189453125 0.1171875
0 0.7802734375 0.43359375 0.134765625 0.09765625
0 0.857421875 0.5830078125 0.10546875 0.11328125
0 0.6484375 0.591796875 0.15234375 0.111328125
0 0.3642578125 0.59375 0.146484375 0.12109375
0 0.5166015625 0.728515625 0.17578125 0.125
0 0.6669921875 0.880859375 0.18359375 0.12109375
0 0.771484375 0.7431640625 0.18359375 0.126953125
0 0.8984375 0.8671875 0.12109375 0.111328125
0 0.3662109375 0.8779296875 0.13671875 0.11328125