1 0.953125 0.779296875 0.09375 0.126953125
1 0.853515625 0.7900390625 0.08984375 0.111328125
1 0.7607421875 0.8017578125 0.09375 0.119140625
1 0.66796875 0.806640625 0.1015625 0.1484375
1 0.5634765625 0.822265625 0.109375 0.126953125
1 0.4619140625 0.8388671875 0.1015625 0.119140625
1 0.353515625 0.84765625 0.12109375 0.125
1 0.240234375 0.857421875 0.12109375 0.15625
1 0.1337890625 0.873046875 0.12109375 0.1640625
1 0.9541015625 0.533203125 0.091796875 0.30859375
1 0.76953125 0.5361328125 0.29296875 0.330078125
1 0.4951171875 0.58203125 0.26953125 0.2734375
1 0.169921875 0.5888671875 0.3359375 0.37109375
1 0.9716796875 0.267578125 0.056640625 0.125
1 0.900390625 0.27734375 0.10546875 0.11328125
1 0.8037109375 0.27734375 0.099609375 0.125
1 0.705078125 0.2822265625 0.109375 0.115234375
1 0.595703125 0.2880859375 0.12109375 0.134765625
1 0.48828125 0.2890625 0.1171875 0.12890625
1 0.375 0.2861328125 0.115234375 0.1484375
1 0.2578125 0.2900390625 0.125 0.140625
1 0.13671875 0.2880859375 0.119140625 0.171875
1 0.04296875 0.296875 0.0859375 0.1484375
1 0.9716796875 0.1015625 0.056640625 0.126953125
1 0.919921875 0.0771484375 0.087890625 0.154296875
1 0.8349609375 0.08984375 0.15625 0.1796875