1 0.6044921875 0.44921875 0.515625 0.61328125
1 0.6328125 0.7822265625 0.1875 0.09375
1 0.43359375 0.80859375 0.20703125 0.11328125
1 0.2802734375 0.7998046875 0.189453125 0.154296875
1 0.08984375 0.779296875 0.1796875 0.375
1 0.26953125 0.6083984375 0.232421875 0.255859375
1 0.96875 0.0341796875 0.0625 0.068359375
1 0.91015625 0.037109375 0.1015625 0.07421875
1 0.8349609375 0.041015625 0.09375 0.08203125
1 0.7509765625 0.044921875 0.10546875 0.08984375
1 0.6611328125 0.0498046875 0.107421875 0.099609375
1 0.560546875 0.0546875 0.130859375 0.109375
1 0.4365234375 0.05859375 0.12890625 0.109375
1 0.9111328125 0.9326171875 0.177734375 0.1328125