4 0.4921875 0.5625 0.2109375 0.37109375
1 0.0263671875 0.369140625 0.052734375 0.171875
1 0.1669921875 0.49609375 0.26953125 0.447265625
1 0.3251953125 0.392578125 0.080078125 0.1484375
1 0.3837890625 0.2890625 0.09765625 0.171875
1 0.4921875 0.21875 0.140625 0.171875
1 0.591796875 0.2900390625 0.095703125 0.130859375
1 0.646484375 0.40625 0.07421875 0.142578125
1 0.8037109375 0.5185546875 0.267578125 0.43359375
1 0.9482421875 0.419921875 0.1015625 0.1484375
1 0.970703125 0.3076171875 0.05859375 0.166015625
0 0.6201171875 0.8974609375 0.2265625 0.203125
0 0.1943359375 0.8955078125 0.201171875 0.20703125
1 0.0478515625 0.85546875 0.095703125 0.142578125
1 0.0712890625 0.966796875 0.142578125 0.06640625
1 0.388671875 0.8525390625 0.1953125 0.125
1 0.34765625 0.9619140625 0.13671875 0.07421875
1 0.8916015625 0.8583984375 0.19140625 0.12890625
1 0.8955078125 0.970703125 0.150390625 0.05859375
0 0.9638671875 0.8984375 0.0703125 0.203125