2 0.9443359375 0.705078125 0.07421875 0.08203125
2 0.8916015625 0.7646484375 0.0625 0.083984375
2 0.822265625 0.8115234375 0.0625 0.078125
2 0.7646484375 0.869140625 0.078125 0.10546875
2 0.6982421875 0.9228515625 0.064453125 0.09375
2 0.625 0.970703125 0.07421875 0.05859375
2 0.921875 0.4560546875 0.064453125 0.0703125
2 0.8505859375 0.3681640625 0.064453125 0.07421875
2 0.7822265625 0.2939453125 0.05859375 0.07421875
2 0.705078125 0.20703125 0.0703125 0.07421875
2 0.623046875 0.1171875 0.072265625 0.078125
2 0.548828125 0.0283203125 0.06640625 0.056640625
1 0.818359375 0.455078125 0.072265625 0.09375
1 0.75390625 0.375 0.064453125 0.11328125
1 0.6728515625 0.296875 0.0703125 0.1171875
1 0.5966796875 0.2041015625 0.078125 0.109375
1 0.5126953125 0.107421875 0.09375 0.12109375
1 0.4326171875 0.04296875 0.09375 0.0859375
1 0.841796875 0.6591796875 0.068359375 0.08203125
1 0.78125 0.6962890625 0.06640625 0.09375
1 0.7197265625 0.755859375 0.072265625 0.08203125
1 0.6552734375 0.802734375 0.060546875 0.09765625
1 0.5986328125 0.85546875 0.0703125 0.08984375
1 0.541015625 0.888671875 0.0625 0.1015625
1 0.4921875 0.9423828125 0.0625 0.078125
1 0.4267578125 0.9775390625 0.078125 0.044921875
3 0.1796875 0.7841796875 0.125 0.162109375
3 0.125 0.111328125 0.1171875 0.1875
1 0.5361328125 0.451171875 0.171875 0.2109375
1 0.552734375 0.673828125 0.125 0.14453125
1 0.6533203125 0.591796875 0.083984375 0.140625
1 0.419921875 0.751953125 0.14453125 0.19140625
1 0.380859375 0.2919921875 0.15234375 0.24609375
1 0.24609375 0.14453125 0.1171875 0.2890625
1 0.2939453125 0.8212890625 0.109375 0.306640625
1 0.05078125 0.8896484375 0.0859375 0.15234375
1 0.0458984375 0.6962890625 0.091796875 0.150390625
1 0.0390625 0.515625 0.078125 0.13671875
1 0.0361328125 0.3359375 0.072265625 0.14453125
1 0.029296875 0.171875 0.05859375 0.12890625