1 0.73828125 0.970703125 0.0380859375 0.0576171875
1 0.7119140625 0.9111328125 0.03125 0.0703125
1 0.685546875 0.8515625 0.033203125 0.060546875
1 0.6669921875 0.7841796875 0.0390625 0.0654296875
1 0.6376953125 0.7236328125 0.03515625 0.0693359375
1 0.6123046875 0.6640625 0.0380859375 0.0634765625
1 0.587890625 0.6015625 0.03515625 0.0693359375
1 0.564453125 0.5390625 0.0341796875 0.068359375
1 0.5400390625 0.4833984375 0.0361328125 0.0634765625
1 0.5185546875 0.423828125 0.0322265625 0.0625
1 0.501953125 0.3720703125 0.025390625 0.0634765625
1 0.4169921875 0.380859375 0.0380859375 0.0537109375
1 0.400390625 0.4326171875 0.0400390625 0.046875
1 0.3779296875 0.482421875 0.0390625 0.048828125
1 0.353515625 0.5439453125 0.046875 0.060546875
1 0.328125 0.60546875 0.041015625 0.0537109375
1 0.3017578125 0.6591796875 0.0419921875 0.052734375
1 0.2802734375 0.7119140625 0.0390625 0.0517578125
1 0.2568359375 0.7724609375 0.0439453125 0.0537109375
1 0.234375 0.833984375 0.05078125 0.05078125
1 0.20703125 0.900390625 0.052734375 0.0595703125
1 0.1787109375 0.9638671875 0.0380859375 0.072265625
2 0.1181640625 0.955078125 0.03125 0.0791015625
2 0.1435546875 0.8876953125 0.0302734375 0.08203125
2 0.1708984375 0.8330078125 0.0322265625 0.0791015625
2 0.197265625 0.7685546875 0.033203125 0.0732421875
2 0.22265625 0.7138671875 0.0322265625 0.0849609375
2 0.2451171875 0.6611328125 0.03515625 0.087890625
2 0.2705078125 0.59375 0.0322265625 0.0849609375
2 0.2958984375 0.544921875 0.0302734375 0.0947265625
2 0.31640625 0.48828125 0.03125 0.0830078125
2 0.3427734375 0.4248046875 0.0341796875 0.08203125
2 0.361328125 0.3759765625 0.03125 0.076171875
2 0.3876953125 0.3212890625 0.0322265625 0.08203125
2 0.4091796875 0.271484375 0.0380859375 0.0712890625
2 0.5048828125 0.263671875 0.0302734375 0.0751953125
2 0.529296875 0.318359375 0.03515625 0.0703125
2 0.548828125 0.3701171875 0.03515625 0.0654296875
2 0.5703125 0.4296875 0.0322265625 0.0703125
2 0.5966796875 0.490234375 0.0302734375 0.0673828125
2 0.6181640625 0.5458984375 0.033203125 0.0712890625
2 0.6455078125 0.6064453125 0.0390625 0.080078125
2 0.669921875 0.6689453125 0.041015625 0.0771484375
2 0.693359375 0.7265625 0.0341796875 0.0751953125
2 0.71875 0.791015625 0.0341796875 0.0810546875
2 0.7431640625 0.849609375 0.04296875 0.0810546875
2 0.7705078125 0.9130859375 0.0458984375 0.0810546875
2 0.7939453125 0.978515625 0.029296875 0.0419921875
1 0.439453125 0.7177734375 0.0673828125 0.146484375
1 0.4970703125 0.8447265625 0.076171875 0.119140625
1 0.3896484375 0.83984375 0.078125 0.1015625
1 0.443359375 0.9482421875 0.0859375 0.103515625
1 0.53125 0.9501953125 0.107421875 0.0986328125
1 0.349609375 0.9453125 0.1162109375 0.109375