1 0.33984375 0.2744140625 0.2275390625 0.1171875
1 0.1328125 0.404296875 0.265625 0.1318359375
1 0.4326171875 0.392578125 0.23046875 0.138671875
1 0.5 0.5703125 0.3603515625 0.2294921875
1 0.1025390625 0.568359375 0.205078125 0.203125
1 0.623046875 0.83984375 0.4765625 0.3203125
1 0.5966796875 0.0517578125 0.3037109375 0.103515625
1 0.68359375 0.158203125 0.2626953125 0.115234375
1 0.76171875 0.2900390625 0.2685546875 0.1484375
1 0.8564453125 0.4423828125 0.25390625 0.158203125
1 0.91796875 0.6201171875 0.1640625 0.1943359375