0 0.7158203125 0.1318359375 0.1962890625 0.2626953125
1 0.4580078125 0.1015625 0.263671875 0.203125
1 0.923828125 0.181640625 0.15234375 0.1875
1 0.0908203125 0.0869140625 0.181640625 0.1728515625
1 0.0419921875 0.5048828125 0.083984375 0.4638671875
1 0.2001953125 0.5068359375 0.2470703125 0.462890625
1 0.3544921875 0.5166015625 0.1611328125 0.392578125
1 0.4833984375 0.5380859375 0.1923828125 0.380859375
1 0.60546875 0.5478515625 0.134765625 0.3740234375
1 0.7294921875 0.5712890625 0.1796875 0.4111328125
1 0.8232421875 0.5517578125 0.1142578125 0.3330078125
1 0.9130859375 0.5673828125 0.12109375 0.36328125