1 0.3115234375 0.171875 0.150390625 0.1513671875
1 0.685546875 0.1416015625 0.1357421875 0.1220703125
1 0.7294921875 0.322265625 0.146484375 0.2255859375
1 0.2529296875 0.3583984375 0.1220703125 0.2470703125
1 0.2041015625 0.5888671875 0.2734375 0.193359375
1 0.724609375 0.5478515625 0.2177734375 0.2109375
1 0.3095703125 0.8935546875 0.2373046875 0.2041015625
1 0.6044921875 0.8837890625 0.263671875 0.21875
1 0.0771484375 0.8681640625 0.154296875 0.259765625
1 0.8720703125 0.8291015625 0.1708984375 0.27734375
1 0.888671875 0.3291015625 0.0400390625 0.0595703125
1 0.896484375 0.2744140625 0.04296875 0.052734375
1 0.8935546875 0.2236328125 0.03515625 0.0634765625
1 0.875 0.17578125 0.029296875 0.06640625
1 0.8544921875 0.1318359375 0.037109375 0.0703125
1 0.8212890625 0.0986328125 0.0322265625 0.05859375
1 0.7783203125 0.0615234375 0.0400390625 0.064453125
1 0.7314453125 0.0322265625 0.0439453125 0.0615234375
1 0.6845703125 0.017578125 0.0458984375 0.03515625
1 0.3408203125 0.041015625 0.0419921875 0.060546875
1 0.2861328125 0.0654296875 0.0615234375 0.0595703125
1 0.23046875 0.09765625 0.04296875 0.0654296875
1 0.1875 0.1337890625 0.0361328125 0.0556640625
1 0.1494140625 0.1708984375 0.033203125 0.0537109375
1 0.123046875 0.2138671875 0.0341796875 0.0634765625
1 0.1015625 0.2626953125 0.03515625 0.060546875
1 0.091796875 0.31640625 0.0390625 0.052734375
1 0.09375 0.3671875 0.041015625 0.0556640625
1 0.037109375 0.443359375 0.044921875 0.0615234375
1 0.0703125 0.1396484375 0.09375 0.1240234375
1 0.140625 0.0615234375 0.0751953125 0.1220703125
1 0.0361328125 0.2314453125 0.072265625 0.1064453125
1 0.2236328125 0.029296875 0.0771484375 0.0576171875
1 0.8798828125 0.0439453125 0.091796875 0.087890625
1 0.9560546875 0.0751953125 0.087890625 0.134765625
1 0.876953125 0.5087890625 0.029296875 0.072265625
1 0.8876953125 0.580078125 0.0478515625 0.076171875
1 0.8779296875 0.65234375 0.0712890625 0.0693359375
1 0.5068359375 0.0654296875 0.0400390625 0.0390625
1 0.53515625 0.087890625 0.0185546875 0.0341796875
1 0.5556640625 0.1142578125 0.0244140625 0.0400390625
1 0.58203125 0.1591796875 0.0234375 0.0390625
1 0.5849609375 0.1943359375 0.0263671875 0.029296875
1 0.5791015625 0.2236328125 0.0302734375 0.03125
1 0.5947265625 0.2509765625 0.0263671875 0.0322265625
1 0.5966796875 0.2841796875 0.0263671875 0.0322265625
1 0.595703125 0.3125 0.0263671875 0.0341796875
1 0.5947265625 0.3447265625 0.025390625 0.033203125
1 0.5947265625 0.3759765625 0.025390625 0.03125
1 0.59375 0.404296875 0.0263671875 0.03515625
1 0.5927734375 0.4365234375 0.0302734375 0.0283203125
1 0.5908203125 0.466796875 0.0263671875 0.033203125
1 0.58984375 0.5009765625 0.0244140625 0.03125
1 0.5908203125 0.529296875 0.03515625 0.041015625
1 0.587890625 0.564453125 0.029296875 0.0380859375
1 0.587890625 0.6015625 0.0361328125 0.0400390625
1 0.5869140625 0.64453125 0.033203125 0.041015625
1 0.3544921875 0.65234375 0.0322265625 0.0546875
1 0.3583984375 0.6044921875 0.0322265625 0.05078125
1 0.36328125 0.572265625 0.0302734375 0.0478515625
1 0.3681640625 0.5390625 0.029296875 0.0419921875
1 0.37109375 0.509765625 0.029296875 0.04296875
1 0.3740234375 0.4794921875 0.0302734375 0.0390625
1 0.37890625 0.4482421875 0.029296875 0.041015625
1 0.380859375 0.4169921875 0.02734375 0.03515625
1 0.3837890625 0.380859375 0.0302734375 0.0400390625
1 0.3857421875 0.34765625 0.0283203125 0.0390625
1 0.3857421875 0.3173828125 0.0283203125 0.037109375
1 0.3896484375 0.2841796875 0.02734375 0.0439453125
1 0.396484375 0.25390625 0.0234375 0.03515625
1 0.474609375 0.09375 0.0244140625 0.02734375
1 0.455078125 0.1142578125 0.021484375 0.03515625
1 0.4365234375 0.13671875 0.0234375 0.03515625
1 0.4208984375 0.1650390625 0.021484375 0.033203125
1 0.4130859375 0.19140625 0.025390625 0.041015625
1 0.412109375 0.2265625 0.0263671875 0.041015625
4 0.48828125 0.404296875 0.1708984375 0.626953125