0 0.0458984375 0.318359375 0.091796875 0.1875
0 0.203125 0.3037109375 0.12109375 0.18359375
0 0.376953125 0.30078125 0.12890625 0.19140625
0 0.5517578125 0.2978515625 0.12890625 0.189453125
0 0.7158203125 0.2783203125 0.12890625 0.19140625
0 0.900390625 0.2626953125 0.130859375 0.1796875
0 0.96484375 0.3876953125 0.0703125 0.171875
0 0.8876953125 0.5341796875 0.123046875 0.169921875
0 0.96484375 0.6689453125 0.0703125 0.16796875
0 0.791015625 0.6796875 0.109375 0.1796875
0 0.6083984375 0.6904296875 0.11328125 0.1796875
0 0.4326171875 0.701171875 0.10546875 0.181640625
0 0.25390625 0.7109375 0.1171875 0.19140625
0 0.0615234375 0.7275390625 0.1015625 0.1953125
0 0.021484375 0.5869140625 0.04296875 0.1875
0 0.17578125 0.578125 0.12109375 0.177734375
0 0.3486328125 0.57421875 0.125 0.177734375
0 0.5322265625 0.5556640625 0.13671875 0.19140625
0 0.70703125 0.5400390625 0.125 0.177734375
0 0.8037109375 0.40625 0.125 0.1796875
0 0.625 0.4111328125 0.130859375 0.189453125
0 0.4462890625 0.4287109375 0.125 0.205078125
0 0.2734375 0.4345703125 0.13671875 0.22265625
0 0.109375 0.443359375 0.13671875 0.1953125
0 0.126953125 0.2255859375 0.13671875 0.109375
0 0.302734375 0.2138671875 0.14453125 0.11328125
0 0.474609375 0.20703125 0.15234375 0.109375
0 0.642578125 0.2001953125 0.15625 0.125
0 0.8203125 0.1845703125 0.146484375 0.13671875
0 0.958984375 0.1806640625 0.08203125 0.1171875
0 0.1435546875 0.794921875 0.109375 0.087890625
0 0.33203125 0.78515625 0.1171875 0.1015625
0 0.509765625 0.7626953125 0.111328125 0.09375
0 0.6982421875 0.75 0.111328125 0.09375
0 0.88671875 0.74609375 0.109375 0.09765625