4 0.4306640625 0.154296875 0.37109375 0.13671875
4 0.0927734375 0.248046875 0.125 0.060546875
4 0.2158203125 0.3828125 0.095703125 0.052734375
4 0.2958984375 0.4775390625 0.07421875 0.046875
0 0.0947265625 0.2099609375 0.01953125 0.013671875
0 0.123046875 0.2080078125 0.03125 0.01953125
0 0.16015625 0.2041015625 0.02734375 0.01953125
0 0.1962890625 0.19921875 0.03125 0.01953125
0 0.2216796875 0.2119140625 0.03515625 0.017578125
0 0.2353515625 0.197265625 0.02734375 0.01953125
0 0.2578125 0.208984375 0.03515625 0.015625
0 0.298828125 0.20703125 0.033203125 0.01171875
0 0.2177734375 0.1884765625 0.02734375 0.01171875
0 0.1787109375 0.1904296875 0.02734375 0.0078125
0 0.1455078125 0.1962890625 0.02734375 0.0078125
0 0.2255859375 0.3505859375 0.01953125 0.009765625
0 0.23828125 0.357421875 0.0234375 0.01171875
0 0.2509765625 0.3486328125 0.01953125 0.01171875
0 0.2705078125 0.3544921875 0.0234375 0.013671875
0 0.2841796875 0.34375 0.01953125 0.01171875
0 0.283203125 0.3603515625 0.015625 0.0078125
0 0.3232421875 0.208984375 0.015625 0.0078125
0 0.3193359375 0.1953125 0.015625 0.01171875
0 0.3896484375 0.455078125 0.0234375 0.01171875
0 0.3798828125 0.4462890625 0.015625 0.0078125
0 0.37890625 0.4599609375 0.015625 0.0078125
0 0.36328125 0.455078125 0.0234375 0.01171875
0 0.3369140625 0.4541015625 0.0234375 0.01171875
0 0.353515625 0.4482421875 0.01953125 0.0078125
0 0.3134765625 0.4541015625 0.01953125 0.013671875
0 0.298828125 0.4619140625 0.017578125 0.01171875
0 0.302734375 0.4482421875 0.01953125 0.01171875
0 0.3271484375 0.4482421875 0.01953125 0.0078125
0 0.328125 0.458984375 0.017578125 0.0078125
4 0.2763671875 0.2587890625 0.08203125 0.03515625
4 0.3955078125 0.2529296875 0.078125 0.033203125