0 0.6376953125 0.505859375 0.486328125 0.98828125
0 0.1357421875 0.447265625 0.271484375 0.7490234375
2 0.0283203125 0.904296875 0.0517578125 0.142578125
2 0.0791015625 0.9140625 0.05859375 0.1376953125
2 0.1376953125 0.9287109375 0.0693359375 0.1318359375
2 0.1904296875 0.9404296875 0.052734375 0.119140625
2 0.244140625 0.9462890625 0.046875 0.107421875
2 0.291015625 0.953125 0.04296875 0.09375
0 0.328125 0.462890625 0.130859375 0.2451171875
1 0.388671875 0.17578125 0.078125 0.236328125
1 0.2734375 0.1806640625 0.087890625 0.2255859375
1 0.283203125 0.6552734375 0.0537109375 0.169921875
1 0.380859375 0.669921875 0.0869140625 0.189453125
1 0.33203125 0.8427734375 0.1044921875 0.103515625
1 0.890625 0.2265625 0.1220703125 0.205078125
1 0.9189453125 0.5185546875 0.1201171875 0.21875
1 0.90625 0.7587890625 0.126953125 0.232421875
1 0.8115234375 0.9375 0.173828125 0.125