1 0.7802734375 0.5185546875 0.287109375 0.6328125
1 0.513671875 0.5205078125 0.251953125 0.65625
1 0.2470703125 0.52734375 0.234375 0.62890625
1 0.0439453125 0.5185546875 0.087890625 0.681640625
1 0.0986328125 0.5068359375 0.154296875 0.68359375
1 0.3857421875 0.505859375 0.140625 0.69921875
0 0.0439453125 0.052734375 0.087890625 0.10546875
0 0.359375 0.0517578125 0.12109375 0.1015625
0 0.701171875 0.0537109375 0.109375 0.107421875
1 0.1953125 0.0556640625 0.21484375 0.109375
1 0.5302734375 0.0556640625 0.22265625 0.109375
1 0.8251953125 0.0556640625 0.142578125 0.111328125