1 0.015625 0.845703125 0.03125 0.13671875
1 0.04296875 0.8408203125 0.03515625 0.125
1 0.095703125 0.8447265625 0.05859375 0.119140625
1 0.138671875 0.8359375 0.03515625 0.119140625
1 0.1923828125 0.841796875 0.068359375 0.125
1 0.234375 0.83203125 0.037109375 0.12109375
1 0.28125 0.8427734375 0.0703125 0.125
1 0.326171875 0.8359375 0.03125 0.111328125
1 0.3740234375 0.8408203125 0.0703125 0.125
1 0.41796875 0.8349609375 0.037109375 0.12109375
1 0.46484375 0.8408203125 0.05859375 0.1171875
1 0.5126953125 0.8359375 0.04296875 0.119140625
1 0.55859375 0.8427734375 0.05859375 0.12109375
1 0.603515625 0.8349609375 0.044921875 0.11328125
1 0.65234375 0.8388671875 0.06640625 0.12109375
1 0.6953125 0.8369140625 0.04296875 0.12109375
1 0.744140625 0.84375 0.06640625 0.123046875
1 0.791015625 0.833984375 0.0390625 0.12890625
1 0.84375 0.8447265625 0.0703125 0.12890625
1 0.8837890625 0.833984375 0.037109375 0.111328125
1 0.9306640625 0.8408203125 0.06640625 0.125
1 0.97265625 0.833984375 0.0390625 0.11328125
1 0.994140625 0.83984375 0.01171875 0.11328125
1 0.984375 0.5927734375 0.03125 0.15234375
1 0.943359375 0.58984375 0.08984375 0.166015625
1 0.888671875 0.59375 0.107421875 0.15234375
1 0.830078125 0.587890625 0.103515625 0.166015625
1 0.77734375 0.591796875 0.111328125 0.1640625
1 0.71875 0.59375 0.119140625 0.154296875
1 0.654296875 0.5908203125 0.10546875 0.162109375
1 0.599609375 0.591796875 0.103515625 0.158203125
1 0.54296875 0.591796875 0.109375 0.15625
1 0.486328125 0.587890625 0.1015625 0.158203125
1 0.0302734375 0.591796875 0.05859375 0.18359375
1 0.0712890625 0.595703125 0.10546875 0.171875
1 0.130859375 0.5908203125 0.09765625 0.158203125
1 0.1884765625 0.591796875 0.11328125 0.166015625
1 0.2470703125 0.5908203125 0.09765625 0.16796875
1 0.306640625 0.5888671875 0.111328125 0.154296875
1 0.3681640625 0.5888671875 0.09765625 0.158203125
1 0.421875 0.591796875 0.103515625 0.16015625
1 0.01171875 0.2197265625 0.0234375 0.0546875
1 0.03125 0.2158203125 0.0234375 0.04296875
1 0.05859375 0.2158203125 0.0390625 0.046875
1 0.087890625 0.21484375 0.01953125 0.046875
1 0.1162109375 0.22265625 0.03515625 0.046875
1 0.1416015625 0.2177734375 0.01171875 0.048828125
1 0.1708984375 0.220703125 0.041015625 0.0546875
1 0.197265625 0.22265625 0.01953125 0.04296875
1 0.2236328125 0.2216796875 0.0390625 0.05078125
1 0.251953125 0.220703125 0.015625 0.046875
1 0.28125 0.2177734375 0.0390625 0.044921875
1 0.306640625 0.216796875 0.015625 0.05078125
1 0.3330078125 0.220703125 0.041015625 0.05078125
1 0.361328125 0.220703125 0.01953125 0.046875
1 0.3896484375 0.224609375 0.0390625 0.046875
1 0.4140625 0.220703125 0.017578125 0.046875
1 0.4453125 0.2216796875 0.0390625 0.056640625
1 0.46875 0.220703125 0.01171875 0.048828125
1 0.49609375 0.220703125 0.0390625 0.046875
1 0.5234375 0.22265625 0.01171875 0.04296875
1 0.55078125 0.224609375 0.04296875 0.0390625
1 0.578125 0.2197265625 0.013671875 0.0546875
1 0.6064453125 0.22265625 0.04296875 0.05078125
1 0.6328125 0.2236328125 0.015625 0.046875
1 0.66015625 0.22265625 0.041015625 0.04296875
1 0.6865234375 0.2236328125 0.01953125 0.046875
1 0.716796875 0.2216796875 0.037109375 0.046875
1 0.740234375 0.2216796875 0.01953125 0.046875
1 0.7705078125 0.224609375 0.03515625 0.052734375
1 0.7958984375 0.22265625 0.01953125 0.052734375
1 0.82421875 0.22265625 0.0390625 0.0546875
1 0.849609375 0.22265625 0.01953125 0.0546875
1 0.87890625 0.220703125 0.0390625 0.0546875
1 0.9052734375 0.22265625 0.01953125 0.052734375
1 0.935546875 0.22265625 0.04296875 0.0546875
1 0.9619140625 0.22265625 0.01953125 0.05078125
1 0.984375 0.2216796875 0.03125 0.056640625