4 0.6220703125 0.482421875 0.5078125 0.8203125
1 0.978515625 0.107421875 0.04296875 0.06640625
1 0.9296875 0.1005859375 0.05859375 0.06640625
0 0.9501953125 0.05078125 0.09765625 0.05859375
1 0.8701171875 0.0908203125 0.0625 0.068359375
0 0.7802734375 0.03125 0.111328125 0.05859375
1 0.8076171875 0.08203125 0.05859375 0.060546875
1 0.751953125 0.0751953125 0.0546875 0.052734375
1 0.69921875 0.068359375 0.0546875 0.056640625
1 0.6396484375 0.064453125 0.05859375 0.0546875
1 0.5888671875 0.0576171875 0.0546875 0.0546875
0 0.6220703125 0.0205078125 0.095703125 0.041015625
1 0.53515625 0.0498046875 0.05078125 0.05859375
0 0.4697265625 0.0146484375 0.09765625 0.029296875
1 0.4814453125 0.0439453125 0.052734375 0.048828125
1 0.4326171875 0.037109375 0.044921875 0.048828125
1 0.384765625 0.0322265625 0.05078125 0.05078125
1 0.3310546875 0.0244140625 0.0546875 0.048828125
1 0.2841796875 0.0263671875 0.04296875 0.052734375
1 0.240234375 0.021484375 0.046875 0.04296875
1 0.1923828125 0.0185546875 0.046875 0.037109375
1 0.14453125 0.013671875 0.046875 0.02734375
1 0.09765625 0.0087890625 0.046875 0.017578125
1 0.0908203125 0.416015625 0.181640625 0.19921875
1 0.1923828125 0.4736328125 0.1015625 0.140625
1 0.2392578125 0.5126953125 0.109375 0.140625
1 0.2646484375 0.572265625 0.12109375 0.138671875
1 0.28125 0.6533203125 0.134765625 0.12890625
1 0.34375 0.794921875 0.3203125 0.37890625
1 0.03125 0.9677734375 0.03515625 0.060546875
1 0.072265625 0.9716796875 0.03515625 0.056640625
1 0.1171875 0.9833984375 0.037109375 0.03125
1 0.0859375 0.9052734375 0.04296875 0.083984375
1 0.15234375 0.9443359375 0.0625 0.1015625
1 0.6416015625 0.818359375 0.27734375 0.36328125
1 0.9462890625 0.8173828125 0.10546875 0.1796875
1 0.8349609375 0.8466796875 0.130859375 0.158203125