3 0.6162109375 0.7548828125 0.5859375 0.3046875
4 0.720703125 0.0498046875 0.546875 0.099609375
1 0.84765625 0.2001953125 0.30078125 0.13671875
1 0.6181640625 0.205078125 0.1796875 0.205078125
1 0.38671875 0.037109375 0.10546875 0.07421875
1 0.4072265625 0.125 0.166015625 0.126953125
1 0.4248046875 0.259765625 0.1796875 0.12109375
1 0.9873046875 0.33203125 0.025390625 0.072265625
1 0.95703125 0.3740234375 0.0859375 0.08984375
1 0.921875 0.396484375 0.11328125 0.09765625
1 0.8486328125 0.3994140625 0.09375 0.08984375
1 0.765625 0.4228515625 0.103515625 0.0859375
1 0.724609375 0.4580078125 0.1328125 0.1015625
1 0.6318359375 0.4619140625 0.130859375 0.1015625
1 0.55078125 0.4619140625 0.126953125 0.078125
1 0.466796875 0.4716796875 0.078125 0.08984375
1 0.4091796875 0.51171875 0.109375 0.0859375
1 0.99609375 0.2333984375 0.0078125 0.033203125
1 0.9853515625 0.263671875 0.02734375 0.02734375
1 0.966796875 0.2958984375 0.04296875 0.03515625
1 0.9384765625 0.30859375 0.0390625 0.03125
1 0.9072265625 0.3212890625 0.0390625 0.02734375
1 0.8603515625 0.3310546875 0.0390625 0.03125
1 0.8271484375 0.3291015625 0.03515625 0.029296875
1 0.7890625 0.3193359375 0.0390625 0.029296875
1 0.73828125 0.3212890625 0.03515625 0.015625
1 0.736328125 0.3486328125 0.046875 0.03125
1 0.7060546875 0.380859375 0.0546875 0.02734375
1 0.666015625 0.3876953125 0.052734375 0.0390625
1 0.619140625 0.388671875 0.0546875 0.03515625
1 0.5693359375 0.38671875 0.05859375 0.0390625
1 0.5185546875 0.3896484375 0.0625 0.03515625
1 0.4775390625 0.40234375 0.0703125 0.02734375
1 0.431640625 0.4189453125 0.0625 0.03515625
1 0.12109375 0.041015625 0.01953125 0.03515625
1 0.099609375 0.0390625 0.015625 0.03515625
1 0.12109375 0.09765625 0.01953125 0.02734375
1 0.103515625 0.0947265625 0.015625 0.02734375
1 0.123046875 0.1513671875 0.017578125 0.02734375
1 0.10546875 0.15234375 0.01953125 0.025390625
1 0.1240234375 0.208984375 0.017578125 0.037109375
1 0.107421875 0.20703125 0.017578125 0.03515625
1 0.12109375 0.2646484375 0.01953125 0.03125
1 0.10546875 0.265625 0.015625 0.03125
1 0.1201171875 0.3193359375 0.01953125 0.033203125
1 0.1064453125 0.3193359375 0.015625 0.03125
1 0.12109375 0.3798828125 0.017578125 0.037109375
1 0.1083984375 0.3798828125 0.02734375 0.03515625
1 0.125 0.431640625 0.01953125 0.03125
1 0.10546875 0.4296875 0.01953125 0.03125
1 0.12109375 0.4931640625 0.015625 0.03125
1 0.1064453125 0.4931640625 0.01953125 0.0234375
1 0.123046875 0.54296875 0.0234375 0.029296875
1 0.1044921875 0.544921875 0.017578125 0.02734375
1 0.1220703125 0.60546875 0.01953125 0.03125
1 0.1015625 0.607421875 0.01953125 0.037109375
1 0.1201171875 0.65625 0.01953125 0.03125
1 0.103515625 0.658203125 0.015625 0.02734375
1 0.119140625 0.7177734375 0.0234375 0.03125
1 0.103515625 0.720703125 0.021484375 0.037109375
0 0.11328125 0.6875 0.03515625 0.03125
0 0.111328125 0.630859375 0.03125 0.03125
0 0.1123046875 0.57421875 0.0390625 0.029296875
0 0.1123046875 0.5185546875 0.037109375 0.02734375
0 0.1142578125 0.4619140625 0.0390625 0.02734375
0 0.1162109375 0.40625 0.037109375 0.029296875
0 0.1142578125 0.349609375 0.03515625 0.03125
0 0.115234375 0.29296875 0.033203125 0.03515625
0 0.1142578125 0.236328125 0.0390625 0.029296875
0 0.1123046875 0.177734375 0.0390625 0.03125
0 0.1142578125 0.12109375 0.03515625 0.03515625
0 0.115234375 0.0693359375 0.03515625 0.0390625
0 0.1123046875 0.01171875 0.03515625 0.0234375
1 0.259765625 0.01953125 0.09765625 0.0390625
1 0.259765625 0.068359375 0.087890625 0.06640625
1 0.2587890625 0.1328125 0.08984375 0.064453125
1 0.259765625 0.1962890625 0.09375 0.06640625
1 0.26171875 0.26171875 0.095703125 0.0625
1 0.2626953125 0.3232421875 0.09765625 0.0625
1 0.26171875 0.3876953125 0.1015625 0.0625
1 0.26171875 0.4501953125 0.09765625 0.06640625
1 0.2626953125 0.513671875 0.10546875 0.06640625
1 0.2626953125 0.5791015625 0.1015625 0.06640625
1 0.259765625 0.6435546875 0.1015625 0.06640625
1 0.2578125 0.70703125 0.1015625 0.064453125
1 0.04296875 0.0517578125 0.0859375 0.103515625
1 0.04296875 0.14453125 0.0859375 0.14453125
1 0.0439453125 0.2607421875 0.087890625 0.13671875
1 0.0439453125 0.365234375 0.087890625 0.123046875
1 0.0439453125 0.490234375 0.087890625 0.134765625
1 0.04296875 0.5986328125 0.0859375 0.123046875
1 0.041015625 0.701171875 0.08203125 0.103515625
1 0.0302734375 0.9853515625 0.060546875 0.025390625
1 0.033203125 0.939453125 0.06640625 0.06640625
1 0.033203125 0.8818359375 0.06640625 0.056640625
1 0.037109375 0.8330078125 0.0703125 0.052734375
1 0.0439453125 0.78515625 0.076171875 0.05078125