2 0.9033203125 0.53125 0.19140625 0.1640625
2 0.4462890625 0.0126953125 0.05078125 0.0234375
2 0.474609375 0.0283203125 0.05078125 0.0546875
2 0.5009765625 0.0625 0.05078125 0.05859375
2 0.5302734375 0.1005859375 0.052734375 0.06640625
2 0.5546875 0.1279296875 0.046875 0.0546875
2 0.583984375 0.1591796875 0.05078125 0.056640625
2 0.607421875 0.1943359375 0.05078125 0.0546875
2 0.6328125 0.2236328125 0.05078125 0.05859375
2 0.6591796875 0.25390625 0.046875 0.05078125
2 0.68359375 0.28515625 0.05078125 0.05078125
2 0.708984375 0.314453125 0.046875 0.05859375
2 0.734375 0.33984375 0.046875 0.0546875
2 0.755859375 0.3759765625 0.046875 0.0546875
2 0.7802734375 0.400390625 0.046875 0.05078125
2 0.8046875 0.4267578125 0.04296875 0.046875
2 0.83203125 0.453125 0.04296875 0.0546875
2 0.853515625 0.478515625 0.044921875 0.048828125
2 0.85546875 0.6064453125 0.05078125 0.05078125
2 0.83203125 0.62890625 0.05078125 0.05078125
2 0.810546875 0.6552734375 0.046875 0.048828125
2 0.7890625 0.6826171875 0.052734375 0.06640625
2 0.759765625 0.7099609375 0.046875 0.048828125
2 0.7353515625 0.7373046875 0.05078125 0.048828125
2 0.708984375 0.767578125 0.046875 0.056640625
2 0.6826171875 0.7939453125 0.05078125 0.05859375
2 0.66015625 0.822265625 0.0546875 0.0546875
2 0.626953125 0.8515625 0.046875 0.060546875
2 0.599609375 0.880859375 0.0546875 0.046875
2 0.5751953125 0.9150390625 0.052734375 0.05859375
2 0.546875 0.9423828125 0.056640625 0.0546875
2 0.5224609375 0.9697265625 0.048828125 0.060546875
2 0.4931640625 0.9892578125 0.046875 0.021484375
1 0.423828125 0.986328125 0.03125 0.02734375
1 0.4375 0.9775390625 0.03125 0.044921875
1 0.4521484375 0.970703125 0.03515625 0.05859375
1 0.4658203125 0.9580078125 0.03125 0.060546875
1 0.4794921875 0.939453125 0.033203125 0.0625
1 0.4951171875 0.9208984375 0.0390625 0.0625
1 0.5068359375 0.9091796875 0.03515625 0.06640625
1 0.5234375 0.8896484375 0.03515625 0.060546875
1 0.5361328125 0.876953125 0.033203125 0.06640625
1 0.5517578125 0.861328125 0.03125 0.06640625
1 0.5625 0.8466796875 0.03515625 0.0625
1 0.5771484375 0.8310546875 0.03125 0.07421875
1 0.5927734375 0.8125 0.033203125 0.0703125
1 0.60546875 0.8017578125 0.03125 0.07421875
1 0.6220703125 0.7802734375 0.033203125 0.064453125
1 0.634765625 0.7705078125 0.03125 0.068359375
1 0.6455078125 0.7607421875 0.033203125 0.0703125
1 0.6611328125 0.7392578125 0.03515625 0.07421875
1 0.673828125 0.7275390625 0.02734375 0.06640625
1 0.685546875 0.712890625 0.03125 0.06640625
1 0.69921875 0.7021484375 0.03125 0.068359375
1 0.7099609375 0.6904296875 0.033203125 0.072265625
1 0.7275390625 0.6767578125 0.029296875 0.07421875
1 0.73828125 0.6611328125 0.03515625 0.06640625
1 0.7529296875 0.6474609375 0.03125 0.07421875
1 0.76171875 0.634765625 0.02734375 0.06640625
1 0.7763671875 0.6201171875 0.02734375 0.0625
1 0.787109375 0.6064453125 0.025390625 0.0703125
1 0.7998046875 0.5927734375 0.02734375 0.068359375
1 0.810546875 0.580078125 0.02734375 0.05859375
1 0.818359375 0.5078125 0.03515625 0.056640625
1 0.806640625 0.4951171875 0.02734375 0.060546875
1 0.796875 0.4873046875 0.0234375 0.068359375
1 0.787109375 0.4697265625 0.03125 0.07421875
1 0.7724609375 0.455078125 0.025390625 0.06640625
1 0.7626953125 0.4482421875 0.02734375 0.07421875
1 0.7470703125 0.4345703125 0.0234375 0.076171875
1 0.736328125 0.4189453125 0.0234375 0.0703125
1 0.72265625 0.40234375 0.0234375 0.07421875
1 0.712890625 0.3876953125 0.03125 0.07421875
1 0.697265625 0.3779296875 0.0234375 0.068359375
1 0.6845703125 0.3603515625 0.02734375 0.06640625
1 0.6748046875 0.34765625 0.02734375 0.06640625
1 0.662109375 0.3310546875 0.02734375 0.06640625
1 0.6484375 0.3125 0.0234375 0.078125
1 0.6357421875 0.296875 0.0234375 0.06640625
1 0.62109375 0.28515625 0.02734375 0.05859375
1 0.6103515625 0.2744140625 0.02734375 0.07421875
1 0.5947265625 0.2587890625 0.03125 0.078125
1 0.5693359375 0.228515625 0.0234375 0.083984375
1 0.5556640625 0.2099609375 0.02734375 0.078125
1 0.541015625 0.1953125 0.0234375 0.06640625
1 0.525390625 0.181640625 0.0234375 0.0703125
1 0.517578125 0.1630859375 0.02734375 0.0625
1 0.501953125 0.150390625 0.02734375 0.07421875
1 0.4873046875 0.130859375 0.029296875 0.07421875
1 0.4736328125 0.119140625 0.025390625 0.07421875
1 0.4609375 0.0966796875 0.02734375 0.0703125
1 0.4462890625 0.0791015625 0.029296875 0.078125
1 0.431640625 0.064453125 0.029296875 0.08203125
1 0.4169921875 0.048828125 0.025390625 0.07421875
1 0.40234375 0.0322265625 0.029296875 0.0625
1 0.3857421875 0.0234375 0.033203125 0.046875
1 0.3720703125 0.013671875 0.03125 0.02734375
1 0.3525390625 0.0048828125 0.037109375 0.009765625
1 0.228515625 0.0146484375 0.0390625 0.029296875
1 0.2578125 0.033203125 0.04296875 0.056640625
1 0.283203125 0.0654296875 0.0390625 0.0625
1 0.30859375 0.09765625 0.0390625 0.0703125
1 0.3349609375 0.1298828125 0.044921875 0.0625
1 0.365234375 0.162109375 0.044921875 0.06640625
1 0.388671875 0.19140625 0.048828125 0.05859375
1 0.416015625 0.2265625 0.048828125 0.05078125
1 0.4375 0.24609375 0.0390625 0.060546875
1 0.4638671875 0.2822265625 0.04296875 0.0703125
1 0.490234375 0.30078125 0.046875 0.046875
1 0.5126953125 0.337890625 0.041015625 0.0625
1 0.5341796875 0.369140625 0.04296875 0.06640625
1 0.5595703125 0.3916015625 0.0390625 0.0546875
1 0.587890625 0.412109375 0.03515625 0.0625
1 0.6083984375 0.44140625 0.0390625 0.056640625
1 0.6318359375 0.462890625 0.044921875 0.056640625
1 0.6474609375 0.4912109375 0.0390625 0.05859375
1 0.669921875 0.513671875 0.0390625 0.056640625
1 0.6962890625 0.5537109375 0.05078125 0.064453125
1 0.6689453125 0.578125 0.03125 0.04296875
1 0.65234375 0.603515625 0.033203125 0.046875
1 0.6259765625 0.6279296875 0.037109375 0.05078125
1 0.6044921875 0.6474609375 0.037109375 0.05078125
1 0.5849609375 0.671875 0.0390625 0.0546875
1 0.5595703125 0.69921875 0.03125 0.05078125
1 0.53515625 0.724609375 0.037109375 0.05078125
1 0.513671875 0.74609375 0.03515625 0.05859375
1 0.4814453125 0.7734375 0.0390625 0.06640625
1 0.4609375 0.802734375 0.0390625 0.056640625
1 0.435546875 0.8291015625 0.04296875 0.05859375
1 0.4091796875 0.8564453125 0.0390625 0.05859375
1 0.3837890625 0.8876953125 0.0390625 0.05859375
1 0.3583984375 0.9150390625 0.037109375 0.06640625
1 0.3330078125 0.943359375 0.041015625 0.068359375
1 0.3046875 0.9638671875 0.03515625 0.0703125
1 0.28125 0.982421875 0.0390625 0.03515625
1 0.16796875 0.9931640625 0.03125 0.013671875
1 0.1728515625 0.8310546875 0.0390625 0.064453125
1 0.2373046875 0.9580078125 0.03515625 0.06640625
0 0.2880859375 0.87890625 0.0625 0.095703125
1 0.228515625 0.837890625 0.033203125 0.087890625
1 0.185546875 0.7431640625 0.03515625 0.087890625
1 0.21875 0.7001953125 0.03515625 0.05078125
1 0.20703125 0.63671875 0.03125 0.0625
1 0.1962890625 0.5693359375 0.0625 0.068359375
1 0.3173828125 0.791015625 0.05859375 0.0625
1 0.3427734375 0.84765625 0.04296875 0.046875
1 0.3251953125 0.7236328125 0.03125 0.0625
1 0.3349609375 0.625 0.03125 0.072265625
0 0.4130859375 0.6806640625 0.037109375 0.052734375
1 0.376953125 0.7431640625 0.03125 0.0625
1 0.5908203125 0.580078125 0.03515625 0.03125
1 0.5908203125 0.5205078125 0.03125 0.03515625
1 0.5615234375 0.6259765625 0.046875 0.048828125
1 0.4599609375 0.66796875 0.03515625 0.052734375
1 0.4814453125 0.7119140625 0.03515625 0.05078125
1 0.443359375 0.7392578125 0.05078125 0.05859375
1 0.412109375 0.7998046875 0.05078125 0.04296875
1 0.5615234375 0.474609375 0.05078125 0.048828125
0 0.5322265625 0.4404296875 0.041015625 0.0703125
1 0.490234375 0.37890625 0.04296875 0.046875
1 0.458984375 0.4111328125 0.0390625 0.05859375
1 0.4462890625 0.3408203125 0.0546875 0.078125
1 0.41015625 0.275390625 0.046875 0.068359375
1 0.3408203125 0.216796875 0.0546875 0.048828125
1 0.3740234375 0.3203125 0.03515625 0.072265625
1 0.3271484375 0.287109375 0.0625 0.0546875
1 0.326171875 0.353515625 0.033203125 0.0625
1 0.3427734375 0.4521484375 0.03125 0.07421875
1 0.22265625 0.3671875 0.05078125 0.046875
1 0.212890625 0.4287109375 0.0390625 0.078125
1 0.1875 0.3310546875 0.052734375 0.099609375
1 0.1826171875 0.2216796875 0.04296875 0.08203125
1 0.2412109375 0.23828125 0.0390625 0.091796875
0 0.2919921875 0.1943359375 0.05859375 0.099609375
1 0.236328125 0.109375 0.044921875 0.08984375
1 0.1787109375 0.0341796875 0.046875 0.068359375
1 0.1357421875 0.0302734375 0.03515625 0.0546875
1 0.1337890625 0.0869140625 0.037109375 0.0625
1 0.1357421875 0.150390625 0.02734375 0.06640625
1 0.134765625 0.2099609375 0.03125 0.0546875
1 0.13671875 0.2626953125 0.03125 0.05078125
1 0.1357421875 0.318359375 0.033203125 0.0625
1 0.1337890625 0.3740234375 0.033203125 0.056640625
1 0.1337890625 0.4306640625 0.03515625 0.056640625
1 0.13671875 0.4931640625 0.03125 0.0546875
1 0.1328125 0.548828125 0.03515625 0.0625
1 0.130859375 0.607421875 0.03125 0.052734375
1 0.1328125 0.66796875 0.0390625 0.060546875
1 0.130859375 0.7255859375 0.04296875 0.05859375
1 0.12890625 0.7783203125 0.03515625 0.060546875
1 0.1279296875 0.84375 0.033203125 0.06640625
1 0.1298828125 0.8974609375 0.03515625 0.0546875
1 0.1279296875 0.9541015625 0.03515625 0.056640625
1 0.1279296875 0.990234375 0.037109375 0.01953125
0 0.0625 0.9794921875 0.0234375 0.041015625
0 0.060546875 0.9404296875 0.0234375 0.041015625
0 0.064453125 0.8974609375 0.01953125 0.046875
0 0.0625 0.8564453125 0.01953125 0.046875
0 0.0634765625 0.814453125 0.01953125 0.0390625
0 0.064453125 0.771484375 0.0234375 0.0390625
0 0.06640625 0.7333984375 0.0234375 0.037109375
0 0.064453125 0.689453125 0.01953125 0.04296875
0 0.068359375 0.646484375 0.0234375 0.0390625
0 0.0693359375 0.60546875 0.0234375 0.046875
0 0.068359375 0.5625 0.01953125 0.05078125
0 0.0693359375 0.525390625 0.0234375 0.04296875
0 0.0703125 0.4814453125 0.0234375 0.05078125
0 0.0693359375 0.4365234375 0.0234375 0.037109375
0 0.068359375 0.4013671875 0.0234375 0.0390625
0 0.0693359375 0.3603515625 0.015625 0.04296875
0 0.0703125 0.314453125 0.0234375 0.04296875
0 0.0732421875 0.2763671875 0.01953125 0.04296875
0 0.0712890625 0.23046875 0.0234375 0.044921875
0 0.072265625 0.1875 0.021484375 0.044921875
0 0.0712890625 0.1494140625 0.021484375 0.0390625
0 0.072265625 0.1083984375 0.0234375 0.05078125
0 0.0712890625 0.0673828125 0.01953125 0.04296875
0 0.0732421875 0.02734375 0.021484375 0.04296875
0 0.03515625 0.0078125 0.046875 0.015625
0 0.0390625 0.025390625 0.04296875 0.05078125
0 0.0380859375 0.0556640625 0.044921875 0.052734375
0 0.0380859375 0.0908203125 0.048828125 0.05078125
0 0.0380859375 0.1259765625 0.05078125 0.048828125
0 0.0380859375 0.1552734375 0.046875 0.046875
0 0.03515625 0.1923828125 0.05078125 0.052734375
0 0.0361328125 0.2294921875 0.05078125 0.052734375
0 0.0341796875 0.267578125 0.04296875 0.05078125
0 0.0341796875 0.2998046875 0.046875 0.044921875
0 0.03125 0.3369140625 0.05078125 0.056640625
0 0.033203125 0.37109375 0.046875 0.04296875
0 0.03125 0.404296875 0.046875 0.0546875
0 0.0302734375 0.4423828125 0.046875 0.05859375
0 0.0302734375 0.4765625 0.046875 0.052734375
0 0.0283203125 0.5107421875 0.048828125 0.052734375
0 0.02734375 0.544921875 0.044921875 0.056640625
0 0.02734375 0.580078125 0.046875 0.052734375
0 0.0263671875 0.6142578125 0.05078125 0.052734375
0 0.02734375 0.6494140625 0.046875 0.056640625
0 0.02734375 0.685546875 0.044921875 0.05078125
0 0.0263671875 0.720703125 0.04296875 0.0546875
0 0.0283203125 0.759765625 0.048828125 0.0546875
0 0.0283203125 0.7880859375 0.05078125 0.060546875
0 0.0263671875 0.8251953125 0.046875 0.0546875
0 0.0244140625 0.8583984375 0.048828125 0.0546875
0 0.0263671875 0.8994140625 0.052734375 0.056640625
0 0.0263671875 0.9345703125 0.05078125 0.0546875
0 0.02734375 0.9658203125 0.05078125 0.052734375
0 0.0234375 0.986328125 0.046875 0.02734375