3 0.72265625 0.380859375 0.2841796875 0.544921875
4 0.0556640625 0.2822265625 0.111328125 0.509765625
1 0.205078125 0.1650390625 0.1279296875 0.279296875
1 0.2099609375 0.37890625 0.19140625 0.16796875
1 0.044921875 0.5947265625 0.0869140625 0.099609375
1 0.1357421875 0.5751953125 0.1181640625 0.1552734375
1 0.26171875 0.5595703125 0.11328125 0.1669921875
1 0.328125 0.0234375 0.0673828125 0.046875
1 0.3681640625 0.0517578125 0.083984375 0.103515625
1 0.388671875 0.095703125 0.08984375 0.1064453125
1 0.3916015625 0.1640625 0.0849609375 0.0869140625
1 0.4130859375 0.2412109375 0.0810546875 0.095703125
1 0.4453125 0.279296875 0.09375 0.123046875
1 0.4501953125 0.3662109375 0.095703125 0.12109375
1 0.4501953125 0.4423828125 0.072265625 0.1181640625
1 0.458984375 0.51953125 0.0830078125 0.07421875
1 0.49609375 0.57421875 0.0810546875 0.1015625
1 0.236328125 0.015625 0.0302734375 0.03125
1 0.2646484375 0.0322265625 0.0263671875 0.03515625
1 0.294921875 0.0537109375 0.033203125 0.041015625
1 0.306640625 0.080078125 0.0283203125 0.0361328125
1 0.318359375 0.1103515625 0.0263671875 0.0361328125
1 0.3271484375 0.1533203125 0.0283203125 0.03515625
1 0.326171875 0.1845703125 0.0263671875 0.0322265625
1 0.3173828125 0.2197265625 0.02734375 0.0361328125
1 0.318359375 0.2666015625 0.0146484375 0.0322265625
1 0.34375 0.26953125 0.029296875 0.044921875
1 0.3740234375 0.296875 0.0244140625 0.0498046875
1 0.380859375 0.333984375 0.0361328125 0.048828125
1 0.380859375 0.3779296875 0.0322265625 0.05078125
1 0.37890625 0.4248046875 0.03515625 0.0546875
1 0.3818359375 0.4716796875 0.033203125 0.056640625
1 0.3935546875 0.509765625 0.0263671875 0.064453125
1 0.41015625 0.552734375 0.03125 0.0595703125
1 0.0087890625 0.8515625 0.0166015625 0.03515625
1 0.0576171875 0.841796875 0.03125 0.017578125
1 0.0556640625 0.861328125 0.0322265625 0.0146484375
1 0.109375 0.841796875 0.0244140625 0.017578125
1 0.1064453125 0.8583984375 0.025390625 0.015625
1 0.16015625 0.8408203125 0.025390625 0.0166015625
1 0.16015625 0.857421875 0.0234375 0.017578125
1 0.2138671875 0.83984375 0.03515625 0.0166015625
1 0.2119140625 0.8544921875 0.0341796875 0.0166015625
1 0.265625 0.841796875 0.0283203125 0.017578125
1 0.2666015625 0.8564453125 0.0302734375 0.015625
1 0.3173828125 0.84375 0.0302734375 0.0166015625
1 0.31640625 0.8564453125 0.0302734375 0.015625
1 0.373046875 0.841796875 0.0341796875 0.015625
1 0.373046875 0.8544921875 0.0341796875 0.0263671875
1 0.421875 0.8388671875 0.0302734375 0.01953125
1 0.419921875 0.857421875 0.029296875 0.017578125
1 0.478515625 0.8427734375 0.0302734375 0.013671875
1 0.478515625 0.85546875 0.021484375 0.0185546875
1 0.525390625 0.83984375 0.02734375 0.0205078125
1 0.52734375 0.857421875 0.0244140625 0.0166015625
1 0.583984375 0.8408203125 0.029296875 0.017578125
1 0.5849609375 0.8603515625 0.0341796875 0.017578125
1 0.630859375 0.8427734375 0.029296875 0.01953125
1 0.6328125 0.859375 0.0244140625 0.0146484375
1 0.6875 0.84375 0.0283203125 0.0224609375
1 0.6904296875 0.8583984375 0.0341796875 0.0205078125
0 0.6591796875 0.849609375 0.029296875 0.0322265625
0 0.607421875 0.8515625 0.0302734375 0.0302734375
0 0.5537109375 0.8505859375 0.02734375 0.0361328125
0 0.501953125 0.8505859375 0.0263671875 0.0341796875
0 0.44921875 0.8486328125 0.025390625 0.0361328125
0 0.3974609375 0.8466796875 0.02734375 0.03515625
0 0.3447265625 0.84765625 0.029296875 0.033203125
0 0.2919921875 0.84765625 0.033203125 0.03125
0 0.2392578125 0.8486328125 0.02734375 0.0361328125
0 0.1845703125 0.8505859375 0.029296875 0.03515625
0 0.1318359375 0.8486328125 0.0341796875 0.0341796875
0 0.0830078125 0.84765625 0.03515625 0.0341796875
0 0.0283203125 0.8505859375 0.0234375 0.0341796875
1 0.0283203125 0.7138671875 0.0537109375 0.0908203125
1 0.0830078125 0.712890625 0.0625 0.08203125
1 0.142578125 0.7138671875 0.060546875 0.083984375
1 0.2021484375 0.712890625 0.0625 0.087890625
1 0.2626953125 0.7109375 0.0576171875 0.0888671875
1 0.3203125 0.7099609375 0.05859375 0.08984375
1 0.3798828125 0.7109375 0.0595703125 0.0947265625
1 0.4384765625 0.7109375 0.0625 0.0908203125
1 0.498046875 0.7109375 0.0625 0.09765625
1 0.55859375 0.7099609375 0.0615234375 0.09375
1 0.6181640625 0.712890625 0.0625 0.0947265625
1 0.677734375 0.7138671875 0.060546875 0.095703125
1 0.0576171875 0.9189453125 0.115234375 0.0888671875
1 0.1533203125 0.916015625 0.1337890625 0.0810546875
1 0.2626953125 0.916015625 0.12890625 0.0859375
1 0.3603515625 0.91796875 0.1142578125 0.087890625
1 0.4755859375 0.9208984375 0.1259765625 0.09375
1 0.5771484375 0.9228515625 0.1142578125 0.095703125
1 0.6728515625 0.9248046875 0.095703125 0.0908203125
1 0.9541015625 0.9375 0.0546875 0.076171875
1 0.89453125 0.931640625 0.0615234375 0.07421875
1 0.8408203125 0.92578125 0.052734375 0.064453125
1 0.7958984375 0.919921875 0.048828125 0.0654296875
1 0.75 0.9140625 0.0478515625 0.0703125