4 0.513671875 0.6025390625 0.4375 0.513671875
1 0.9697265625 0.4208984375 0.05859375 0.0546875
1 0.921875 0.4111328125 0.05859375 0.046875
1 0.8642578125 0.3984375 0.0625 0.05078125
1 0.8115234375 0.384765625 0.078125 0.0546875
1 0.7685546875 0.3701171875 0.0625 0.05078125
1 0.712890625 0.3603515625 0.05859375 0.048828125
1 0.66015625 0.345703125 0.0703125 0.048828125
1 0.607421875 0.333984375 0.06640625 0.05078125
1 0.5517578125 0.3232421875 0.072265625 0.05078125
1 0.4970703125 0.310546875 0.0703125 0.05078125
1 0.4384765625 0.296875 0.06640625 0.048828125
1 0.3818359375 0.2822265625 0.05859375 0.0546875
1 0.3291015625 0.271484375 0.05859375 0.05078125
1 0.2666015625 0.255859375 0.078125 0.046875
1 0.2041015625 0.240234375 0.080078125 0.05859375
1 0.1494140625 0.228515625 0.07421875 0.0546875
1 0.0888671875 0.21484375 0.064453125 0.046875
1 0.048828125 0.1826171875 0.001953125 0.009765625
1 0.02734375 0.201171875 0.0546875 0.0546875
4 0.3427734375 0.1787109375 0.138671875 0.11328125
4 0.5888671875 0.232421875 0.13671875 0.08984375
4 0.4736328125 0.1025390625 0.150390625 0.09765625