4 0.548828125 0.6123046875 0.099609375 0.19921875
4 0.0654296875 0.861328125 0.05859375 0.150390625
3 0.0693359375 0.68359375 0.046875 0.1328125
3 0.236328125 0.8134765625 0.09765625 0.1328125
3 0.859375 0.7470703125 0.130859375 0.15625
2 0.2744140625 0.6220703125 0.056640625 0.18359375
2 0.33984375 0.484375 0.07421875 0.236328125
2 0.421875 0.3330078125 0.08203125 0.21484375
2 0.5048828125 0.2421875 0.08203125 0.173828125
2 0.6025390625 0.1552734375 0.1171875 0.146484375
2 0.705078125 0.1796875 0.0703125 0.14453125
2 0.7890625 0.255859375 0.07421875 0.2265625
2 0.861328125 0.384765625 0.06640625 0.25390625
2 0.90234375 0.5302734375 0.09765625 0.23828125
2 0.9453125 0.6904296875 0.07421875 0.2265625
1 0.61328125 0.37890625 0.04296875 0.09375
1 0.6494140625 0.4384765625 0.044921875 0.12109375
1 0.66796875 0.4921875 0.04296875 0.1015625
1 0.677734375 0.5458984375 0.05078125 0.0703125
1 0.673828125 0.6015625 0.029296875 0.07421875
1 0.578125 0.373046875 0.02734375 0.09375
1 0.5361328125 0.40234375 0.05078125 0.095703125
1 0.4970703125 0.45703125 0.046875 0.099609375
1 0.4677734375 0.533203125 0.0390625 0.091796875
1 0.447265625 0.599609375 0.02734375 0.052734375
1 0.44140625 0.640625 0.01953125 0.056640625