2 0 0 0 0.045337921875 0.00956937890625 0.04308510546875 0.02950558203125 0.035638298828125 0.070334927734375 0.028191490234375 0.083732056640625 0.028191490234375 0.10606060546875 0.03297872265625 0.1355661875 0.0494680859375 0.146730462890625 0.05 0.157894736328125 0.0446808515625 0.181818181640625 0.041489361328125 0.190590111328125 0.03297872265625 0.20127591796875 0.0303191484375 0.237639552734375 0.031382978515625 0.24322169140625 0.029787234375 0.255980861328125 0.01808510546875 0.28708133984375 0.00957446875 0.295055822265625 0.00265957421875 0.291903119140625 0 0 0
2 0.2265625 0.9560546875 0.41796875 0.087890625
2 0.2119140625 0.80078125 0.38671875 0.232421875
2 0.1884765625 0.5634765625 0.376953125 0.248046875
2 0.1650390625 0.341796875 0.330078125 0.21484375
2 0.1376953125 0.13671875 0.275390625 0.20703125
1 0.443359375 0.06640625 0.2578125 0.1328125
1 0.4658203125 0.1943359375 0.265625 0.130859375
1 0.482421875 0.3125 0.2578125 0.1015625
1 0.50390625 0.41796875 0.2734375 0.1015625
1 0.517578125 0.5263671875 0.259765625 0.11328125
1 0.546875 0.650390625 0.287109375 0.140625
1 0.5634765625 0.7783203125 0.28515625 0.1171875
1 0.5830078125 0.9169921875 0.263671875 0.1484375