1 0.0771484375 0.2392578125 0.154296875 0.123046875
1 0.162109375 0.189453125 0.173828125 0.154296875
1 0.2255859375 0.1220703125 0.16015625 0.10546875
1 0.267578125 0.0478515625 0.154296875 0.095703125
1 0.546875 0.630859375 0.078125 0.060546875
1 0.623046875 0.63671875 0.115234375 0.072265625
1 0.6318359375 0.5771484375 0.09375 0.044921875
1 0.6259765625 0.4853515625 0.09765625 0.1015625
1 0.609375 0.3896484375 0.11328125 0.099609375
1 0.5927734375 0.2021484375 0.115234375 0.08203125
1 0.4208984375 0.0556640625 0.095703125 0.078125
1 0.32421875 0.201171875 0.0859375 0.078125
1 0.0673828125 0.3583984375 0.134765625 0.05078125
1 0.1044921875 0.4501953125 0.09765625 0.099609375
1 0.12109375 0.5927734375 0.16015625 0.06640625
1 0.201171875 0.54296875 0.12109375 0.05859375
1 0.2939453125 0.5029296875 0.13671875 0.09375
1 0.2841796875 0.384765625 0.12109375 0.0703125
1 0.3125 0.3486328125 0.125 0.07421875
1 0.541015625 0.3232421875 0.091796875 0.07421875
1 0.0966796875 0.802734375 0.15234375 0.2265625
1 0.373046875 0.8193359375 0.17578125 0.20703125
1 0.6201171875 0.833984375 0.12890625 0.17578125
1 0.83203125 0.662109375 0.212890625 0.09765625
1 0.8212890625 0.4912109375 0.234375 0.109375
1 0.80859375 0.3115234375 0.201171875 0.103515625
1 0.791015625 0.1611328125 0.19921875 0.07421875
2 0.7890625 0.0205078125 0.2109375 0.041015625
2 0.796875 0.0751953125 0.22265625 0.078125
2 0.7998046875 0.234375 0.208984375 0.091796875
2 0.818359375 0.4013671875 0.201171875 0.08984375
2 0.8271484375 0.5771484375 0.22265625 0.09765625
2 0.853515625 0.7529296875 0.203125 0.083984375
2 0.8486328125 0.833984375 0.15234375 0.080078125
2 0.7470703125 0.8544921875 0.1484375 0.16796875
2 0.5146484375 0.8330078125 0.15625 0.197265625
2 0.21484375 0.8251953125 0.16796875 0.23046875