4 0.24609375 0.587890625 0.19140625 0.82421875
4 0.6484375 0.728515625 0.1181640625 0.5419921875
4 0.908203125 0.82421875 0.09765625 0.3515625
1 0.0302734375 0.015625 0.03125 0.03125
1 0.052734375 0.0224609375 0.0263671875 0.044921875
1 0.0751953125 0.03515625 0.0224609375 0.0546875
1 0.0947265625 0.046875 0.025390625 0.05859375
1 0.1162109375 0.0615234375 0.0244140625 0.0537109375
1 0.140625 0.080078125 0.0224609375 0.0537109375
1 0.1611328125 0.0927734375 0.0234375 0.05078125
1 0.1787109375 0.1064453125 0.021484375 0.0498046875
1 0.197265625 0.1220703125 0.0205078125 0.044921875
1 0.21484375 0.1318359375 0.025390625 0.0556640625
1 0.232421875 0.1533203125 0.01953125 0.05078125
1 0.2490234375 0.1611328125 0.0166015625 0.0439453125
1 0.267578125 0.1748046875 0.0205078125 0.0478515625
1 0.283203125 0.185546875 0.01953125 0.044921875
1 0.30078125 0.1982421875 0.01953125 0.0498046875
1 0.3134765625 0.208984375 0.021484375 0.0439453125
1 0.328125 0.2197265625 0.0205078125 0.0439453125
1 0.34375 0.23046875 0.017578125 0.044921875
1 0.3564453125 0.2421875 0.0166015625 0.0400390625
1 0.3701171875 0.2509765625 0.0166015625 0.0439453125
1 0.384765625 0.2626953125 0.0205078125 0.0458984375
1 0.400390625 0.275390625 0.017578125 0.044921875
1 0.4140625 0.283203125 0.0166015625 0.04296875
1 0.423828125 0.29296875 0.0146484375 0.04296875
1 0.4365234375 0.3037109375 0.0166015625 0.0439453125
1 0.4482421875 0.3115234375 0.0146484375 0.0419921875
1 0.4609375 0.3212890625 0.0166015625 0.0380859375
1 0.4736328125 0.328125 0.015625 0.0380859375
1 0.4853515625 0.3369140625 0.0166015625 0.0390625
1 0.4970703125 0.3447265625 0.0146484375 0.0380859375
1 0.5087890625 0.35546875 0.015625 0.0400390625
1 0.517578125 0.3623046875 0.013671875 0.0380859375
1 0.5283203125 0.369140625 0.0126953125 0.03515625
1 0.5380859375 0.37890625 0.013671875 0.0361328125
1 0.5458984375 0.384765625 0.013671875 0.0341796875
1 0.5556640625 0.3916015625 0.013671875 0.0341796875
1 0.5673828125 0.3984375 0.0126953125 0.0341796875
1 0.5771484375 0.4072265625 0.01171875 0.0361328125
1 0.5869140625 0.4130859375 0.0126953125 0.0341796875
1 0.59375 0.4208984375 0.0126953125 0.0341796875
1 0.6005859375 0.4248046875 0.01171875 0.03515625
1 0.6103515625 0.43359375 0.0126953125 0.03515625
1 0.6279296875 0.4404296875 0.0126953125 0.03515625
1 0.638671875 0.44921875 0.0107421875 0.029296875
1 0.6474609375 0.4560546875 0.0126953125 0.0302734375
1 0.6552734375 0.4609375 0.0087890625 0.02734375
1 0.6611328125 0.466796875 0.01171875 0.03125
1 0.6689453125 0.4736328125 0.0126953125 0.03515625
1 0.6767578125 0.4775390625 0.0107421875 0.0361328125
1 0.689453125 0.4853515625 0.0126953125 0.037109375
1 0.6982421875 0.4912109375 0.013671875 0.033203125
1 0.7080078125 0.4970703125 0.01171875 0.03515625
0 0.1640625 0.0283203125 0.041015625 0.056640625
1 0.1376953125 0.0224609375 0.0302734375 0.0439453125
1 0.205078125 0.0185546875 0.0419921875 0.037109375
1 0.2041015625 0.0595703125 0.044921875 0.060546875
0 0.2353515625 0.064453125 0.0400390625 0.1015625
1 0.2666015625 0.0634765625 0.0478515625 0.0615234375
1 0.271484375 0.12109375 0.0478515625 0.064453125
0 0.2998046875 0.1171875 0.0400390625 0.09765625
1 0.3291015625 0.11328125 0.0439453125 0.064453125
1 0.3330078125 0.1640625 0.0390625 0.0595703125
0 0.359375 0.1640625 0.0380859375 0.09765625
1 0.38671875 0.162109375 0.0419921875 0.060546875
1 0.390625 0.212890625 0.0390625 0.05859375
0 0.4140625 0.20703125 0.0341796875 0.087890625
1 0.4404296875 0.203125 0.0390625 0.0615234375
1 0.4423828125 0.2529296875 0.037109375 0.052734375
0 0.46484375 0.25 0.029296875 0.0869140625
1 0.4873046875 0.24609375 0.0302734375 0.048828125
1 0.4912109375 0.2939453125 0.033203125 0.0546875
0 0.5087890625 0.28515625 0.0341796875 0.0791015625
1 0.53125 0.2802734375 0.0322265625 0.0498046875
1 0.533203125 0.322265625 0.02734375 0.0478515625
0 0.55078125 0.3193359375 0.0244140625 0.076171875
1 0.5693359375 0.314453125 0.0263671875 0.046875
1 0.572265625 0.359375 0.0283203125 0.0458984375
0 0.587890625 0.3505859375 0.0234375 0.0751953125
1 0.60546875 0.34375 0.0234375 0.037109375
1 0.607421875 0.384765625 0.021484375 0.0400390625
0 0.6220703125 0.37890625 0.0224609375 0.0673828125
1 0.638671875 0.3720703125 0.0234375 0.041015625
1 0.6416015625 0.4111328125 0.0263671875 0.0419921875
0 0.65625 0.404296875 0.0244140625 0.064453125
1 0.6728515625 0.3974609375 0.0244140625 0.041015625
1 0.673828125 0.43359375 0.0224609375 0.0361328125
0 0.6865234375 0.427734375 0.0185546875 0.064453125
1 0.3310546875 0.97265625 0.01953125 0.041015625
1 0.3486328125 0.9736328125 0.0185546875 0.041015625
1 0.36328125 0.9765625 0.0146484375 0.0380859375
1 0.380859375 0.9794921875 0.0185546875 0.0380859375
1 0.3974609375 0.9814453125 0.013671875 0.037109375
1 0.41015625 0.9814453125 0.0146484375 0.03515625
1 0.421875 0.982421875 0.015625 0.03515625
1 0.435546875 0.9833984375 0.015625 0.033203125
1 0.451171875 0.9853515625 0.013671875 0.029296875
1 0.462890625 0.984375 0.0107421875 0.0302734375
1 0.474609375 0.9853515625 0.0107421875 0.0283203125
1 0.4853515625 0.9853515625 0.013671875 0.029296875