0 0.296875 0.07421875 0.09375 0.099609375
0 0.2900390625 0.2353515625 0.083984375 0.15234375
0 0.294921875 0.3857421875 0.06640625 0.091796875
0 0.95703125 0.0556640625 0.0859375 0.08203125
0 0.9599609375 0.20703125 0.080078125 0.1640625
0 0.9619140625 0.37109375 0.07421875 0.095703125
0 0.9775390625 0.4794921875 0.04296875 0.0859375
0 0.814453125 0.4814453125 0.056640625 0.08984375
0 0.6572265625 0.490234375 0.05078125 0.07421875
0 0.4853515625 0.482421875 0.056640625 0.08984375
0 0.3271484375 0.482421875 0.05078125 0.083984375
0 0.16796875 0.48828125 0.05078125 0.080078125
0 0.01171875 0.484375 0.0234375 0.08984375
0 0.3056640625 0.978515625 0.091796875 0.04296875
0 0.697265625 0.9833984375 0.0859375 0.033203125
0 0.1064453125 0.9921875 0.08984375 0.015625
1 0.7978515625 0.9736328125 0.126953125 0.052734375
1 0.5927734375 0.9716796875 0.126953125 0.056640625
1 0.95703125 0.9736328125 0.0859375 0.052734375
1 0.2021484375 0.9736328125 0.130859375 0.052734375
1 0.4091796875 0.9716796875 0.1171875 0.056640625
1 0.0419921875 0.9775390625 0.083984375 0.04296875
1 0.9013671875 0.4794921875 0.125 0.078125
1 0.734375 0.4775390625 0.12109375 0.0859375
1 0.5771484375 0.4794921875 0.119140625 0.0859375
1 0.4111328125 0.484375 0.125 0.078125
1 0.2470703125 0.48046875 0.125 0.080078125
1 0.0771484375 0.482421875 0.130859375 0.083984375
1 0.041015625 0.6494140625 0.08203125 0.162109375
1 0.2109375 0.6533203125 0.1484375 0.154296875
1 0.4111328125 0.66015625 0.15234375 0.173828125
1 0.5966796875 0.662109375 0.15234375 0.173828125
1 0.798828125 0.662109375 0.15625 0.181640625
1 0.9609375 0.662109375 0.078125 0.16796875
1 0.966796875 0.8544921875 0.046875 0.08984375
1 0.8818359375 0.8486328125 0.05078125 0.0859375
1 0.7998046875 0.8466796875 0.046875 0.0859375
1 0.716796875 0.845703125 0.04296875 0.0859375
1 0.63671875 0.8447265625 0.05078125 0.0859375
1 0.5537109375 0.8466796875 0.048828125 0.083984375
1 0.47265625 0.8466796875 0.05078125 0.0859375
1 0.3935546875 0.84375 0.046875 0.08203125
1 0.3154296875 0.845703125 0.05078125 0.08203125
1 0.2353515625 0.841796875 0.046875 0.0859375
1 0.1484375 0.8427734375 0.048828125 0.0859375
1 0.0673828125 0.8486328125 0.05078125 0.080078125
1 0.0048828125 0.8486328125 0.009765625 0.08203125