2 0.5185546875 0.0849609375 0.228515625 0.15625
2 0.419921875 0.25390625 0.20703125 0.177734375
2 0.29296875 0.412109375 0.23046875 0.166015625
2 0.1708984375 0.57421875 0.22265625 0.16796875
2 0.0791015625 0.75 0.158203125 0.1640625
1 0.869140625 0.05859375 0.25 0.1171875
1 0.791015625 0.1728515625 0.26171875 0.111328125
1 0.7001953125 0.2841796875 0.279296875 0.111328125
1 0.630859375 0.3876953125 0.259765625 0.10546875
1 0.5751953125 0.4951171875 0.25390625 0.1171875
1 0.5 0.62109375 0.287109375 0.12890625
1 0.41015625 0.7373046875 0.291015625 0.10546875
1 0.345703125 0.8447265625 0.3046875 0.1015625
1 0.2626953125 0.9482421875 0.31640625 0.103515625
1 0.81640625 0.91796875 0.3671875 0.1640625
1 0.869140625 0.7509765625 0.26171875 0.16796875
1 0.9033203125 0.603515625 0.193359375 0.119140625
1 0.9228515625 0.4599609375 0.154296875 0.16796875