0 0.8486328125 0.654296875 0.298828125 0.201171875
0 0.8046875 0.3193359375 0.23828125 0.15625
0 0.7705078125 0.06640625 0.236328125 0.1328125
1 0.857421875 0.201171875 0.14453125 0.158203125
1 0.716796875 0.1923828125 0.13671875 0.185546875
1 0.89453125 0.48046875 0.13671875 0.1875
1 0.751953125 0.482421875 0.13671875 0.177734375
1 0.9375 0.8779296875 0.12109375 0.23046875
1 0.8017578125 0.8759765625 0.15234375 0.248046875
1 0.4462890625 0.0283203125 0.205078125 0.056640625
1 0.44921875 0.0869140625 0.251953125 0.08984375
1 0.453125 0.1572265625 0.21875 0.07421875
1 0.4541015625 0.22265625 0.24609375 0.07421875
1 0.4580078125 0.291015625 0.240234375 0.072265625
1 0.4599609375 0.3662109375 0.236328125 0.10546875
1 0.4541015625 0.4501953125 0.22265625 0.095703125
1 0.4521484375 0.533203125 0.265625 0.12109375
1 0.4658203125 0.6318359375 0.240234375 0.12109375
1 0.470703125 0.7236328125 0.28515625 0.1171875
1 0.4619140625 0.830078125 0.265625 0.1015625
1 0.466796875 0.9384765625 0.3125 0.123046875
0 0.1240234375 0.2080078125 0.248046875 0.392578125
1 0.09765625 0.7568359375 0.1875 0.115234375
1 0.1171875 0.876953125 0.1328125 0.103515625
1 0.109375 0.623046875 0.173828125 0.12890625