3 0.8916015625 0.34765625 0.03125 0.015625
3 0.892578125 0.3349609375 0.029296875 0.01171875
3 0.89453125 0.322265625 0.03515625 0.015625
3 0.837890625 0.34375 0.037109375 0.017578125
3 0.8408203125 0.326171875 0.0390625 0.015625
3 0.8427734375 0.3115234375 0.0390625 0.015625
3 0.78515625 0.3408203125 0.052734375 0.013671875
3 0.7900390625 0.3203125 0.046875 0.01953125
3 0.79296875 0.2998046875 0.0546875 0.017578125
2 0.6279296875 0.4794921875 0.19140625 0.068359375
2 0.6708984375 0.4443359375 0.193359375 0.0859375
2 0.71484375 0.181640625 0.19140625 0.0546875
2 0.666015625 0.130859375 0.2109375 0.05859375
2 0.72265625 0.900390625 0.240234375 0.078125
2 0.65625 0.673828125 0.2421875 0.09375
3 0.0517578125 0.9775390625 0.103515625 0.044921875
3 0.2734375 0.6943359375 0.2578125 0.12109375
3 0.1123046875 0.7607421875 0.22265625 0.107421875
3 0.23828125 0.455078125 0.24609375 0.103515625
3 0.07421875 0.34375 0.1484375 0.15625
3 0.078125 0.1943359375 0.15625 0.1015625
3 0.396484375 0.27734375 0.203125 0.0703125
3 0.1875 0.263671875 0.23828125 0.08984375
3 0.28125 0.037109375 0.140625 0.05078125
3 0.0791015625 0.009765625 0.158203125 0.01953125
2 0.29296875 0.0087890625 0.1328125 0.017578125
2 0.1552734375 0.953125 0.048828125 0.0234375
2 0.2724609375 0.939453125 0.044921875 0.017578125
2 0.3134765625 0.93359375 0.0390625 0.021484375
2 0.376953125 0.927734375 0.05078125 0.01953125
2 0.435546875 0.921875 0.044921875 0.017578125
2 0.4921875 0.912109375 0.05078125 0.0234375
2 0.5419921875 0.90625 0.05078125 0.01953125
2 0.603515625 0.9013671875 0.04296875 0.021484375
2 0.7001953125 0.8583984375 0.04296875 0.01953125
2 0.662109375 0.84765625 0.048828125 0.01953125
2 0.6240234375 0.837890625 0.046875 0.01953125
2 0.591796875 0.828125 0.04296875 0.0234375
2 0.5546875 0.8173828125 0.046875 0.0234375
2 0.5166015625 0.8037109375 0.05078125 0.025390625
2 0.48046875 0.7900390625 0.046875 0.03125
2 0.439453125 0.7783203125 0.05078125 0.025390625
2 0.3935546875 0.7685546875 0.060546875 0.025390625
2 0.359375 0.7509765625 0.05078125 0.02734375
2 0.314453125 0.736328125 0.0546875 0.02734375
2 0.6435546875 0.62890625 0.04296875 0.025390625
2 0.611328125 0.6181640625 0.0390625 0.025390625
2 0.5791015625 0.6083984375 0.0390625 0.0234375
2 0.5439453125 0.5947265625 0.046875 0.02734375
2 0.505859375 0.58203125 0.048828125 0.029296875
2 0.4677734375 0.5693359375 0.046875 0.0234375
2 0.4326171875 0.5556640625 0.05078125 0.021484375
2 0.3994140625 0.5419921875 0.044921875 0.03125
2 0.359375 0.529296875 0.04296875 0.0234375
2 0.32421875 0.515625 0.046875 0.02734375
2 0.287109375 0.501953125 0.048828125 0.0234375
2 0.59375 0.435546875 0.056640625 0.0234375
2 0.5615234375 0.4189453125 0.046875 0.01953125
2 0.529296875 0.4072265625 0.05078125 0.0234375
2 0.498046875 0.3935546875 0.04296875 0.015625
2 0.46484375 0.37890625 0.046875 0.0234375
2 0.427734375 0.3662109375 0.046875 0.025390625
2 0.396484375 0.3505859375 0.05078125 0.02734375
2 0.35546875 0.3359375 0.046875 0.021484375
2 0.326171875 0.322265625 0.048828125 0.0234375
2 0.2880859375 0.3076171875 0.046875 0.01953125
2 0.2548828125 0.291015625 0.046875 0.01953125
2 0.65234375 0.4033203125 0.041015625 0.015625
2 0.625 0.3916015625 0.04296875 0.01953125
2 0.5869140625 0.375 0.046875 0.01953125
2 0.5537109375 0.3623046875 0.044921875 0.021484375
2 0.5244140625 0.3505859375 0.046875 0.0234375
2 0.4921875 0.337890625 0.0390625 0.02734375
2 0.4560546875 0.322265625 0.0390625 0.02734375
2 0.421875 0.30859375 0.044921875 0.01953125
2 0.423828125 0.2646484375 0.05078125 0.0234375
2 0.4619140625 0.255859375 0.04296875 0.01953125
2 0.4921875 0.25 0.046875 0.0234375
2 0.533203125 0.244140625 0.052734375 0.021484375
2 0.56640625 0.2421875 0.05078125 0.0234375
2 0.5986328125 0.23046875 0.05078125 0.0234375
2 0.6328125 0.224609375 0.048828125 0.021484375
2 0.6708984375 0.22265625 0.046875 0.021484375
2 0.244140625 0.2353515625 0.0390625 0.02734375
2 0.28515625 0.2294921875 0.046875 0.025390625
2 0.32421875 0.2197265625 0.04296875 0.02734375
2 0.3623046875 0.216796875 0.052734375 0.0234375
2 0.400390625 0.2099609375 0.05078125 0.02734375
2 0.4365234375 0.201171875 0.046875 0.033203125
2 0.47265625 0.1982421875 0.05078125 0.01953125
2 0.5107421875 0.1904296875 0.04296875 0.03125
2 0.5478515625 0.185546875 0.0390625 0.029296875
2 0.583984375 0.17578125 0.04296875 0.03125
2 0.6181640625 0.1728515625 0.04296875 0.02734375
2 0.58984375 0.1337890625 0.0390625 0.021484375
2 0.544921875 0.12109375 0.046875 0.01953125
2 0.4912109375 0.111328125 0.046875 0.0234375
2 0.4453125 0.0986328125 0.048828125 0.01953125
2 0.404296875 0.087890625 0.04296875 0.021484375
2 0.3623046875 0.076171875 0.0390625 0.01953125
2 0.3125 0.0595703125 0.046875 0.0234375
2 0.2177734375 0.037109375 0.048828125 0.015625
2 0.1669921875 0.0263671875 0.046875 0.01953125
2 0.123046875 0.015625 0.037109375 0.0234375