4 0.01171875 0.1220703125 0.0234375 0.09375
4 0.0263671875 0.2021484375 0.05078125 0.09375
4 0.029296875 0.283203125 0.05859375 0.08984375
4 0.0283203125 0.353515625 0.056640625 0.0859375
4 0.037109375 0.41015625 0.07421875 0.0625
4 0.0546875 0.4658203125 0.109375 0.0625
4 0.0546875 0.5126953125 0.109375 0.041015625
4 0.0625 0.548828125 0.125 0.052734375
4 0.0634765625 0.58984375 0.125 0.037109375
4 0.0712890625 0.6181640625 0.142578125 0.033203125
4 0.072265625 0.650390625 0.14453125 0.041015625
4 0.072265625 0.6767578125 0.14453125 0.03515625
4 0.0751953125 0.69921875 0.150390625 0.03125
4 0.4013671875 0.2841796875 0.11328125 0.03125
4 0.361328125 0.5283203125 0.09765625 0.021484375
4 0.3173828125 0.6689453125 0.076171875 0.015625
4 0.7236328125 0.0205078125 0.125 0.041015625
4 0.7158203125 0.060546875 0.111328125 0.048828125
4 0.59375 0.359375 0.06640625 0.03125
4 0.94921875 0.32421875 0.1015625 0.056640625
4 0.908203125 0.431640625 0.18359375 0.06640625
4 0.876953125 0.5205078125 0.23828125 0.052734375
4 0.8154296875 0.583984375 0.205078125 0.06640625
4 0.7646484375 0.6416015625 0.1796875 0.05078125
4 0.728515625 0.6845703125 0.16796875 0.02734375
4 0.693359375 0.724609375 0.15234375 0.029296875
3 0.96875 0.6259765625 0.0625 0.046875
3 0.8388671875 0.7734375 0.1640625 0.064453125