1 0.0107421875 0.1962890625 0.021484375 0.0703125
1 0.0478515625 0.201171875 0.05859375 0.0703125
1 0.107421875 0.2109375 0.0546875 0.07421875
1 0.1640625 0.2197265625 0.05078125 0.072265625
1 0.216796875 0.224609375 0.056640625 0.0625
1 0.2734375 0.2314453125 0.05859375 0.06640625
1 0.328125 0.2373046875 0.046875 0.06640625
1 0.3759765625 0.244140625 0.0546875 0.0625
1 0.078125 0.1015625 0.15625 0.103515625
1 0.2431640625 0.1357421875 0.1640625 0.099609375
1 0.404296875 0.15625 0.15625 0.09765625
1 0.556640625 0.171875 0.14453125 0.09765625
1 0.7021484375 0.193359375 0.1484375 0.08984375
1 0.431640625 0.2509765625 0.0546875 0.060546875
1 0.4833984375 0.2568359375 0.052734375 0.06640625
1 0.533203125 0.2578125 0.056640625 0.06640625
1 0.580078125 0.267578125 0.05859375 0.0703125
1 0.634765625 0.26953125 0.048828125 0.0625
1 0.685546875 0.2705078125 0.05859375 0.060546875
1 0.7314453125 0.291015625 0.05078125 0.06640625
1 0.8427734375 0.220703125 0.1484375 0.083984375
1 0.958984375 0.234375 0.08203125 0.09765625
1 0.9677734375 0.3193359375 0.048828125 0.06640625
1 0.9169921875 0.310546875 0.05078125 0.0625
1 0.8720703125 0.30859375 0.044921875 0.06640625
1 0.8232421875 0.298828125 0.05078125 0.0703125
1 0.78125 0.2919921875 0.04296875 0.0625