4 0.5107421875 0.41015625 0.2109375 0.42578125
2 0.474609375 0.0595703125 0.0263671875 0.080078125
2 0.50390625 0.0693359375 0.029296875 0.08984375
2 0.5302734375 0.1201171875 0.0302734375 0.0849609375
2 0.5595703125 0.1826171875 0.0322265625 0.080078125
2 0.5810546875 0.2470703125 0.03125 0.0859375
2 0.603515625 0.318359375 0.02734375 0.08984375
2 0.6220703125 0.384765625 0.0263671875 0.080078125
2 0.63671875 0.4619140625 0.02734375 0.0849609375
2 0.451171875 0.0966796875 0.0302734375 0.0732421875
2 0.421875 0.15234375 0.0341796875 0.0693359375
2 0.4052734375 0.201171875 0.03515625 0.0693359375
2 0.388671875 0.259765625 0.037109375 0.068359375
2 0.373046875 0.31640625 0.0361328125 0.0869140625
2 0.361328125 0.3984375 0.0322265625 0.0810546875
1 0.349609375 0.462890625 0.0703125 0.203125
1 0.65625 0.5517578125 0.0615234375 0.162109375
1 0.2724609375 0.5107421875 0.0869140625 0.2255859375
1 0.236328125 0.6630859375 0.2392578125 0.2158203125
1 0.765625 0.791015625 0.2080078125 0.123046875
1 0.7119140625 0.6142578125 0.09765625 0.2158203125
2 0.0703125 0.0986328125 0.0615234375 0.130859375
2 0.029296875 0.1591796875 0.0576171875 0.1474609375
2 0.1083984375 0.05078125 0.052734375 0.1015625
2 0.904296875 0.0537109375 0.04296875 0.1064453125
2 0.9345703125 0.123046875 0.0419921875 0.1103515625
2 0.96875 0.19921875 0.0458984375 0.095703125
2 0.98828125 0.2841796875 0.0234375 0.125
1 0.244140625 0.03125 0.0625 0.0625
1 0.2021484375 0.078125 0.0556640625 0.09765625
1 0.1640625 0.142578125 0.0615234375 0.0888671875
1 0.123046875 0.2099609375 0.056640625 0.080078125
1 0.0849609375 0.26953125 0.05859375 0.0869140625
1 0.044921875 0.3359375 0.056640625 0.0986328125
0 0.3603515625 0.1015625 0.0263671875 0.05078125
0 0.32421875 0.169921875 0.0390625 0.046875
0 0.28125 0.240234375 0.0283203125 0.0439453125
0 0.2412109375 0.314453125 0.0341796875 0.0498046875
0 0.1982421875 0.3876953125 0.0341796875 0.0458984375
0 0.1552734375 0.46484375 0.0302734375 0.056640625
0 0.1103515625 0.5361328125 0.0341796875 0.0556640625
0 0.0634765625 0.6201171875 0.033203125 0.0517578125
0 0.0166015625 0.6943359375 0.033203125 0.044921875
0 0.029296875 0.7412109375 0.0234375 0.041015625
0 0.1005859375 0.75390625 0.025390625 0.0341796875
0 0.1748046875 0.7666015625 0.02734375 0.037109375
0 0.244140625 0.7978515625 0.0263671875 0.048828125
0 0.3115234375 0.8046875 0.029296875 0.048828125
0 0.3759765625 0.8193359375 0.033203125 0.0478515625
0 0.44140625 0.8330078125 0.02734375 0.05078125
0 0.5068359375 0.8466796875 0.033203125 0.048828125
0 0.5693359375 0.8603515625 0.02734375 0.046875
0 0.630859375 0.87109375 0.025390625 0.0517578125
0 0.6904296875 0.884765625 0.029296875 0.0498046875
0 0.751953125 0.8984375 0.029296875 0.052734375
0 0.8115234375 0.91015625 0.0234375 0.0498046875
0 0.8720703125 0.9228515625 0.0244140625 0.0537109375
0 0.9169921875 0.8134765625 0.0263671875 0.0439453125
0 0.9599609375 0.8984375 0.0283203125 0.041015625
0 0.8818359375 0.728515625 0.0224609375 0.046875
0 0.8369140625 0.6376953125 0.0283203125 0.052734375
0 0.7978515625 0.552734375 0.0234375 0.046875
0 0.595703125 0.107421875 0.025390625 0.0478515625
0 0.6357421875 0.197265625 0.0283203125 0.0390625
0 0.6748046875 0.28515625 0.0322265625 0.052734375
0 0.71484375 0.3720703125 0.0263671875 0.048828125
0 0.7548828125 0.4560546875 0.0263671875 0.0498046875
1 0.83984375 0.0478515625 0.056640625 0.0888671875
1 0.8759765625 0.1318359375 0.0537109375 0.078125
1 0.9033203125 0.2021484375 0.04296875 0.0859375
1 0.931640625 0.279296875 0.0458984375 0.0771484375
1 0.9599609375 0.3505859375 0.05078125 0.0830078125
1 0.984375 0.431640625 0.03125 0.076171875
0 0.5537109375 0.0234375 0.0283203125 0.044921875
1 0.5732421875 0.06640625 0.0380859375 0.05859375
1 0.6162109375 0.1552734375 0.04296875 0.0576171875
1 0.65234375 0.236328125 0.0380859375 0.0556640625
1 0.697265625 0.33203125 0.0400390625 0.046875
1 0.732421875 0.4150390625 0.03515625 0.0517578125
1 0.775390625 0.5078125 0.0361328125 0.0625
1 0.8154296875 0.5927734375 0.03125 0.05859375
1 0.859375 0.6845703125 0.029296875 0.06640625
1 0.8984375 0.765625 0.0341796875 0.056640625
1 0.9375 0.8525390625 0.0361328125 0.05859375
1 0.9130859375 0.93359375 0.052734375 0.05078125
1 0.8408203125 0.916015625 0.0390625 0.05859375
1 0.783203125 0.90625 0.037109375 0.0517578125
1 0.7216796875 0.8935546875 0.0341796875 0.052734375
1 0.66015625 0.87890625 0.03125 0.0478515625
1 0.599609375 0.869140625 0.03515625 0.0517578125
1 0.4111328125 0.8291015625 0.0341796875 0.056640625
1 0.47265625 0.8388671875 0.0341796875 0.05859375
1 0.5390625 0.8525390625 0.03125 0.0615234375
1 0.3427734375 0.8134765625 0.037109375 0.0498046875
1 0.2783203125 0.8017578125 0.0400390625 0.05859375
1 0.0654296875 0.748046875 0.046875 0.0439453125
1 0.0390625 0.65625 0.0361328125 0.07421875
1 0.0888671875 0.57421875 0.037109375 0.0654296875
1 0.1337890625 0.4990234375 0.0361328125 0.07421875
1 0.1767578125 0.421875 0.0400390625 0.0673828125
1 0.2197265625 0.34765625 0.033203125 0.0576171875
1 0.2607421875 0.2763671875 0.03125 0.06640625
1 0.2998046875 0.2080078125 0.0380859375 0.0615234375
1 0.341796875 0.1318359375 0.0400390625 0.0654296875
1 0.3837890625 0.0654296875 0.0380859375 0.0634765625
0 0.0458984375 0.9169921875 0.0458984375 0.06640625
0 0.091796875 0.9248046875 0.041015625 0.0712890625
0 0.1435546875 0.931640625 0.0341796875 0.0654296875
1 0.025390625 0.8232421875 0.05078125 0.064453125
1 0.0576171875 0.826171875 0.0234375 0.05859375
1 0.08984375 0.830078125 0.0390625 0.0634765625
1 0.123046875 0.8369140625 0.046875 0.0595703125
1 0.150390625 0.83984375 0.021484375 0.0673828125
1 0.1826171875 0.8427734375 0.0439453125 0.06640625
1 0.212890625 0.8486328125 0.01953125 0.0537109375
1 0.2265625 0.900390625 0.02734375 0.0595703125
1 0.25390625 0.904296875 0.0380859375 0.0546875
1 0.2822265625 0.9130859375 0.0322265625 0.0576171875
1 0.3115234375 0.9208984375 0.0380859375 0.0556640625
1 0.3388671875 0.9208984375 0.02734375 0.0498046875
1 0.3671875 0.9287109375 0.0361328125 0.056640625
1 0.3935546875 0.93359375 0.0263671875 0.0595703125
1 0.4228515625 0.9375 0.04296875 0.05859375
1 0.44921875 0.9404296875 0.025390625 0.0576171875
1 0.478515625 0.94140625 0.0390625 0.0458984375
1 0.6875 0.9794921875 0.0361328125 0.041015625
1 0.66015625 0.9765625 0.01953125 0.046875
1 0.6357421875 0.9736328125 0.037109375 0.052734375
1 0.607421875 0.97265625 0.025390625 0.0546875
1 0.58203125 0.9677734375 0.0400390625 0.056640625
1 0.5546875 0.966796875 0.0283203125 0.0625