1 0.990234375 0.259765625 0.01953125 0.0390625
1 0.9482421875 0.287109375 0.07421875 0.033203125
1 0.884765625 0.3154296875 0.064453125 0.03515625
1 0.8134765625 0.3349609375 0.0703125 0.041015625
1 0.7490234375 0.365234375 0.07421875 0.037109375
1 0.685546875 0.392578125 0.06640625 0.041015625
1 0.619140625 0.4189453125 0.07421875 0.037109375
1 0.552734375 0.4443359375 0.072265625 0.037109375
1 0.494140625 0.4697265625 0.06640625 0.0390625
1 0.4306640625 0.4931640625 0.06640625 0.03515625
1 0.3759765625 0.509765625 0.06640625 0.02734375
1 0.3857421875 0.6005859375 0.056640625 0.0390625
1 0.4404296875 0.6181640625 0.05078125 0.04296875
1 0.4931640625 0.642578125 0.05078125 0.041015625
1 0.55859375 0.6669921875 0.064453125 0.05078125
1 0.6240234375 0.6943359375 0.056640625 0.04296875
1 0.6796875 0.7216796875 0.0546875 0.044921875
1 0.736328125 0.7451171875 0.0546875 0.041015625
1 0.80078125 0.7705078125 0.056640625 0.044921875
1 0.8662109375 0.7939453125 0.0546875 0.0546875
1 0.9365234375 0.8232421875 0.0625 0.0546875
1 0.9814453125 0.8544921875 0.037109375 0.041015625
2 0.9755859375 0.9169921875 0.046875 0.03515625
2 0.9228515625 0.890625 0.087890625 0.03125
2 0.865234375 0.861328125 0.083984375 0.03515625
2 0.796875 0.833984375 0.078125 0.03515625
2 0.73828125 0.806640625 0.08984375 0.03515625
2 0.6826171875 0.7822265625 0.09375 0.037109375
2 0.611328125 0.755859375 0.08984375 0.03515625
2 0.55859375 0.728515625 0.1015625 0.03125
2 0.4990234375 0.70703125 0.087890625 0.033203125
2 0.431640625 0.6787109375 0.0859375 0.03515625
2 0.3798828125 0.6591796875 0.08203125 0.033203125
2 0.322265625 0.630859375 0.0859375 0.03515625
2 0.2685546875 0.6083984375 0.07421875 0.0390625
2 0.2607421875 0.5068359375 0.078125 0.03125
2 0.318359375 0.48046875 0.07421875 0.037109375
2 0.373046875 0.4599609375 0.0703125 0.037109375
2 0.4365234375 0.4375 0.07421875 0.03515625
2 0.5009765625 0.41015625 0.0703125 0.03125
2 0.5595703125 0.3876953125 0.07421875 0.03515625
2 0.625 0.357421875 0.0859375 0.041015625
2 0.69140625 0.33203125 0.08203125 0.04296875
2 0.751953125 0.306640625 0.080078125 0.03515625
2 0.8203125 0.2802734375 0.0859375 0.03515625
2 0.8828125 0.2548828125 0.0859375 0.046875
2 0.9501953125 0.224609375 0.0859375 0.048828125
1 0.7431640625 0.5771484375 0.15625 0.0703125
1 0.8779296875 0.5146484375 0.125 0.08203125
1 0.8720703125 0.62890625 0.109375 0.08203125
1 0.9658203125 0.5712890625 0.068359375 0.091796875
1 0.9677734375 0.48046875 0.064453125 0.11328125
1 0.962890625 0.671875 0.07421875 0.125