4 0.513671875 0.5322265625 0.625 0.935546875
1 0.974609375 0.0244140625 0.05078125 0.048828125
1 0.908203125 0.0283203125 0.08203125 0.056640625
1 0.822265625 0.0380859375 0.08203125 0.07421875
1 0.734375 0.0439453125 0.08984375 0.07421875
1 0.6435546875 0.0654296875 0.09765625 0.08203125
1 0.5576171875 0.0830078125 0.078125 0.07421875
1 0.4765625 0.091796875 0.0859375 0.080078125
1 0.388671875 0.1025390625 0.087890625 0.0703125
1 0.3037109375 0.1201171875 0.08203125 0.0703125
1 0.2236328125 0.1328125 0.080078125 0.078125
1 0.1376953125 0.146484375 0.09375 0.0703125
1 0.05859375 0.1572265625 0.06640625 0.0703125
1 0.0126953125 0.1767578125 0.025390625 0.080078125
1 0.8740234375 0.7275390625 0.25 0.2265625
1 0.455078125 0.837890625 0.20703125 0.32421875
1 0.29296875 0.6796875 0.140625 0.21875
1 0.19140625 0.572265625 0.150390625 0.193359375
1 0.08203125 0.5361328125 0.10546875 0.2265625