0 0.1357421875 0.0498046875 0.1708984375 0.099609375
0 0.2705078125 0.1103515625 0.1982421875 0.1259765625
0 0.130859375 0.1943359375 0.193359375 0.140625
0 0.2666015625 0.2705078125 0.181640625 0.1279296875
0 0.541015625 0.0888671875 0.189453125 0.1220703125
0 0.685546875 0.1796875 0.18359375 0.1318359375
0 0.38671875 0.18359375 0.1826171875 0.138671875
0 0.1337890625 0.365234375 0.1826171875 0.1513671875
0 0.2548828125 0.4326171875 0.1494140625 0.1201171875
0 0.130859375 0.53515625 0.2158203125 0.1337890625
0 0.060546875 0.6318359375 0.12109375 0.1396484375
0 0.08984375 0.693359375 0.1650390625 0.1220703125
0 0.82421875 0.4345703125 0.1796875 0.15625
0 0.9140625 0.513671875 0.171875 0.1640625
0 0.8017578125 0.2626953125 0.2119140625 0.1552734375
0 0.7861328125 0.08984375 0.1796875 0.130859375
0 0.953125 0.662109375 0.09375 0.1064453125
2 0.7890625 0.826171875 0.3515625 0.197265625
2 0.271484375 0.8291015625 0.365234375 0.205078125
2 0.255859375 0.59375 0.091796875 0.0869140625
2 0.80078125 0.578125 0.1044921875 0.0771484375
2 0.8369140625 0.669921875 0.1435546875 0.111328125
2 0.2197265625 0.6787109375 0.119140625 0.0908203125
2 0.36328125 0.591796875 0.0537109375 0.0439453125
2 0.404296875 0.572265625 0.037109375 0.0380859375
2 0.451171875 0.552734375 0.05078125 0.0380859375
2 0.498046875 0.5439453125 0.044921875 0.041015625
2 0.5478515625 0.544921875 0.0341796875 0.0380859375
2 0.5966796875 0.55078125 0.060546875 0.037109375
2 0.64453125 0.56640625 0.04296875 0.033203125
2 0.6884765625 0.5849609375 0.0478515625 0.037109375
2 0.728515625 0.6064453125 0.0380859375 0.033203125
2 0.326171875 0.6162109375 0.0322265625 0.0380859375
2 0.306640625 0.650390625 0.0517578125 0.044921875
2 0.7451171875 0.638671875 0.0517578125 0.0380859375