3 0.4580078125 0.4599609375 0.666015625 0.72265625
1 0.04296875 0.3369140625 0.05859375 0.0859375
1 0.046875 0.427734375 0.0625 0.091796875
1 0.048828125 0.515625 0.05859375 0.091796875
1 0.05078125 0.6064453125 0.060546875 0.08984375
1 0.052734375 0.6962890625 0.0625 0.083984375
0 0.1357421875 0.8544921875 0.03125 0.0546875
0 0.140625 0.720703125 0.0234375 0.048828125
0 0.140625 0.9736328125 0.02734375 0.0234375
1 0.1376953125 0.9248046875 0.03515625 0.080078125
1 0.13671875 0.787109375 0.03125 0.08203125
1 0.1396484375 0.65234375 0.017578125 0.08984375
1 0.2001953125 0.634765625 0.0390625 0.046875
1 0.2021484375 0.6884765625 0.03515625 0.06640625
1 0.2041015625 0.74609375 0.037109375 0.0546875
1 0.203125 0.8046875 0.03515625 0.0625
1 0.2041015625 0.8603515625 0.03515625 0.046875
1 0.2060546875 0.912109375 0.03515625 0.0546875
0 0.123046875 0.1513671875 0.04296875 0.02734375
0 0.1552734375 0.0751953125 0.0390625 0.033203125
0 0.1787109375 0.0048828125 0.041015625 0.0078125
1 0.1640625 0.033203125 0.044921875 0.046875
1 0.138671875 0.11328125 0.046875 0.04296875
1 0.1103515625 0.1884765625 0.04296875 0.046875
4 0.0439453125 0.8193359375 0.087890625 0.154296875
0 0.4052734375 0.9150390625 0.05078125 0.078125