4 0.4365234375 0.4931640625 0.357421875 0.4921875
0 0.76171875 0.7705078125 0.1640625 0.072265625
0 0.7451171875 0.9140625 0.154296875 0.09375
1 0.8095703125 0.8388671875 0.087890625 0.10546875
1 0.712890625 0.8271484375 0.0703125 0.099609375
1 0.7890625 0.9716796875 0.08984375 0.056640625
1 0.68359375 0.9638671875 0.07421875 0.0703125
1 0.4033203125 0.173828125 0.12109375 0.15234375
1 0.4921875 0.1962890625 0.09375 0.15234375
1 0.5859375 0.2373046875 0.125 0.1328125
1 0.654296875 0.291015625 0.166015625 0.10546875
1 0.732421875 0.3544921875 0.119140625 0.10546875
1 0.783203125 0.4580078125 0.12890625 0.15625
1 0.6962890625 0.58984375 0.130859375 0.072265625
1 0.5625 0.701171875 0.12890625 0.08203125
1 0.5107421875 0.7744140625 0.14453125 0.0703125
1 0.4033203125 0.728515625 0.087890625 0.078125
1 0.3154296875 0.69921875 0.12890625 0.091796875
1 0.193359375 0.6513671875 0.140625 0.095703125
1 0.0927734375 0.5478515625 0.1328125 0.125
1 0.08984375 0.4521484375 0.12890625 0.099609375
1 0.1025390625 0.3828125 0.119140625 0.09375
1 0.1337890625 0.3046875 0.1171875 0.109375
1 0.1884765625 0.2451171875 0.109375 0.1171875
1 0.255859375 0.185546875 0.10546875 0.10546875