0 0.6279296875 0.1630859375 0.16015625 0.1875
0 0.52734375 0.2890625 0.12109375 0.17578125
0 0.4228515625 0.142578125 0.1328125 0.13671875
0 0.32421875 0.296875 0.1171875 0.1640625
0 0.2119140625 0.1376953125 0.13671875 0.15234375
0 0.099609375 0.26953125 0.1484375 0.18359375
0 0.037109375 0.13671875 0.07421875 0.12890625
0 0.0859375 0.0556640625 0.1015625 0.0859375
0 0.296875 0.0732421875 0.12109375 0.09765625
0 0.6953125 0.2958984375 0.09765625 0.1484375
0 0.6220703125 0.3857421875 0.09375 0.072265625
1 0.8525390625 0.2099609375 0.13671875 0.19140625
1 0.8466796875 0.3662109375 0.140625 0.123046875
1 0.8271484375 0.07421875 0.138671875 0.138671875
1 0.4267578125 0.56640625 0.23046875 0.31640625
1 0.7314453125 0.5654296875 0.3671875 0.302734375