0 0.8837890625 0.240234375 0.232421875 0.212890625
1 0.916015625 0.521484375 0.16796875 0.287109375
1 0.8564453125 0.048828125 0.203125 0.09765625
1 0.9326171875 0.91015625 0.134765625 0.1796875
1 0.5048828125 0.962890625 0.50390625 0.07421875
1 0.5029296875 0.80078125 0.50390625 0.267578125
1 0.4921875 0.6328125 0.42578125 0.17578125
1 0.46875 0.4931640625 0.4140625 0.208984375
1 0.458984375 0.3603515625 0.40625 0.146484375
1 0.4326171875 0.2255859375 0.4453125 0.1953125
1 0.4541015625 0.1240234375 0.36328125 0.125
1 0.4375 0.046875 0.39453125 0.09375