3 0.578125 0.796875 0.24609375 0.40625
0 0.0390625 0.2568359375 0.078125 0.08984375
0 0.212890625 0.2529296875 0.146484375 0.15234375
0 0.392578125 0.2578125 0.091796875 0.091796875
0 0.5673828125 0.26171875 0.16015625 0.15625
1 0.7763671875 0.0205078125 0.0625 0.0390625
1 0.7900390625 0.0927734375 0.08203125 0.1328125
1 0.798828125 0.2041015625 0.078125 0.125
1 0.806640625 0.3232421875 0.091796875 0.1328125
1 0.8271484375 0.4599609375 0.0859375 0.138671875
1 0.8359375 0.578125 0.0859375 0.12890625
1 0.8447265625 0.6953125 0.08984375 0.142578125
1 0.85546875 0.8583984375 0.08203125 0.162109375
1 0.3330078125 0.486328125 0.1484375 0.150390625
1 0.4306640625 0.4990234375 0.1171875 0.171875
1 0.5234375 0.4833984375 0.1171875 0.15625
1 0.609375 0.4794921875 0.125 0.123046875
1 0.701171875 0.494140625 0.091796875 0.13671875
1 0.736328125 0.62109375 0.083984375 0.125
1 0.7353515625 0.74609375 0.095703125 0.142578125
1 0.7197265625 0.8955078125 0.1484375 0.1796875