0 0.4931640625 0.751953125 0.24609375 0.162109375
0 0.486328125 0.9375 0.1865234375 0.125
0 0.6123046875 0.8642578125 0.125 0.130859375
0 0.384765625 0.8544921875 0.10546875 0.146484375
1 0.75390625 0.54296875 0.091796875 0.1611328125
1 0.7568359375 0.7041015625 0.08203125 0.1611328125
1 0.744140625 0.875 0.0810546875 0.166015625
1 0.05859375 0.7822265625 0.0751953125 0.1259765625
1 0.033203125 0.9287109375 0.06640625 0.142578125
1 0.5302734375 0.5166015625 0.1123046875 0.1162109375
1 0.4130859375 0.5322265625 0.091796875 0.10546875
2 0.1630859375 0.3125 0.326171875 0.2353515625
2 0.7919921875 0.1171875 0.34765625 0.2333984375
1 0.9306640625 0.5048828125 0.138671875 0.1298828125
1 0.92578125 0.6513671875 0.1484375 0.1806640625
1 0.927734375 0.8671875 0.14453125 0.23828125
1 0.2177734375 0.7646484375 0.1533203125 0.15234375
1 0.201171875 0.9189453125 0.1640625 0.162109375
1 0.74609375 0.369140625 0.0498046875 0.0458984375
1 0.833984375 0.33984375 0.064453125 0.0595703125
1 0.90625 0.34765625 0.0673828125 0.0732421875
1 0.138671875 0.5859375 0.060546875 0.0498046875
1 0.2099609375 0.59765625 0.0703125 0.0634765625
1 0.2802734375 0.6435546875 0.0703125 0.0458984375
1 0.064453125 0.6044921875 0.0478515625 0.0419921875