2 0.474609375 0.0888671875 0.2236328125 0.15234375
2 0.5712890625 0.25390625 0.201171875 0.1748046875
2 0.6943359375 0.4091796875 0.2255859375 0.162109375
2 0.814453125 0.568359375 0.2197265625 0.1630859375
2 0.9140625 0.7421875 0.1708984375 0.16015625
1 0.130859375 0.0625 0.2470703125 0.1162109375
1 0.20703125 0.1748046875 0.2578125 0.109375
1 0.2958984375 0.2841796875 0.2734375 0.109375
1 0.3642578125 0.384765625 0.25390625 0.1025390625
1 0.41796875 0.4912109375 0.248046875 0.1162109375
1 0.4921875 0.61328125 0.28125 0.1259765625
1 0.580078125 0.7275390625 0.2841796875 0.1025390625
1 0.6435546875 0.8330078125 0.2978515625 0.0986328125
1 0.7255859375 0.94140625 0.310546875 0.1171875
1 0.1806640625 0.9111328125 0.361328125 0.173828125
1 0.12890625 0.7412109375 0.2578125 0.1650390625
1 0.095703125 0.595703125 0.19140625 0.1171875
1 0.0771484375 0.4560546875 0.154296875 0.1650390625