0 0.4423828125 0.2314453125 0.05078125 0.076171875
0 0.4326171875 0.3251953125 0.056640625 0.0859375
0 0.408203125 0.4228515625 0.060546875 0.095703125
0 0.3720703125 0.52734375 0.0703125 0.07421875
0 0.310546875 0.6103515625 0.04296875 0.083984375
0 0.2421875 0.681640625 0.04296875 0.08984375
0 0.162109375 0.7255859375 0.046875 0.083984375
3 0.06640625 0.8046875 0.1328125 0.390625
1 0.7890625 0.30078125 0.38671875 0.33984375
1 0.544921875 0.31640625 0.1015625 0.3203125
1 0.5439453125 0.595703125 0.216796875 0.255859375
1 0.75 0.5908203125 0.1953125 0.2578125
1 0.638671875 0.8662109375 0.18359375 0.263671875
1 0.41015625 0.8603515625 0.27734375 0.279296875
1 0.1962890625 0.8759765625 0.13671875 0.248046875
1 0.8583984375 0.9404296875 0.283203125 0.119140625