2 0.1044921875 0.080078125 0.0517578125 0.0908203125
2 0.48828125 0.203125 0.025390625 0.11328125
2 0.5146484375 0.2080078125 0.029296875 0.1259765625
2 0.748046875 0.10546875 0.0439453125 0.0966796875
3 0.3916015625 0.5078125 0.02734375 0.0634765625
3 0.421875 0.5263671875 0.0380859375 0.0703125
3 0.609375 0.521484375 0.0244140625 0.0498046875
3 0.6435546875 0.51953125 0.033203125 0.0947265625
3 0.7744140625 0.3857421875 0.02734375 0.09765625
3 0.130859375 0.3798828125 0.0341796875 0.080078125
3 0.013671875 0.5419921875 0.02734375 0.1123046875
3 0.8603515625 0.4111328125 0.0380859375 0.1279296875
4 0.005859375 0.6796875 0.01171875 0.05859375
4 0.01171875 0.66015625 0.0205078125 0.0595703125
4 0.0224609375 0.6533203125 0.025390625 0.0703125
4 0.0869140625 0.7158203125 0.0185546875 0.0458984375
4 0.1513671875 0.654296875 0.03125 0.0810546875
4 0.2099609375 0.7119140625 0.0205078125 0.0400390625
4 0.294921875 0.6513671875 0.0283203125 0.076171875
4 0.3388671875 0.7080078125 0.0185546875 0.0390625
4 0.4140625 0.638671875 0.02734375 0.0634765625
4 0.453125 0.62890625 0.0244140625 0.0576171875