1 0.984375 0.740234375 0.03125 0.0390625
1 0.9384765625 0.71484375 0.072265625 0.033203125
1 0.8759765625 0.6875 0.0625 0.03515625
1 0.806640625 0.66796875 0.068359375 0.0390625
1 0.744140625 0.6376953125 0.0703125 0.03515625
1 0.6826171875 0.611328125 0.06640625 0.0390625
1 0.6171875 0.5859375 0.072265625 0.037109375
1 0.552734375 0.5615234375 0.0703125 0.03515625
1 0.4951171875 0.5361328125 0.06640625 0.0390625
1 0.4326171875 0.513671875 0.064453125 0.03515625
1 0.3798828125 0.4970703125 0.06640625 0.02734375
1 0.388671875 0.408203125 0.0546875 0.0390625
1 0.4423828125 0.390625 0.048828125 0.04296875
1 0.494140625 0.3671875 0.05078125 0.0390625
1 0.55859375 0.3427734375 0.0625 0.048828125
1 0.6220703125 0.31640625 0.0546875 0.04296875
1 0.6767578125 0.2890625 0.0546875 0.04296875
1 0.732421875 0.2666015625 0.0546875 0.041015625
1 0.794921875 0.2421875 0.0546875 0.044921875
1 0.8583984375 0.2197265625 0.052734375 0.052734375
1 0.927734375 0.1904296875 0.0625 0.0546875
1 0.9775390625 0.1611328125 0.044921875 0.0390625
2 0.970703125 0.0966796875 0.05859375 0.033203125
2 0.9140625 0.1240234375 0.0859375 0.03125
2 0.8583984375 0.1533203125 0.08203125 0.033203125
2 0.791015625 0.1796875 0.076171875 0.03515625
2 0.7333984375 0.20703125 0.087890625 0.033203125
2 0.6787109375 0.23046875 0.08984375 0.03515625
2 0.609375 0.2568359375 0.087890625 0.033203125
2 0.55859375 0.283203125 0.09765625 0.03125
2 0.5 0.3037109375 0.0859375 0.03125
2 0.4345703125 0.3310546875 0.0859375 0.03515625
2 0.3837890625 0.3515625 0.078125 0.03125
2 0.326171875 0.3779296875 0.0859375 0.03515625
2 0.2744140625 0.400390625 0.07421875 0.0390625
2 0.267578125 0.5 0.078125 0.03125
2 0.3232421875 0.525390625 0.07421875 0.03515625
2 0.376953125 0.5458984375 0.068359375 0.03515625
2 0.439453125 0.5673828125 0.07421875 0.033203125
2 0.501953125 0.5947265625 0.0703125 0.03125
2 0.5595703125 0.6171875 0.07421875 0.03515625
2 0.623046875 0.6455078125 0.08203125 0.0390625
2 0.6875 0.6708984375 0.080078125 0.04296875
2 0.7470703125 0.6953125 0.078125 0.03515625
2 0.8134765625 0.720703125 0.083984375 0.03515625
2 0.875 0.7470703125 0.083984375 0.044921875
2 0.9404296875 0.775390625 0.083984375 0.046875
2 0.9931640625 0.7998046875 0.01171875 0.03125
1 0.73828125 0.431640625 0.15234375 0.0703125
1 0.8701171875 0.4921875 0.123046875 0.078125
1 0.865234375 0.3798828125 0.10546875 0.08203125
1 0.9619140625 0.4365234375 0.076171875 0.08984375
1 0.9638671875 0.52734375 0.072265625 0.111328125
1 0.9580078125 0.337890625 0.083984375 0.12109375