2 0.580078125 0.099609375 0.0478515625 0.046875
2 0.6123046875 0.13671875 0.0419921875 0.0390625
2 0.646484375 0.185546875 0.056640625 0.0439453125
2 0.6865234375 0.220703125 0.0478515625 0.0439453125
2 0.72265625 0.2646484375 0.0517578125 0.0400390625
2 0.7607421875 0.310546875 0.0517578125 0.04296875
2 0.80859375 0.3525390625 0.0517578125 0.03515625
2 0.84765625 0.400390625 0.0576171875 0.0380859375
2 0.892578125 0.4482421875 0.05859375 0.0400390625
2 0.9326171875 0.4990234375 0.046875 0.041015625
2 0.416015625 0.119140625 0.05078125 0.0380859375
2 0.3759765625 0.169921875 0.0478515625 0.0400390625
2 0.3310546875 0.22265625 0.0478515625 0.0380859375
2 0.28515625 0.2734375 0.0498046875 0.04296875
2 0.244140625 0.328125 0.0546875 0.0458984375
2 0.19921875 0.3798828125 0.0537109375 0.048828125
2 0.15234375 0.4306640625 0.0517578125 0.052734375
2 0.107421875 0.484375 0.048828125 0.044921875
2 0.0205078125 0.59765625 0.041015625 0.0517578125
2 0.353515625 0.9794921875 0.05859375 0.041015625
2 0.447265625 0.9755859375 0.0771484375 0.0439453125
2 0.53125 0.96875 0.0712890625 0.0390625
2 0.6181640625 0.9599609375 0.0712890625 0.04296875
2 0.7099609375 0.953125 0.080078125 0.04296875
2 0.796875 0.9462890625 0.0751953125 0.044921875
2 0.8955078125 0.9384765625 0.0751953125 0.046875
2 0.9736328125 0.9326171875 0.0517578125 0.0419921875
3 0.3203125 0.6513671875 0.1044921875 0.109375
3 0.65234375 0.6142578125 0.10546875 0.103515625
1 0.7255859375 0.6845703125 0.154296875 0.103515625
1 0.2421875 0.7294921875 0.1865234375 0.091796875
1 0.111328125 0.78515625 0.0966796875 0.06640625
1 0.8447265625 0.716796875 0.0966796875 0.0625
1 0.5732421875 0.3583984375 0.08203125 0.0859375
1 0.451171875 0.3759765625 0.0947265625 0.0869140625
1 0.40234375 0.455078125 0.0927734375 0.060546875
1 0.6240234375 0.423828125 0.1240234375 0.0498046875
1 0.6728515625 0.50390625 0.1337890625 0.119140625
1 0.31640625 0.5361328125 0.1552734375 0.109375
1 0.22265625 0.6416015625 0.0986328125 0.0556640625
1 0.7548828125 0.5947265625 0.0830078125 0.0654296875