1 0.6748046875 0.26171875 0.33203125 0.4453125
1 0.673828125 0.7138671875 0.33203125 0.43359375
1 0.2236328125 0.30078125 0.25 0.3828125
1 0.224609375 0.6689453125 0.248046875 0.359375
1 0.4638671875 0.2080078125 0.0625 0.21875
1 0.3876953125 0.234375 0.05859375 0.19140625
0 0.427734375 0.1044921875 0.125 0.1328125
1 0.42578125 0.341796875 0.12890625 0.17578125
0 0.4267578125 0.46875 0.1171875 0.21484375
1 0.427734375 0.6162109375 0.1171875 0.13671875
1 0.470703125 0.7470703125 0.04296875 0.26171875
1 0.3837890625 0.7314453125 0.056640625 0.19140625
1 0.427734375 0.857421875 0.12890625 0.1796875