3 0.5703125 0.5 0.703125 1
1 0.0380859375 0.63671875 0.0625 0.060546875
1 0.083984375 0.6337890625 0.033203125 0.060546875
1 0.130859375 0.6328125 0.0703125 0.05859375
1 0.1826171875 0.6318359375 0.0390625 0.056640625
1 0.2275390625 0.6318359375 0.068359375 0.0625
2 0.015625 0.8935546875 0.03125 0.2109375
2 0.0517578125 0.865234375 0.1015625 0.224609375
2 0.14453125 0.8759765625 0.201171875 0.248046875
2 0.2431640625 0.85546875 0.14453125 0.2265625
2 0.3486328125 0.87109375 0.1796875 0.2578125
1 0.2705078125 0.13671875 0.056640625 0.19140625
1 0.26953125 0.279296875 0.05078125 0.109375
1 0.3681640625 0.107421875 0.060546875 0.09375
1 0.4150390625 0.0361328125 0.048828125 0.072265625
1 0.609375 0.0517578125 0.078125 0.103515625
1 0.767578125 0.08984375 0.0546875 0.1796875
1 0.765625 0.255859375 0.0625 0.171875
1 0.94140625 0.4140625 0.078125 0.125
1 0.98828125 0.4111328125 0.0234375 0.1328125