4 0.6669921875 0.5087890625 0.666015625 0.982421875
1 0.0166015625 0.990234375 0.033203125 0.01953125
1 0.0732421875 0.98828125 0.08984375 0.0234375
1 0.19140625 0.9853515625 0.07421875 0.029296875
1 0.1396484375 0.986328125 0.03515625 0.02734375
1 0.298828125 0.9833984375 0.158203125 0.033203125
1 0.4970703125 0.974609375 0.05078125 0.05078125
1 0.54296875 0.931640625 0.05078125 0.068359375
1 0.576171875 0.96484375 0.060546875 0.0703125
1 0.6171875 0.9140625 0.0546875 0.08984375
1 0.6640625 0.9716796875 0.06640625 0.056640625
1 0.6640625 0.8486328125 0.0625 0.0703125
1 0.708984375 0.9091796875 0.0546875 0.09765625
4 0.6650390625 0.9091796875 0.0546875 0.060546875
1 0.748046875 0.9609375 0.072265625 0.078125
1 0.74609375 0.8466796875 0.056640625 0.08203125
1 0.7939453125 0.7724609375 0.0546875 0.095703125
4 0.7509765625 0.7734375 0.05859375 0.0625
1 0.7099609375 0.796875 0.033203125 0.04296875
1 0.7861328125 0.904296875 0.048828125 0.09375
1 0.8291015625 0.9619140625 0.052734375 0.056640625
1 0.830078125 0.8310546875 0.056640625 0.078125
1 0.87109375 0.8974609375 0.052734375 0.0859375
4 0.8291015625 0.900390625 0.0546875 0.0703125
1 0.9091796875 0.951171875 0.05859375 0.05859375
1 0.9423828125 0.8935546875 0.046875 0.095703125
1 0.9765625 0.947265625 0.046875 0.05078125
1 0.9794921875 0.8203125 0.041015625 0.08203125
4 0.98046875 0.892578125 0.0390625 0.0625
1 0.9775390625 0.697265625 0.044921875 0.078125
1 0.943359375 0.6416015625 0.0390625 0.06640625
1 0.947265625 0.765625 0.046875 0.095703125
1 0.9091796875 0.8330078125 0.05859375 0.0859375
1 0.9052734375 0.6953125 0.05859375 0.08203125
1 0.8662109375 0.7666015625 0.05078125 0.099609375
4 0.9111328125 0.763671875 0.0546875 0.056640625
4 0.9765625 0.6279296875 0.046875 0.0546875
1 0.8251953125 0.71484375 0.05078125 0.064453125
1 0.9775390625 0.298828125 0.044921875 0.072265625
1 0.947265625 0.3466796875 0.03125 0.0390625
1 0.9736328125 0.181640625 0.052734375 0.0625
1 0.9345703125 0.111328125 0.05078125 0.08203125
4 0.9794921875 0.1103515625 0.041015625 0.052734375
1 0.939453125 0.23828125 0.046875 0.0859375
1 0.9013671875 0.302734375 0.056640625 0.0625
1 0.900390625 0.1708984375 0.0546875 0.072265625
1 0.8564453125 0.236328125 0.05078125 0.107421875
1 0.8203125 0.177734375 0.05859375 0.07421875
1 0.8623046875 0.111328125 0.05078125 0.078125
1 0.78515625 0.2392578125 0.05078125 0.09375
1 0.77734375 0.107421875 0.046875 0.099609375
1 0.7412109375 0.1650390625 0.05859375 0.08203125
4 0.90234375 0.236328125 0.0546875 0.0703125
4 0.82421875 0.1083984375 0.0546875 0.068359375
4 0.748046875 0.2392578125 0.048828125 0.0546875
1 0.701171875 0.107421875 0.046875 0.0859375
1 0.6572265625 0.1611328125 0.0546875 0.05859375
1 0.6083984375 0.0986328125 0.046875 0.08984375
4 0.66015625 0.1015625 0.048828125 0.064453125
4 0.05078125 0.458984375 0.1015625 0.15234375
1 0.005859375 0.9404296875 0.01171875 0.033203125
1 0.0234375 0.93359375 0.02734375 0.041015625
1 0.044921875 0.9326171875 0.02734375 0.03515625
1 0.068359375 0.931640625 0.03125 0.037109375
1 0.0927734375 0.9267578125 0.0234375 0.03515625
1 0.11328125 0.9287109375 0.0234375 0.037109375
1 0.1328125 0.92578125 0.01953125 0.0390625
1 0.1533203125 0.9228515625 0.0234375 0.044921875
1 0.1748046875 0.9228515625 0.03125 0.03515625
1 0.2041015625 0.923828125 0.02734375 0.041015625
1 0.2294921875 0.9208984375 0.02734375 0.03515625
1 0.259765625 0.916015625 0.02734375 0.0390625
1 0.287109375 0.912109375 0.0234375 0.0390625
1 0.3095703125 0.90625 0.02734375 0.044921875
1 0.3095703125 0.87109375 0.0234375 0.041015625
1 0.310546875 0.837890625 0.02734375 0.03515625
1 0.310546875 0.80859375 0.029296875 0.03515625
1 0.3076171875 0.7783203125 0.02734375 0.04296875
1 0.310546875 0.7412109375 0.025390625 0.046875
1 0.3095703125 0.7021484375 0.02734375 0.0390625
1 0.3095703125 0.677734375 0.02734375 0.046875
1 0.3076171875 0.642578125 0.02734375 0.04296875
1 0.3076171875 0.6123046875 0.02734375 0.041015625
1 0.30859375 0.5830078125 0.025390625 0.03125
1 0.30859375 0.5439453125 0.02734375 0.0546875
1 0.30859375 0.515625 0.0234375 0.0390625
1 0.3076171875 0.474609375 0.02734375 0.046875
1 0.30859375 0.4443359375 0.025390625 0.046875
1 0.3076171875 0.40625 0.025390625 0.046875
1 0.306640625 0.380859375 0.025390625 0.05078125
1 0.306640625 0.34765625 0.025390625 0.0546875
1 0.306640625 0.3193359375 0.02734375 0.05078125
1 0.3056640625 0.28125 0.02734375 0.0546875
1 0.306640625 0.2451171875 0.025390625 0.0390625
1 0.3056640625 0.2138671875 0.025390625 0.046875
1 0.306640625 0.1806640625 0.0234375 0.044921875
1 0.306640625 0.1513671875 0.0234375 0.041015625
1 0.3037109375 0.115234375 0.03125 0.03515625
1 0.2626953125 0.1103515625 0.037109375 0.03515625
1 0.2255859375 0.11328125 0.0390625 0.0390625
1 0.197265625 0.109375 0.041015625 0.041015625
1 0.1728515625 0.109375 0.0390625 0.037109375
1 0.1513671875 0.109375 0.03515625 0.0390625
1 0.130859375 0.107421875 0.037109375 0.03125
1 0.1123046875 0.10546875 0.03515625 0.037109375
1 0.0849609375 0.10546875 0.03515625 0.037109375
1 0.0625 0.107421875 0.0390625 0.03515625
1 0.0380859375 0.1025390625 0.04296875 0.03515625
1 0.01171875 0.1015625 0.0234375 0.03125