1 0.6767578125 0.8544921875 0.06640625 0.1171875
1 0.734375 0.931640625 0.0546875 0.119140625
1 0.619140625 0.775390625 0.060546875 0.107421875
1 0.5546875 0.8037109375 0.05078125 0.11328125
1 0.5068359375 0.783203125 0.0390625 0.12890625
1 0.4384765625 0.7724609375 0.08984375 0.142578125
1 0.3701171875 0.7626953125 0.056640625 0.107421875
1 0.31640625 0.7333984375 0.04296875 0.115234375
1 0.2626953125 0.765625 0.056640625 0.1484375
1 0.2177734375 0.7978515625 0.02734375 0.13671875
1 0.169921875 0.845703125 0.0703125 0.14453125
1 0.1220703125 0.87109375 0.0234375 0.1171875
1 0.0908203125 0.8974609375 0.05859375 0.12890625
1 0.0546875 0.9296875 0.033203125 0.107421875
1 0.0185546875 0.9423828125 0.037109375 0.115234375
1 0.529296875 0.55859375 0.05078125 0.08203125
1 0.408203125 0.5263671875 0.0546875 0.08984375
1 0.146484375 0.3349609375 0.0625 0.0859375
1 0.1044921875 0.1904296875 0.109375 0.19921875
1 0.3759765625 0.2587890625 0.064453125 0.08984375
1 0.4609375 0.2724609375 0.048828125 0.09765625
1 0.2939453125 0.25 0.03515625 0.10546875
1 0.2255859375 0.2841796875 0.07421875 0.12109375
1 0.0283203125 0.5390625 0.056640625 0.20703125
1 0.2080078125 0.6220703125 0.107421875 0.21875
1 0.0791015625 0.7314453125 0.158203125 0.244140625
1 0.7216796875 0.7431640625 0.078125 0.140625
1 0.9248046875 0.9541015625 0.119140625 0.091796875