0 0.6962890625 0.076171875 0.0869140625 0.09375
0 0.703125 0.2275390625 0.0791015625 0.1435546875
0 0.6982421875 0.369140625 0.0625 0.0859375
0 0.0693359375 0.0595703125 0.099609375 0.076171875
0 0.068359375 0.203125 0.09375 0.154296875
0 0.0625 0.3564453125 0.095703125 0.091796875
0 0.0517578125 0.45703125 0.0576171875 0.08203125
0 0.2119140625 0.458984375 0.0537109375 0.0849609375
0 0.359375 0.466796875 0.0478515625 0.0693359375
0 0.51953125 0.4599609375 0.0537109375 0.0830078125
0 0.6669921875 0.458984375 0.046875 0.078125
0 0.8173828125 0.46484375 0.0478515625 0.0751953125
0 0.974609375 0.4619140625 0.04296875 0.083984375
0 0.6884765625 0.953125 0.0849609375 0.0927734375
0 0.322265625 0.95703125 0.0810546875 0.0859375
0 0.8759765625 0.9658203125 0.0849609375 0.068359375
0 0.5068359375 0.96875 0.09375 0.0625
0 0.134765625 0.9716796875 0.078125 0.056640625
1 0.228515625 0.9482421875 0.1181640625 0.1025390625
1 0.419921875 0.9453125 0.119140625 0.1083984375
1 0.0595703125 0.9482421875 0.119140625 0.1025390625
1 0.7861328125 0.9482421875 0.1220703125 0.1025390625
1 0.5908203125 0.9453125 0.1103515625 0.1083984375
1 0.9482421875 0.951171875 0.103515625 0.0966796875
1 0.130859375 0.45703125 0.1181640625 0.0732421875
1 0.287109375 0.455078125 0.11328125 0.0791015625
1 0.4345703125 0.4560546875 0.111328125 0.080078125
1 0.5888671875 0.4609375 0.1171875 0.0732421875
1 0.7431640625 0.4580078125 0.1181640625 0.0751953125
1 0.9013671875 0.458984375 0.123046875 0.0791015625
1 0.94921875 0.6181640625 0.1005859375 0.15234375
1 0.77734375 0.6201171875 0.1396484375 0.14453125
1 0.5888671875 0.6259765625 0.1416015625 0.1630859375
1 0.416015625 0.626953125 0.1416015625 0.162109375
1 0.2265625 0.6279296875 0.1474609375 0.1708984375
1 0.0556640625 0.6279296875 0.1103515625 0.1572265625
1 0.0693359375 0.8076171875 0.0439453125 0.083984375
1 0.1484375 0.802734375 0.0478515625 0.0810546875
1 0.2265625 0.80078125 0.0439453125 0.0810546875
1 0.302734375 0.7998046875 0.041015625 0.080078125
1 0.3779296875 0.798828125 0.048828125 0.0791015625
1 0.4560546875 0.80078125 0.0458984375 0.0791015625
1 0.5322265625 0.80078125 0.046875 0.0810546875
1 0.60546875 0.7978515625 0.04296875 0.076171875
1 0.6787109375 0.7998046875 0.0478515625 0.0771484375
1 0.75390625 0.7958984375 0.0439453125 0.0791015625
1 0.8349609375 0.7978515625 0.0458984375 0.08203125
1 0.9111328125 0.802734375 0.046875 0.0751953125
1 0.982421875 0.8046875 0.03515625 0.0771484375