4 0.3076171875 0.54296875 0.3369140625 0.84375
4 0.181640625 0.681640625 0.080078125 0.2626953125
4 0.2705078125 0.6875 0.1533203125 0.2783203125
4 0.396484375 0.6748046875 0.095703125 0.2841796875
4 0.7216796875 0.4677734375 0.1376953125 0.3720703125
4 0.673828125 0.5146484375 0.037109375 0.1162109375
4 0.7138671875 0.517578125 0.0654296875 0.125
4 0.7607421875 0.521484375 0.041015625 0.125
4 0.80859375 0.4306640625 0.080078125 0.2451171875
4 0.8623046875 0.4140625 0.0556640625 0.177734375
4 0.8974609375 0.41015625 0.048828125 0.1455078125