0 0.369140625 0.041015625 0.0478515625 0.03515625
0 0.365234375 0.1083984375 0.0625 0.03515625
0 0.3623046875 0.1767578125 0.0498046875 0.0380859375
0 0.3662109375 0.244140625 0.0546875 0.0390625
0 0.359375 0.314453125 0.048828125 0.0361328125
0 0.3583984375 0.3837890625 0.046875 0.03515625
0 0.3505859375 0.45703125 0.04296875 0.033203125
0 0.349609375 0.5322265625 0.0458984375 0.041015625
0 0.349609375 0.603515625 0.05859375 0.033203125
0 0.3466796875 0.671875 0.0537109375 0.041015625
0 0.34375 0.833984375 0.0546875 0.04296875
0 0.3408203125 0.9130859375 0.044921875 0.0400390625
0 0.4677734375 0.9345703125 0.08984375 0.103515625
0 0.59375 0.9208984375 0.0439453125 0.0400390625
0 0.4677734375 0.80078125 0.0830078125 0.091796875
0 0.599609375 0.8388671875 0.044921875 0.046875
0 0.4716796875 0.6728515625 0.0791015625 0.1005859375
0 0.5947265625 0.759765625 0.05078125 0.0419921875
0 0.6103515625 0.5634765625 0.048828125 0.04296875
0 0.46875 0.54296875 0.09765625 0.08984375
0 0.603515625 0.48828125 0.0458984375 0.0390625
0 0.478515625 0.4228515625 0.0810546875 0.0947265625
0 0.60546875 0.4169921875 0.046875 0.04296875
0 0.6064453125 0.3486328125 0.0498046875 0.04296875
0 0.603515625 0.2744140625 0.05859375 0.048828125
0 0.4775390625 0.3076171875 0.08984375 0.0908203125
0 0.4765625 0.1875 0.0830078125 0.0810546875
0 0.611328125 0.208984375 0.0478515625 0.041015625
0 0.6181640625 0.1416015625 0.052734375 0.0380859375
0 0.48828125 0.080078125 0.0625 0.0849609375
0 0.568359375 0.0166015625 0.0419921875 0.0322265625
0 0.46484375 0.009765625 0.0478515625 0.01953125