0 0.54296875 0.0771484375 0.1953125 0.1123046875
0 0.6708984375 0.111328125 0.1591796875 0.12109375
0 0.818359375 0.0732421875 0.16796875 0.1279296875
0 0.8251953125 0.2080078125 0.1767578125 0.130859375
0 0.6494140625 0.2451171875 0.1494140625 0.1376953125
0 0.4931640625 0.2138671875 0.14453125 0.1376953125
0 0.4951171875 0.3564453125 0.1669921875 0.1103515625
0 0.6298828125 0.388671875 0.1875 0.1083984375
0 0.8076171875 0.3486328125 0.1669921875 0.1298828125
0 0.7900390625 0.4912109375 0.189453125 0.130859375
0 0.63671875 0.5380859375 0.2314453125 0.1064453125
0 0.4501953125 0.501953125 0.16796875 0.12890625
0 0.4560546875 0.6533203125 0.2490234375 0.1220703125
0 0.6171875 0.6923828125 0.255859375 0.126953125
0 0.7724609375 0.6357421875 0.1650390625 0.1357421875
0 0.8916015625 0.634765625 0.126953125 0.1337890625
0 0.4326171875 0.8046875 0.2236328125 0.1357421875
0 0.5732421875 0.859375 0.19921875 0.1416015625
0 0.75 0.8095703125 0.1611328125 0.146484375
0 0.8896484375 0.7890625 0.1337890625 0.1396484375
0 0.732421875 0.9453125 0.18359375 0.109375
0 0.880859375 0.931640625 0.12109375 0.119140625
0 0.4189453125 0.9521484375 0.21484375 0.0947265625