0 0.455078125 0.052734375 0.20703125 0.10546875
0 0.3193359375 0.0830078125 0.16796875 0.12890625
0 0.1630859375 0.0546875 0.177734375 0.109375
0 0.1552734375 0.185546875 0.1875 0.138671875
0 0.3427734375 0.224609375 0.158203125 0.146484375
0 0.5078125 0.19140625 0.15234375 0.146484375
0 0.505859375 0.341796875 0.17578125 0.1171875
0 0.3623046875 0.376953125 0.19921875 0.115234375
0 0.1748046875 0.333984375 0.17578125 0.13671875
0 0.1923828125 0.4853515625 0.201171875 0.138671875
0 0.35546875 0.5361328125 0.24609375 0.11328125
0 0.5537109375 0.4970703125 0.177734375 0.13671875
0 0.546875 0.658203125 0.263671875 0.12890625
0 0.376953125 0.69921875 0.271484375 0.134765625
0 0.2119140625 0.6396484375 0.17578125 0.14453125
0 0.0849609375 0.6376953125 0.134765625 0.140625
0 0.572265625 0.818359375 0.23828125 0.14453125
0 0.4228515625 0.876953125 0.2109375 0.150390625
0 0.2353515625 0.8232421875 0.171875 0.15625
0 0.0869140625 0.8017578125 0.142578125 0.1484375
0 0.255859375 0.9541015625 0.1953125 0.091796875
0 0.0966796875 0.9443359375 0.12890625 0.109375
0 0.587890625 0.9619140625 0.2265625 0.076171875