2 0.5087890625 0.8212890625 0.1025390625 0.0615234375
2 0.5830078125 0.8798828125 0.0673828125 0.0859375
2 0.65625 0.9365234375 0.1005859375 0.10546875
2 0.44140625 0.8740234375 0.0703125 0.087890625
2 0.373046875 0.9267578125 0.107421875 0.1103515625
2 0.2744140625 0.9697265625 0.080078125 0.060546875
2 0.5107421875 0.2470703125 0.0986328125 0.0732421875
2 0.5830078125 0.30859375 0.0673828125 0.0986328125
2 0.6572265625 0.3701171875 0.095703125 0.126953125
2 0.4404296875 0.30859375 0.080078125 0.09765625
2 0.3603515625 0.3779296875 0.095703125 0.09375
2 0.2255859375 0.4677734375 0.064453125 0.10546875
2 0.1767578125 0.5302734375 0.0751953125 0.103515625
2 0.205078125 0.619140625 0.109375 0.076171875
2 0.8232421875 0.62890625 0.1279296875 0.0791015625
2 0.8525390625 0.541015625 0.0732421875 0.1064453125
2 0.7919921875 0.478515625 0.076171875 0.0927734375
2 0.732421875 0.416015625 0.0576171875 0.0869140625
2 0.513671875 0.373046875 0.16015625 0.0634765625