0 0.0439453125 0.1416015625 0.087890625 0.19140625
0 0.0380859375 0.3544921875 0.076171875 0.212890625
0 0.1513671875 0.15234375 0.134765625 0.18359375
0 0.1455078125 0.353515625 0.13671875 0.1875
0 0.2998046875 0.1484375 0.1484375 0.2109375
0 0.2880859375 0.3505859375 0.1640625 0.23046875
0 0.4326171875 0.1357421875 0.14453125 0.1953125
0 0.435546875 0.3486328125 0.15625 0.1953125
0 0.599609375 0.142578125 0.1640625 0.21484375
0 0.591796875 0.3447265625 0.16015625 0.19921875
0 0.755859375 0.1435546875 0.15625 0.21484375
0 0.7490234375 0.353515625 0.173828125 0.2265625
0 0.9208984375 0.1494140625 0.158203125 0.1953125
0 0.9208984375 0.3701171875 0.158203125 0.2421875
1 0.0654296875 0.6103515625 0.130859375 0.140625
1 0.216796875 0.6171875 0.197265625 0.212890625
1 0.39453125 0.625 0.203125 0.1796875
1 0.580078125 0.6279296875 0.19921875 0.173828125
1 0.78125 0.642578125 0.234375 0.205078125
1 0.9326171875 0.6416015625 0.1328125 0.181640625
1 0.9169921875 0.880859375 0.166015625 0.23828125
1 0.5458984375 0.8740234375 0.384765625 0.251953125
1 0.1533203125 0.8505859375 0.306640625 0.298828125