2 0.8701171875 0.26953125 0.2578125 0.09765625
3 0.4736328125 0.51171875 0.59765625 0.25390625
3 0.4404296875 0.6708984375 0.4765625 0.22265625
2 0.97265625 0.07421875 0.0546875 0.05078125
2 0.9560546875 0.09765625 0.087890625 0.0390625
2 0.9306640625 0.1259765625 0.13671875 0.046875
2 0.9033203125 0.146484375 0.14453125 0.04296875
2 0.8681640625 0.1748046875 0.142578125 0.04296875
2 0.826171875 0.203125 0.1484375 0.046875
2 0.7919921875 0.2216796875 0.150390625 0.046875
2 0.74609375 0.2529296875 0.1484375 0.044921875
2 0.701171875 0.2822265625 0.1484375 0.05078125
2 0.6630859375 0.30859375 0.15625 0.0546875
2 0.603515625 0.3408203125 0.15234375 0.060546875
2 0.5625 0.37109375 0.1484375 0.05859375
2 0.52734375 0.4033203125 0.138671875 0.0546875
2 0.4794921875 0.435546875 0.158203125 0.0625
2 0.8603515625 0.326171875 0.091796875 0.037109375
2 0.8291015625 0.341796875 0.109375 0.03125
2 0.80078125 0.3681640625 0.111328125 0.03515625
2 0.7685546875 0.390625 0.10546875 0.03125
2 0.7333984375 0.4111328125 0.1171875 0.03125
2 0.6982421875 0.435546875 0.10546875 0.0390625
2 0.666015625 0.458984375 0.107421875 0.046875
2 0.6318359375 0.484375 0.10546875 0.033203125
2 0.59375 0.5126953125 0.109375 0.0390625
0 0.7626953125 0.673828125 0.1015625 0.068359375
0 0.796875 0.748046875 0.08984375 0.072265625
0 0.833984375 0.818359375 0.09765625 0.068359375
0 0.8740234375 0.89453125 0.087890625 0.080078125
0 0.9150390625 0.9677734375 0.095703125 0.064453125
0 0.6640625 0.673828125 0.09765625 0.07421875
0 0.69921875 0.7451171875 0.10546875 0.0703125
0 0.7314453125 0.8193359375 0.095703125 0.078125
0 0.7744140625 0.8994140625 0.11328125 0.080078125
0 0.8056640625 0.9716796875 0.1015625 0.056640625
0 0.564453125 0.6728515625 0.10546875 0.07421875
0 0.6962890625 0.5390625 0.08984375 0.0625
0 0.6337890625 0.8271484375 0.109375 0.0703125
0 0.66796875 0.91015625 0.115234375 0.078125
0 0.701171875 0.974609375 0.103515625 0.05078125
0 0.587890625 0.9775390625 0.11328125 0.044921875
0 0.556640625 0.9091796875 0.10546875 0.08203125
0 0.5205078125 0.8330078125 0.10546875 0.0703125
0 0.4140625 0.8369140625 0.111328125 0.080078125
0 0.447265625 0.9140625 0.109375 0.08203125
0 0.478515625 0.98046875 0.10546875 0.0390625
0 0.359375 0.982421875 0.140625 0.03515625
0 0.330078125 0.9228515625 0.1171875 0.0703125
0 0.2978515625 0.83984375 0.125 0.083984375
0 0.271484375 0.76171875 0.11328125 0.06640625
0 0.3896484375 0.759765625 0.109375 0.068359375
0 0.1748046875 0.8466796875 0.140625 0.07421875
1 0.421875 0.0078125 0.060546875 0.015625
1 0.466796875 0.0244140625 0.0703125 0.029296875
1 0.513671875 0.0439453125 0.06640625 0.029296875
1 0.521484375 0.0673828125 0.0625 0.0234375
1 0.501953125 0.08984375 0.068359375 0.0234375
1 0.466796875 0.103515625 0.07421875 0.0234375
1 0.4326171875 0.1171875 0.072265625 0.02734375
1 0.3916015625 0.123046875 0.0625 0.03125
1 0.349609375 0.138671875 0.0546875 0.0390625
1 0.2978515625 0.1357421875 0.0625 0.037109375
1 0.2939453125 0.1650390625 0.064453125 0.025390625
1 0.240234375 0.19921875 0.09375 0.0703125
1 0.142578125 0.2724609375 0.095703125 0.099609375
1 0.083984375 0.1806640625 0.07421875 0.076171875
4 0.267578125 0.056640625 0.32421875 0.11328125
4 0.6005859375 0.115234375 0.0703125 0.046875
4 0.55078125 0.1396484375 0.0703125 0.05078125
4 0.5078125 0.1640625 0.07421875 0.046875
4 0.4677734375 0.1884765625 0.064453125 0.044921875
4 0.408203125 0.2158203125 0.07421875 0.05078125
4 0.359375 0.2421875 0.0859375 0.04296875
4 0.3125 0.2705078125 0.078125 0.04296875
4 0.2578125 0.2978515625 0.080078125 0.05859375
4 0.1943359375 0.3369140625 0.072265625 0.052734375
4 0.021484375 0.224609375 0.04296875 0.05859375
4 0.0400390625 0.2705078125 0.06640625 0.05078125
4 0.064453125 0.3388671875 0.0625 0.078125
4 0.09765625 0.396484375 0.06640625 0.052734375
4 0.1162109375 0.4599609375 0.0546875 0.0625
4 0.13671875 0.5166015625 0.060546875 0.046875
4 0.1591796875 0.5751953125 0.064453125 0.0625
4 0.1904296875 0.62890625 0.0546875 0.05078125
0 0.009765625 0.3828125 0.01953125 0.03125
0 0.0205078125 0.4267578125 0.041015625 0.04296875
0 0.029296875 0.4697265625 0.05859375 0.0390625
0 0.0478515625 0.5166015625 0.0546875 0.03515625
0 0.0595703125 0.5673828125 0.0546875 0.041015625
0 0.0751953125 0.6171875 0.05078125 0.0390625
0 0.095703125 0.6650390625 0.056640625 0.0390625