4 0.4873046875 0.4892578125 0.1474609375 0.390625
1 0.3486328125 0.8779296875 0.2138671875 0.125
1 0.642578125 0.8642578125 0.2294921875 0.1220703125
1 0.638671875 0.7314453125 0.1474609375 0.18359375
1 0.3251953125 0.7314453125 0.1767578125 0.18359375
1 0.3681640625 0.552734375 0.0947265625 0.1845703125
1 0.6123046875 0.548828125 0.109375 0.193359375
3 0.1142578125 0.740234375 0.21875 0.447265625
3 0.8828125 0.669921875 0.2177734375 0.48828125
1 0.8525390625 0.5283203125 0.0966796875 0.20703125
1 0.8076171875 0.443359375 0.107421875 0.224609375
1 0.76171875 0.337890625 0.0869140625 0.224609375
1 0.6962890625 0.2529296875 0.0947265625 0.224609375
1 0.62890625 0.1796875 0.09375 0.19140625
1 0.5625 0.130859375 0.10546875 0.1875
1 0.49609375 0.095703125 0.11328125 0.189453125
1 0.4228515625 0.1298828125 0.0986328125 0.205078125
1 0.3544921875 0.1953125 0.09375 0.208984375
1 0.28515625 0.2724609375 0.1015625 0.232421875
1 0.2265625 0.369140625 0.09375 0.2109375
1 0.185546875 0.4580078125 0.119140625 0.2138671875
1 0.1318359375 0.55859375 0.1025390625 0.22265625