1 0.65625 0.55078125 0.3662109375 0.4150390625
1 0.1171875 0.349609375 0.232421875 0.361328125
1 0.966796875 0.1142578125 0.06640625 0.2041015625
1 0.8935546875 0.1064453125 0.1044921875 0.212890625
1 0.7939453125 0.10546875 0.1181640625 0.2109375
1 0.6923828125 0.0908203125 0.0986328125 0.1806640625
1 0.615234375 0.0849609375 0.12109375 0.169921875
1 0.5009765625 0.076171875 0.12890625 0.140625
1 0.373046875 0.0634765625 0.1298828125 0.126953125
1 0.2744140625 0.0439453125 0.072265625 0.087890625
1 0.0458984375 0.783203125 0.091796875 0.3876953125
1 0.12890625 0.8232421875 0.08203125 0.353515625
1 0.19140625 0.833984375 0.12109375 0.33203125
1 0.3447265625 0.8662109375 0.16015625 0.267578125
1 0.546875 0.896484375 0.2373046875 0.2060546875