3 0.42578125 0.333984375 0.0380859375 0.0244140625
3 0.404296875 0.3505859375 0.0390625 0.021484375
3 0.3564453125 0.326171875 0.0283203125 0.017578125
3 0.373046875 0.3173828125 0.0263671875 0.013671875
3 0.3798828125 0.3671875 0.03125 0.0224609375
3 0.4228515625 0.416015625 0.0478515625 0.02734375
3 0.44921875 0.396484375 0.04296875 0.02734375
3 0.4736328125 0.376953125 0.0419921875 0.03125
1 0.6669921875 0.4111328125 0.044921875 0.01953125
1 0.6689453125 0.44140625 0.0439453125 0.021484375
1 0.673828125 0.4677734375 0.0498046875 0.0263671875
1 0.67578125 0.498046875 0.0439453125 0.0263671875
1 0.677734375 0.5263671875 0.048828125 0.0263671875
1 0.689453125 0.5615234375 0.048828125 0.0302734375
1 0.7724609375 0.576171875 0.0537109375 0.0263671875
1 0.767578125 0.5419921875 0.05859375 0.0224609375
1 0.7607421875 0.60546875 0.056640625 0.03515625
1 0.7373046875 0.3837890625 0.046875 0.0322265625
1 0.7451171875 0.41796875 0.052734375 0.02734375
1 0.7451171875 0.4453125 0.0517578125 0.025390625
1 0.7431640625 0.474609375 0.05078125 0.0322265625
3 0.732421875 0.5078125 0.1640625 0.056640625
3 0.6484375 0.6103515625 0.2626953125 0.1513671875
3 0.6923828125 0.712890625 0.1796875 0.080078125
3 0.6962890625 0.7802734375 0.150390625 0.068359375
3 0.67578125 0.9267578125 0.0986328125 0.056640625
3 0.517578125 0.884765625 0.0830078125 0.0234375
1 0.6240234375 0.6982421875 0.0380859375 0.03125
1 0.583984375 0.68359375 0.0400390625 0.02734375
1 0.55078125 0.6708984375 0.046875 0.0322265625
1 0.515625 0.6572265625 0.0419921875 0.0263671875
1 0.486328125 0.646484375 0.0419921875 0.0263671875
1 0.4521484375 0.6298828125 0.05078125 0.029296875
1 0.4208984375 0.6171875 0.03515625 0.0224609375
1 0.3916015625 0.611328125 0.046875 0.0302734375
2 0.3310546875 0.6318359375 0.201171875 0.119140625
2 0.396484375 0.56640625 0.1923828125 0.103515625
3 0.560546875 0.2763671875 0.0263671875 0.017578125
3 0.6396484375 0.2958984375 0.025390625 0.0234375
2 0.7744140625 0.3349609375 0.181640625 0.15625
2 0.689453125 0.3564453125 0.1064453125 0.099609375
2 0.849609375 0.2724609375 0.0341796875 0.03125
2 0.8486328125 0.2431640625 0.0478515625 0.033203125
2 0.849609375 0.2158203125 0.0537109375 0.0283203125
2 0.8447265625 0.18359375 0.0615234375 0.0263671875
2 0.837890625 0.15234375 0.060546875 0.0322265625
2 0.4091796875 0.7001953125 0.037109375 0.0302734375
2 0.435546875 0.7373046875 0.03515625 0.0322265625
2 0.4677734375 0.77734375 0.0322265625 0.03125
2 0.4951171875 0.8154296875 0.03125 0.025390625
2 0.5263671875 0.8583984375 0.0390625 0.02734375
2 0.55859375 0.8974609375 0.037109375 0.025390625
2 0.587890625 0.9375 0.0341796875 0.02734375
2 0.6142578125 0.978515625 0.0419921875 0.0302734375