0 0.826171875 0.80078125 0.109375 0.064453125
0 0.8837890625 0.6435546875 0.10546875 0.05859375
0 0.9453125 0.4736328125 0.109375 0.064453125
0 0.9375 0.33203125 0.08984375 0.04296875
0 0.8447265625 0.2373046875 0.09375 0.0390625
0 0.7626953125 0.1572265625 0.078125 0.03515625
0 0.396484375 0.59375 0.150390625 0.0859375
0 0.375 0.2744140625 0.158203125 0.06640625
1 0.1044921875 0.9697265625 0.0625 0.052734375
1 0.087890625 0.9326171875 0.05078125 0.04296875
1 0.080078125 0.8935546875 0.05078125 0.0390625
1 0.0732421875 0.85546875 0.0546875 0.04296875
1 0.0595703125 0.818359375 0.05078125 0.0390625
1 0.052734375 0.7880859375 0.056640625 0.03515625
1 0.2529296875 0.978515625 0.0859375 0.04296875
1 0.2421875 0.951171875 0.0859375 0.05078125
1 0.2333984375 0.916015625 0.0859375 0.046875
1 0.220703125 0.8876953125 0.08203125 0.05078125
1 0.2080078125 0.8583984375 0.07421875 0.046875
1 0.2021484375 0.82421875 0.078125 0.046875
1 0.193359375 0.7958984375 0.08203125 0.05078125
1 0.1875 0.76953125 0.07421875 0.0390625
1 0.3994140625 0.984375 0.052734375 0.03125
1 0.3837890625 0.943359375 0.046875 0.048828125
1 0.37109375 0.90234375 0.0546875 0.044921875
1 0.357421875 0.8681640625 0.048828125 0.044921875
1 0.341796875 0.83203125 0.05078125 0.04296875
1 0.3291015625 0.7978515625 0.046875 0.033203125
1 0.3505859375 0.7666015625 0.1171875 0.0859375
1 0.373046875 0.68359375 0.13671875 0.0859375
1 0.41015625 0.525390625 0.13671875 0.0703125
1 0.423828125 0.451171875 0.14453125 0.09765625
1 0.4228515625 0.3544921875 0.134765625 0.046875
1 0.3544921875 0.23046875 0.109375 0.046875
1 0.396484375 0.306640625 0.11328125 0.046875
1 0.328125 0.1875 0.11328125 0.05859375
1 0.60546875 0.7509765625 0.1640625 0.052734375
1 0.6171875 0.7109375 0.1796875 0.0703125
1 0.6337890625 0.6640625 0.171875 0.05078125
1 0.650390625 0.6220703125 0.1875 0.0625
1 0.6630859375 0.578125 0.16796875 0.046875
1 0.677734375 0.5341796875 0.177734375 0.056640625
1 0.6923828125 0.486328125 0.16796875 0.05859375
1 0.705078125 0.4443359375 0.1875 0.0625
1 0.6982421875 0.369140625 0.17578125 0.05859375
1 0.65234375 0.314453125 0.14453125 0.072265625
1 0.611328125 0.26171875 0.13671875 0.06640625
1 0.5703125 0.212890625 0.150390625 0.060546875
1 0.8330078125 0.7509765625 0.1171875 0.056640625
1 0.8525390625 0.6982421875 0.12890625 0.0546875
1 0.896484375 0.59375 0.1171875 0.064453125
1 0.92578125 0.53125 0.12890625 0.060546875
1 0.953125 0.4208984375 0.09375 0.052734375
1 0.9521484375 0.369140625 0.09375 0.05078125
1 0.896484375 0.30078125 0.1015625 0.046875
1 0.869140625 0.263671875 0.109375 0.04296875
1 0.8125 0.216796875 0.095703125 0.03515625
1 0.7890625 0.185546875 0.08984375 0.044921875