4 0.525390625 0.5107421875 0.33203125 0.45703125
0 0.22265625 0.7685546875 0.15234375 0.06640625
0 0.23828125 0.90234375 0.14453125 0.0859375
1 0.1787109375 0.83203125 0.08203125 0.09765625
1 0.2685546875 0.8212890625 0.06640625 0.091796875
1 0.1982421875 0.9638671875 0.083984375 0.072265625
1 0.2958984375 0.95703125 0.068359375 0.0859375
1 0.5556640625 0.2138671875 0.111328125 0.140625
1 0.4736328125 0.2353515625 0.0859375 0.140625
1 0.38671875 0.2734375 0.1171875 0.123046875
1 0.3232421875 0.322265625 0.154296875 0.09765625
1 0.25 0.3818359375 0.111328125 0.09765625
1 0.203125 0.4775390625 0.119140625 0.14453125
1 0.283203125 0.6005859375 0.12109375 0.06640625
1 0.408203125 0.7041015625 0.119140625 0.076171875
1 0.4560546875 0.771484375 0.1328125 0.06640625
1 0.556640625 0.7294921875 0.08203125 0.07421875
1 0.6376953125 0.7021484375 0.12109375 0.0859375
1 0.7509765625 0.6572265625 0.1328125 0.08984375
1 0.8447265625 0.5615234375 0.125 0.1171875
1 0.8466796875 0.47265625 0.119140625 0.091796875
1 0.8349609375 0.408203125 0.109375 0.08984375
1 0.806640625 0.3359375 0.109375 0.1015625
1 0.755859375 0.2802734375 0.1015625 0.109375
1 0.693359375 0.224609375 0.09765625 0.09765625