0 0.0673828125 0.857421875 0.01953125 0.044921875
0 0.072265625 0.900390625 0.041015625 0.0205078125
0 0.087890625 0.93359375 0.0419921875 0.021484375
1 0.0751953125 0.8828125 0.03125 0.0302734375
1 0.068359375 0.9150390625 0.0244140625 0.025390625
1 0.09375 0.9169921875 0.025390625 0.029296875
1 0.0859375 0.9501953125 0.029296875 0.037109375
1 0.0771484375 0.7177734375 0.0234375 0.046875
1 0.1005859375 0.7734375 0.0205078125 0.0576171875
1 0.072265625 0.759765625 0.015625 0.07421875
1 0.0888671875 0.7978515625 0.0390625 0.142578125
1 0.138671875 0.8955078125 0.0205078125 0.111328125
1 0.1298828125 0.9150390625 0.0087890625 0.0498046875
1 0.1865234375 0.962890625 0.0244140625 0.0361328125
1 0.2001953125 0.9765625 0.029296875 0.046875
1 0.2421875 0.9775390625 0.0634765625 0.04296875
1 0.2861328125 0.9833984375 0.0439453125 0.0322265625
1 0.3408203125 0.98046875 0.08203125 0.0390625
1 0.392578125 0.984375 0.0517578125 0.03125
1 0.44140625 0.9814453125 0.083984375 0.0361328125
1 0.623046875 0.984375 0.08203125 0.03125
1 0.6748046875 0.98828125 0.0283203125 0.0234375
1 0.7265625 0.9853515625 0.0869140625 0.0283203125
1 0.78125 0.990234375 0.0263671875 0.0185546875
1 0.8232421875 0.9873046875 0.072265625 0.025390625
1 0.873046875 0.9853515625 0.0341796875 0.029296875
0 0.96484375 0.9580078125 0.029296875 0.0576171875
1 0.9619140625 0.8056640625 0.0205078125 0.099609375
1 0.8857421875 0.740234375 0.07421875 0.044921875
1 0.8779296875 0.779296875 0.0732421875 0.05078125
1 0.865234375 0.830078125 0.068359375 0.044921875
1 0.857421875 0.859375 0.0673828125 0.037109375
1 0.8515625 0.8876953125 0.0693359375 0.0390625
1 0.8447265625 0.923828125 0.0703125 0.04296875
1 0.8037109375 0.9365234375 0.0322265625 0.033203125
1 0.7724609375 0.9375 0.0380859375 0.037109375
1 0.7392578125 0.9384765625 0.0322265625 0.03515625
1 0.705078125 0.9326171875 0.0380859375 0.02734375
1 0.671875 0.93359375 0.03125 0.02734375
1 0.638671875 0.93359375 0.0380859375 0.033203125
1 0.607421875 0.9345703125 0.0380859375 0.0322265625
1 0.5712890625 0.931640625 0.0400390625 0.0283203125
1 0.53515625 0.9326171875 0.046875 0.0380859375
1 0.4921875 0.927734375 0.041015625 0.033203125
1 0.4609375 0.9296875 0.033203125 0.029296875
1 0.4296875 0.9287109375 0.0400390625 0.0341796875
1 0.396484375 0.927734375 0.037109375 0.033203125
1 0.3603515625 0.9267578125 0.03515625 0.037109375
1 0.3271484375 0.927734375 0.03125 0.0322265625
1 0.2978515625 0.927734375 0.041015625 0.0361328125
1 0.2666015625 0.9296875 0.0322265625 0.033203125
1 0.228515625 0.908203125 0.08203125 0.0380859375
1 0.2158203125 0.875 0.0869140625 0.0341796875
1 0.2060546875 0.849609375 0.087890625 0.0419921875
1 0.1962890625 0.8115234375 0.087890625 0.0419921875
1 0.1806640625 0.7646484375 0.0888671875 0.046875
1 0.171875 0.728515625 0.08984375 0.0458984375
1 0.2451171875 0.728515625 0.048828125 0.0556640625
1 0.3125 0.734375 0.09765625 0.0625
1 0.251953125 0.783203125 0.04296875 0.0439453125
1 0.2724609375 0.8369140625 0.0458984375 0.0546875
1 0.287109375 0.8798828125 0.0380859375 0.05078125
1 0.328125 0.8828125 0.0673828125 0.046875
1 0.32421875 0.828125 0.0654296875 0.0625
1 0.380859375 0.8623046875 0.0595703125 0.04296875
1 0.4638671875 0.8876953125 0.080078125 0.0439453125
1 0.533203125 0.888671875 0.0537109375 0.03515625
1 0.58203125 0.8896484375 0.05859375 0.0439453125
1 0.6533203125 0.8896484375 0.1025390625 0.056640625
1 0.751953125 0.8916015625 0.09375 0.0537109375
1 0.7236328125 0.845703125 0.08203125 0.0498046875
1 0.7880859375 0.8359375 0.048828125 0.0693359375
1 0.720703125 0.7333984375 0.052734375 0.0498046875
1 0.810546875 0.734375 0.05859375 0.0390625
1 0.796875 0.7744140625 0.046875 0.0498046875
0 0.6982421875 0.69140625 0.1025390625 0.03125
0 0.80078125 0.6923828125 0.107421875 0.03515625
0 0.9013671875 0.6943359375 0.10546875 0.03125
0 0.943359375 0.630859375 0.0634765625 0.0712890625
0 0.966796875 0.5712890625 0.064453125 0.0771484375
0 0.97265625 0.5185546875 0.0546875 0.064453125
0 0.9814453125 0.45703125 0.037109375 0.08203125
0 0.9619140625 0.3671875 0.076171875 0.0439453125
0 0.859375 0.3681640625 0.134765625 0.044921875
0 0.736328125 0.3662109375 0.123046875 0.0400390625
0 0.2666015625 0.361328125 0.1376953125 0.0419921875
0 0.1337890625 0.3564453125 0.1396484375 0.037109375
0 0.0380859375 0.3564453125 0.0751953125 0.033203125
0 0.0244140625 0.453125 0.048828125 0.09375
0 0.04296875 0.529296875 0.0859375 0.109375
0 0.076171875 0.607421875 0.0693359375 0.0615234375
0 0.09375 0.6611328125 0.0439453125 0.0546875
0 0.1259765625 0.6728515625 0.099609375 0.041015625
0 0.2275390625 0.67578125 0.107421875 0.0380859375
0 0.3251953125 0.6767578125 0.1083984375 0.03515625
0 0.4033203125 0.685546875 0.0537109375 0.033203125
0 0.623046875 0.6923828125 0.044921875 0.0390625
1 0.4443359375 0.6318359375 0.0927734375 0.0556640625
1 0.576171875 0.638671875 0.09375 0.0556640625
1 0.658203125 0.6376953125 0.083984375 0.0595703125
1 0.7412109375 0.6416015625 0.080078125 0.052734375
1 0.830078125 0.6416015625 0.0966796875 0.0615234375
1 0.8486328125 0.59765625 0.1162109375 0.0791015625
1 0.8544921875 0.55078125 0.1240234375 0.04296875
1 0.865234375 0.5078125 0.115234375 0.05859375
1 0.876953125 0.4453125 0.1298828125 0.08203125
1 0.7724609375 0.439453125 0.10546875 0.076171875
1 0.671875 0.4375 0.1025390625 0.0771484375
1 0.5732421875 0.4375 0.111328125 0.07421875
1 0.5009765625 0.4345703125 0.05859375 0.07421875
1 0.427734375 0.4345703125 0.1064453125 0.07421875
1 0.3251953125 0.4326171875 0.107421875 0.07421875
1 0.228515625 0.43359375 0.1025390625 0.0732421875
1 0.130859375 0.4404296875 0.140625 0.09375
1 0.142578125 0.490234375 0.1318359375 0.072265625
1 0.158203125 0.5361328125 0.1123046875 0.0517578125
1 0.1689453125 0.5751953125 0.1083984375 0.048828125
1 0.18359375 0.623046875 0.107421875 0.060546875
1 0.2744140625 0.623046875 0.0888671875 0.0595703125
1 0.359375 0.6328125 0.068359375 0.0693359375
0 0.5048828125 0.544921875 0.109375 0.0712890625
1 0.318359375 0.5498046875 0.154296875 0.064453125
1 0.5048828125 0.501953125 0.2783203125 0.041015625
1 0.50390625 0.576171875 0.265625 0.052734375
1 0.712890625 0.541015625 0.16015625 0.064453125