2 0.12109375 0.56640625 0.2421875 0.1640625
2 0.640625 0.01171875 0.04296875 0.0234375
2 0.60546875 0.0283203125 0.05078125 0.0546875
2 0.5771484375 0.05859375 0.05078125 0.05859375
2 0.55078125 0.09375 0.05078125 0.05859375
2 0.5205078125 0.1318359375 0.052734375 0.06640625
2 0.4970703125 0.16015625 0.046875 0.0546875
2 0.466796875 0.19140625 0.05078125 0.056640625
2 0.443359375 0.2265625 0.05078125 0.056640625
2 0.41796875 0.2568359375 0.05078125 0.05859375
2 0.3916015625 0.2861328125 0.046875 0.052734375
2 0.3671875 0.318359375 0.05078125 0.05078125
2 0.341796875 0.3466796875 0.046875 0.060546875
2 0.3154296875 0.373046875 0.048828125 0.0546875
2 0.2939453125 0.4091796875 0.046875 0.0546875
2 0.26953125 0.43359375 0.048828125 0.05078125
2 0.2451171875 0.4599609375 0.04296875 0.046875
2 0.2177734375 0.486328125 0.04296875 0.0546875
2 0.1962890625 0.5126953125 0.044921875 0.05078125
2 0.193359375 0.6416015625 0.05078125 0.05078125
2 0.2177734375 0.6640625 0.05078125 0.05078125
2 0.2392578125 0.6904296875 0.046875 0.05078125
2 0.26171875 0.7177734375 0.052734375 0.068359375
2 0.2900390625 0.74609375 0.046875 0.048828125
2 0.314453125 0.7724609375 0.05078125 0.05078125
2 0.341796875 0.8037109375 0.048828125 0.0546875
2 0.3681640625 0.830078125 0.05078125 0.05859375
2 0.390625 0.8583984375 0.0546875 0.0546875
2 0.423828125 0.8876953125 0.046875 0.060546875
2 0.4521484375 0.9169921875 0.0546875 0.046875
2 0.4755859375 0.9521484375 0.052734375 0.05859375
2 0.50390625 0.9755859375 0.05859375 0.048828125
2 0.5283203125 0.98828125 0.048828125 0.0234375
1 0.5986328125 0.9892578125 0.033203125 0.021484375
1 0.5859375 0.982421875 0.03125 0.03515625
1 0.5712890625 0.9716796875 0.033203125 0.056640625
1 0.556640625 0.9580078125 0.0390625 0.0625
1 0.544921875 0.9453125 0.03515625 0.06640625
1 0.5283203125 0.9267578125 0.037109375 0.0625
1 0.5146484375 0.9130859375 0.033203125 0.06640625
1 0.5 0.8984375 0.03125 0.06640625
1 0.48828125 0.8837890625 0.03515625 0.0625
1 0.474609375 0.8681640625 0.033203125 0.07421875
1 0.4580078125 0.8486328125 0.033203125 0.0703125
1 0.4453125 0.837890625 0.03125 0.07421875
1 0.4296875 0.81640625 0.033203125 0.064453125
1 0.416015625 0.806640625 0.03125 0.0703125
1 0.4052734375 0.796875 0.033203125 0.0703125
1 0.3896484375 0.775390625 0.037109375 0.07421875
1 0.376953125 0.7626953125 0.029296875 0.06640625
1 0.365234375 0.748046875 0.03125 0.06640625
1 0.3515625 0.73828125 0.033203125 0.068359375
1 0.3408203125 0.7265625 0.03515625 0.07421875
1 0.322265625 0.7119140625 0.029296875 0.07421875
1 0.3125 0.697265625 0.03515625 0.06640625
1 0.296875 0.6826171875 0.03125 0.07421875
1 0.2880859375 0.669921875 0.02734375 0.06640625
1 0.2734375 0.6552734375 0.02734375 0.0625
1 0.2626953125 0.640625 0.025390625 0.0703125
1 0.25 0.6279296875 0.02734375 0.068359375
1 0.2392578125 0.615234375 0.02734375 0.05859375
1 0.2314453125 0.5419921875 0.03515625 0.05859375
1 0.2431640625 0.529296875 0.02734375 0.060546875
1 0.2529296875 0.521484375 0.0234375 0.068359375
1 0.2626953125 0.50390625 0.03125 0.07421875
1 0.27734375 0.48828125 0.025390625 0.06640625
1 0.2880859375 0.482421875 0.02734375 0.076171875
1 0.302734375 0.4677734375 0.0234375 0.078125
1 0.314453125 0.453125 0.0234375 0.072265625
1 0.328125 0.4365234375 0.0234375 0.07421875
1 0.337890625 0.421875 0.03125 0.07421875
1 0.353515625 0.412109375 0.0234375 0.068359375
1 0.3662109375 0.3935546875 0.02734375 0.06640625
1 0.3759765625 0.380859375 0.02734375 0.06640625
1 0.388671875 0.3642578125 0.02734375 0.06640625
1 0.40234375 0.3447265625 0.0234375 0.078125
1 0.4150390625 0.330078125 0.0234375 0.068359375
1 0.4306640625 0.3173828125 0.02734375 0.05859375
1 0.44140625 0.3076171875 0.02734375 0.076171875
1 0.45703125 0.2919921875 0.03125 0.078125
1 0.4814453125 0.2607421875 0.0234375 0.083984375
1 0.4951171875 0.2421875 0.02734375 0.078125
1 0.5107421875 0.2275390625 0.0234375 0.06640625
1 0.5263671875 0.2138671875 0.0234375 0.0703125
1 0.5341796875 0.1953125 0.02734375 0.0625
1 0.5498046875 0.1826171875 0.02734375 0.07421875
1 0.564453125 0.162109375 0.029296875 0.07421875
1 0.5791015625 0.150390625 0.025390625 0.07421875
1 0.5908203125 0.1279296875 0.02734375 0.0703125
1 0.6064453125 0.111328125 0.03125 0.078125
1 0.62109375 0.095703125 0.029296875 0.08203125
1 0.6357421875 0.080078125 0.02734375 0.07421875
1 0.650390625 0.060546875 0.029296875 0.0703125
1 0.6669921875 0.0419921875 0.033203125 0.07421875
1 0.6806640625 0.029296875 0.03125 0.05859375
1 0.701171875 0.0205078125 0.037109375 0.041015625
1 0.8603515625 0.0146484375 0.046875 0.029296875
1 0.8251953125 0.033203125 0.0390625 0.0546875
1 0.7958984375 0.064453125 0.044921875 0.05859375
1 0.7705078125 0.0966796875 0.041015625 0.0625
1 0.744140625 0.12890625 0.0390625 0.0703125
1 0.7177734375 0.1611328125 0.044921875 0.0625
1 0.6875 0.1943359375 0.044921875 0.068359375
1 0.6640625 0.2236328125 0.048828125 0.05859375
1 0.6357421875 0.2587890625 0.048828125 0.05078125
1 0.615234375 0.2783203125 0.0390625 0.0625
1 0.5888671875 0.3154296875 0.04296875 0.0703125
1 0.5625 0.333984375 0.046875 0.046875
1 0.5390625 0.37109375 0.04296875 0.0625
1 0.517578125 0.40234375 0.04296875 0.06640625
1 0.4921875 0.4248046875 0.0390625 0.056640625
1 0.4638671875 0.4453125 0.03515625 0.0625
1 0.443359375 0.4755859375 0.0390625 0.056640625
1 0.419921875 0.4970703125 0.044921875 0.056640625
1 0.4033203125 0.525390625 0.0390625 0.05859375
1 0.380859375 0.548828125 0.0390625 0.056640625
1 0.3544921875 0.587890625 0.05078125 0.064453125
1 0.3818359375 0.61328125 0.03125 0.04296875
1 0.3984375 0.638671875 0.033203125 0.046875
1 0.4248046875 0.6630859375 0.037109375 0.05078125
1 0.4462890625 0.6826171875 0.037109375 0.052734375
1 0.466796875 0.7080078125 0.0390625 0.0546875
1 0.4921875 0.734375 0.03125 0.05078125
1 0.5166015625 0.7607421875 0.037109375 0.05078125
1 0.5380859375 0.7822265625 0.03515625 0.05859375
1 0.5703125 0.8095703125 0.0390625 0.06640625
1 0.591796875 0.8388671875 0.0390625 0.05859375
1 0.6162109375 0.865234375 0.04296875 0.05859375
1 0.642578125 0.8935546875 0.041015625 0.05859375
1 0.6689453125 0.9248046875 0.0390625 0.060546875
1 0.6943359375 0.9521484375 0.037109375 0.06640625
1 0.71875 0.97265625 0.04296875 0.0546875
1 0.748046875 0.982421875 0.03515625 0.03515625
1 0.8818359375 0.8681640625 0.0390625 0.064453125
1 0.8154296875 0.9794921875 0.033203125 0.041015625
0 0.7646484375 0.916015625 0.0625 0.095703125
1 0.8251953125 0.8740234375 0.033203125 0.087890625
1 0.8681640625 0.7783203125 0.03515625 0.08984375
1 0.8349609375 0.7353515625 0.037109375 0.05078125
1 0.8466796875 0.671875 0.03125 0.0625
1 0.857421875 0.6044921875 0.0625 0.0703125
1 0.7353515625 0.8271484375 0.05859375 0.0625
1 0.7099609375 0.8837890625 0.04296875 0.048828125
1 0.7275390625 0.759765625 0.03125 0.0625
1 0.7177734375 0.66015625 0.03125 0.072265625
0 0.6396484375 0.7158203125 0.037109375 0.052734375
1 0.67578125 0.779296875 0.03125 0.0625
1 0.4599609375 0.615234375 0.03515625 0.03125
1 0.4599609375 0.5546875 0.03125 0.03515625
1 0.490234375 0.6611328125 0.046875 0.048828125
1 0.591796875 0.703125 0.03515625 0.052734375
1 0.5703125 0.7470703125 0.03515625 0.05078125
1 0.609375 0.775390625 0.05078125 0.05859375
1 0.640625 0.8359375 0.05078125 0.04296875
1 0.490234375 0.5087890625 0.05078125 0.048828125
0 0.51953125 0.474609375 0.041015625 0.0703125
1 0.5615234375 0.412109375 0.04296875 0.046875
1 0.59375 0.4443359375 0.0390625 0.05859375
1 0.60546875 0.3740234375 0.0546875 0.078125
1 0.642578125 0.30859375 0.046875 0.0703125
1 0.7119140625 0.2490234375 0.056640625 0.05078125
1 0.6787109375 0.353515625 0.03515625 0.072265625
1 0.7255859375 0.3203125 0.0625 0.0546875
1 0.7265625 0.38671875 0.033203125 0.0625
1 0.7099609375 0.4853515625 0.03125 0.07421875
1 0.8310546875 0.400390625 0.05078125 0.048828125
1 0.8408203125 0.462890625 0.0390625 0.080078125
1 0.8662109375 0.36328125 0.052734375 0.1015625
1 0.87109375 0.25390625 0.04296875 0.08203125
1 0.8125 0.2705078125 0.041015625 0.091796875
0 0.76171875 0.2265625 0.05859375 0.1015625
1 0.81640625 0.1416015625 0.044921875 0.08984375
1 0.875 0.056640625 0.046875 0.08984375
1 0.91796875 0.017578125 0.03125 0.03515625
1 0.91796875 0.0615234375 0.03515625 0.0546875
1 0.9208984375 0.1181640625 0.037109375 0.0625
1 0.91796875 0.1826171875 0.02734375 0.06640625
1 0.919921875 0.2421875 0.03125 0.0546875
1 0.91796875 0.294921875 0.03125 0.05078125
1 0.9189453125 0.3515625 0.033203125 0.0625
1 0.9208984375 0.408203125 0.033203125 0.056640625
1 0.919921875 0.46484375 0.03515625 0.05859375
1 0.91796875 0.52734375 0.03125 0.056640625
1 0.9208984375 0.583984375 0.03515625 0.0625
1 0.923828125 0.6416015625 0.03125 0.0546875
1 0.921875 0.703125 0.0390625 0.060546875
1 0.923828125 0.7607421875 0.04296875 0.05859375
1 0.92578125 0.814453125 0.03515625 0.0625
1 0.9267578125 0.8798828125 0.033203125 0.06640625
1 0.9248046875 0.9345703125 0.03515625 0.0546875
1 0.92578125 0.98046875 0.03515625 0.0390625
0 0.9912109375 0.9775390625 0.017578125 0.041015625
0 0.9892578125 0.93359375 0.021484375 0.046875
0 0.9912109375 0.8935546875 0.017578125 0.046875
0 0.990234375 0.8505859375 0.01953125 0.0390625
0 0.9892578125 0.806640625 0.01953125 0.041015625
0 0.98828125 0.7685546875 0.0234375 0.037109375
0 0.990234375 0.7255859375 0.01953125 0.04296875
0 0.986328125 0.681640625 0.0234375 0.0390625
0 0.9853515625 0.6396484375 0.0234375 0.046875
0 0.9853515625 0.5966796875 0.01953125 0.05078125
0 0.9853515625 0.5595703125 0.0234375 0.04296875
0 0.984375 0.515625 0.0234375 0.048828125
0 0.9853515625 0.4697265625 0.0234375 0.0390625
0 0.986328125 0.4345703125 0.0234375 0.0390625
0 0.9853515625 0.3935546875 0.015625 0.04296875
0 0.984375 0.34765625 0.0234375 0.04296875
0 0.9814453125 0.30859375 0.01953125 0.04296875
0 0.982421875 0.2626953125 0.0234375 0.046875
0 0.982421875 0.2197265625 0.0234375 0.044921875
0 0.9833984375 0.181640625 0.021484375 0.0390625
0 0.982421875 0.1396484375 0.0234375 0.05078125
0 0.9833984375 0.0986328125 0.01953125 0.04296875
0 0.9814453125 0.05859375 0.021484375 0.04296875
0 0.98046875 0.0146484375 0.01953125 0.029296875