0 0.5126953125 0.1416015625 0.13671875 0.0625
0 0.478515625 0.0419921875 0.13671875 0.0546875
0 0.5400390625 0.4140625 0.1484375 0.07421875
0 0.541015625 0.5625 0.14453125 0.06640625
0 0.53515625 0.7158203125 0.138671875 0.06640625
0 0.533203125 0.8642578125 0.1328125 0.0703125
1 0.5419921875 0.318359375 0.13671875 0.12890625
1 0.5283203125 0.2021484375 0.15234375 0.060546875
1 0.4990234375 0.087890625 0.1484375 0.05078125
1 0.541015625 0.494140625 0.13671875 0.078125
1 0.5380859375 0.642578125 0.140625 0.0859375
1 0.5341796875 0.7861328125 0.13671875 0.078125
1 0.53515625 0.947265625 0.138671875 0.1015625