2 0.2880859375 0.2255859375 0.015625 0.02734375
2 0.2822265625 0.1845703125 0.02734375 0.0546875
2 0.26953125 0.16796875 0.015625 0.02734375
2 0.2626953125 0.134765625 0.025390625 0.0546875
2 0.2490234375 0.1162109375 0.015625 0.03125
2 0.2451171875 0.078125 0.02734375 0.05078125
2 0.2294921875 0.064453125 0.01171875 0.03125
2 0.2265625 0.0283203125 0.02734375 0.0546875
2 0.2119140625 0.0126953125 0.013671875 0.025390625
2 0.1259765625 0.0068359375 0.013671875 0.013671875
2 0.1123046875 0.021484375 0.025390625 0.04296875
2 0.107421875 0.046875 0.01171875 0.03125
2 0.09375 0.0615234375 0.02734375 0.06640625
2 0.087890625 0.0986328125 0.013671875 0.03125
2 0.07421875 0.115234375 0.0234375 0.064453125
2 0.0703125 0.150390625 0.013671875 0.02734375
2 0.0546875 0.1650390625 0.0234375 0.0625
2 0.0498046875 0.2041015625 0.017578125 0.02734375
2 0.037109375 0.21875 0.02734375 0.06640625
2 0.0322265625 0.255859375 0.015625 0.03125
2 0.015625 0.271484375 0.02734375 0.05859375
2 0.0126953125 0.3095703125 0.01953125 0.03515625
2 0.0048828125 0.328125 0.009765625 0.0625
3 0.0029296875 0.1337890625 0.005859375 0.02734375
3 0.009765625 0.1259765625 0.015625 0.0234375
1 0.0234375 0.1533203125 0.015625 0.01953125
1 0.009765625 0.15234375 0.01171875 0.01953125
1 0.0380859375 0.1552734375 0.009765625 0.01953125
1 0.0068359375 0.21484375 0.013671875 0.01953125
1 0.009765625 0.4169921875 0.01953125 0.056640625
1 0.0205078125 0.36328125 0.0390625 0.0546875
1 0.041015625 0.3095703125 0.04296875 0.05859375
1 0.0595703125 0.2548828125 0.04296875 0.05859375
1 0.078125 0.2041015625 0.041015625 0.064453125
1 0.0986328125 0.15234375 0.0390625 0.060546875
1 0.1162109375 0.09765625 0.0390625 0.048828125
1 0.1337890625 0.048828125 0.03515625 0.05078125
1 0.14453125 0.0146484375 0.021484375 0.029296875
1 0.1904296875 0.0224609375 0.02734375 0.04296875
1 0.203125 0.05859375 0.0390625 0.056640625
1 0.220703125 0.115234375 0.04296875 0.0625
1 0.2431640625 0.16796875 0.04296875 0.05859375
1 0.259765625 0.2197265625 0.04296875 0.0546875
1 0.275390625 0.2646484375 0.03125 0.041015625
1 0.1611328125 0.166015625 0.04296875 0.07421875
1 0.1923828125 0.2421875 0.05859375 0.1015625
1 0.1328125 0.2255859375 0.0625 0.1015625
1 0.20703125 0.3076171875 0.03515625 0.03515625
1 0.1220703125 0.294921875 0.041015625 0.0390625
1 0.22265625 0.36328125 0.046875 0.1015625
1 0.1015625 0.3486328125 0.05859375 0.09375
1 0.0771484375 0.4384765625 0.0703125 0.083984375
1 0.0498046875 0.50390625 0.04296875 0.0625
3 0.0966796875 0.5205078125 0.044921875 0.125
3 0.0859375 0.6923828125 0.171875 0.5
1 0.20703125 0.8828125 0.0625 0.08203125
1 0.20703125 0.818359375 0.0546875 0.07421875
1 0.2421875 0.859375 0.03125 0.05078125
1 0.2568359375 0.822265625 0.029296875 0.052734375
1 0.267578125 0.77734375 0.025390625 0.05078125
1 0.2109375 0.759765625 0.0703125 0.076171875
1 0.271484375 0.73046875 0.02734375 0.046875
1 0.2705078125 0.6884765625 0.0234375 0.046875
1 0.2099609375 0.677734375 0.080078125 0.115234375
1 0.26953125 0.646484375 0.0234375 0.046875
1 0.21484375 0.60546875 0.0859375 0.11328125
1 0.27734375 0.60546875 0.02734375 0.04296875
1 0.2392578125 0.546875 0.068359375 0.10546875
1 0.298828125 0.5810546875 0.02734375 0.041015625
1 0.318359375 0.5791015625 0.01171875 0.02734375
1 0.341796875 0.56640625 0.033203125 0.0390625
1 0.3271484375 0.5322265625 0.033203125 0.046875
1 0.3232421875 0.4921875 0.033203125 0.05078125
1 0.3232421875 0.453125 0.029296875 0.048828125
1 0.2607421875 0.474609375 0.08984375 0.119140625
1 0.2666015625 0.3994140625 0.0859375 0.09375
1 0.3291015625 0.40625 0.02734375 0.048828125
1 0.337890625 0.37109375 0.03125 0.0390625
1 0.2861328125 0.3310546875 0.0859375 0.10546875
1 0.31640625 0.28125 0.06640625 0.1171875
1 0.3515625 0.345703125 0.02734375 0.0390625
1 0.3681640625 0.3193359375 0.0234375 0.0390625
1 0.388671875 0.2998046875 0.0234375 0.04296875
1 0.412109375 0.2861328125 0.025390625 0.04296875
1 0.439453125 0.2705078125 0.03125 0.046875
1 0.46484375 0.25 0.0234375 0.0390625
1 0.34375 0.2353515625 0.048828125 0.12890625
1 0.388671875 0.20703125 0.05859375 0.13671875
1 0.439453125 0.1826171875 0.0546875 0.1171875
1 0.423828125 0.0888671875 0.05078125 0.078125
1 0.4482421875 0.0498046875 0.033203125 0.0546875
1 0.51171875 0.0537109375 0.0390625 0.052734375
3 0.517578125 0.115234375 0.017578125 0.11328125
3 0.484375 0.1083984375 0.04296875 0.1171875
3 0.46484375 0.1162109375 0.0234375 0.1015625
1 0.54296875 0.1083984375 0.041015625 0.07421875
1 0.5546875 0.1767578125 0.05859375 0.095703125
1 0.541015625 0.2626953125 0.03515625 0.04296875
1 0.6015625 0.23046875 0.0703125 0.130859375
1 0.654296875 0.267578125 0.06640625 0.111328125
1 0.5703125 0.2841796875 0.03515625 0.041015625
1 0.6005859375 0.3056640625 0.033203125 0.0390625
1 0.6259765625 0.3251953125 0.02734375 0.04296875
1 0.650390625 0.349609375 0.02734375 0.046875
1 0.6923828125 0.314453125 0.0625 0.11328125
1 0.73046875 0.3759765625 0.07421875 0.107421875
1 0.669921875 0.3779296875 0.0234375 0.03515625
1 0.6865234375 0.4033203125 0.02734375 0.04296875
1 0.6982421875 0.4365234375 0.02734375 0.044921875
1 0.75390625 0.4365234375 0.07421875 0.10546875
1 0.7705078125 0.5009765625 0.0703125 0.10546875
1 0.7138671875 0.4755859375 0.025390625 0.04296875
1 0.7197265625 0.513671875 0.021484375 0.04296875
1 0.720703125 0.5498046875 0.0234375 0.03515625
1 0.748046875 0.55859375 0.02734375 0.03515625
1 0.7705078125 0.56640625 0.0234375 0.04296875
1 0.802734375 0.580078125 0.0546875 0.099609375
1 0.7490234375 0.60546875 0.0390625 0.04296875
1 0.7802734375 0.6318359375 0.03125 0.046875
1 0.8349609375 0.6376953125 0.06640625 0.10546875
1 0.7900390625 0.6708984375 0.02734375 0.046875
1 0.796875 0.7119140625 0.025390625 0.046875
1 0.849609375 0.7060546875 0.078125 0.11328125
1 0.8037109375 0.7509765625 0.02734375 0.05078125
1 0.8134765625 0.7958984375 0.025390625 0.05078125
1 0.8291015625 0.833984375 0.02734375 0.04296875
1 0.845703125 0.873046875 0.02734375 0.044921875
1 0.8564453125 0.78125 0.0625 0.08203125
1 0.875 0.837890625 0.046875 0.076171875
3 0.9482421875 0.732421875 0.103515625 0.4765625
1 0.0625 0.978515625 0.05859375 0.04296875
1 0.1171875 0.978515625 0.05078125 0.04296875
1 0.1669921875 0.9794921875 0.052734375 0.041015625
1 0.2138671875 0.98046875 0.05078125 0.0390625
1 0.2607421875 0.9794921875 0.046875 0.0390625
1 0.3076171875 0.9814453125 0.046875 0.037109375
1 0.3544921875 0.9814453125 0.046875 0.03515625
1 0.400390625 0.9814453125 0.046875 0.03515625
1 0.4462890625 0.982421875 0.048828125 0.03515625
1 0.4892578125 0.9833984375 0.04296875 0.033203125
1 0.5341796875 0.9833984375 0.04296875 0.033203125
1 0.5751953125 0.9833984375 0.04296875 0.033203125
1 0.6201171875 0.9833984375 0.044921875 0.03125
4 0.5302734375 0.580078125 0.08984375 0.423828125
1 0.62109375 0.484375 0.10546875 0.3046875
1 0.4140625 0.462890625 0.09375 0.298828125
1 0.4140625 0.67578125 0.115234375 0.1484375
1 0.3349609375 0.6494140625 0.0234375 0.052734375
1 0.3359375 0.697265625 0.03125 0.056640625
1 0.3427734375 0.75 0.041015625 0.05078125
1 0.388671875 0.7607421875 0.05859375 0.0546875
1 0.3525390625 0.8125 0.080078125 0.07421875
1 0.37890625 0.896484375 0.060546875 0.1015625
1 0.32421875 0.876953125 0.02734375 0.046875
1 0.2978515625 0.91796875 0.046875 0.0546875
1 0.421875 0.7978515625 0.06640625 0.08984375
1 0.4111328125 0.87109375 0.025390625 0.052734375
1 0.4248046875 0.927734375 0.033203125 0.046875
1 0.4609375 0.87890625 0.07421875 0.12109375
1 0.5185546875 0.908203125 0.0625 0.08203125
1 0.6025390625 0.90625 0.0703125 0.08984375
1 0.6533203125 0.873046875 0.076171875 0.095703125
1 0.8095703125 0.9306640625 0.046875 0.05078125
1 0.7421875 0.8740234375 0.04296875 0.0546875
1 0.744140625 0.8203125 0.076171875 0.072265625
1 0.6669921875 0.6962890625 0.115234375 0.13671875
1 0.734375 0.671875 0.021484375 0.046875
1 0.7421875 0.72265625 0.02734375 0.05078125
1 0.7421875 0.7685546875 0.0390625 0.05078125
1 0.603515625 0.74609375 0.01953125 0.03125
1 0.6015625 0.716796875 0.01953125 0.02734375
1 0.59765625 0.69140625 0.017578125 0.02734375
1 0.595703125 0.6689453125 0.01953125 0.0234375
1 0.5927734375 0.646484375 0.015625 0.0234375
1 0.5908203125 0.6220703125 0.015625 0.02734375
1 0.5888671875 0.599609375 0.01953125 0.025390625
1 0.5869140625 0.5751953125 0.015625 0.025390625
1 0.5849609375 0.55078125 0.01953125 0.02734375
1 0.58203125 0.52734375 0.015625 0.02734375
1 0.580078125 0.5009765625 0.015625 0.02734375
1 0.578125 0.478515625 0.015625 0.0234375
1 0.572265625 0.4541015625 0.015625 0.02734375
1 0.5634765625 0.43359375 0.015625 0.0234375
1 0.5625 0.408203125 0.015625 0.0234375
1 0.556640625 0.38671875 0.013671875 0.0234375
1 0.548828125 0.3642578125 0.015625 0.025390625
1 0.5380859375 0.3486328125 0.013671875 0.025390625
1 0.5263671875 0.3291015625 0.015625 0.02734375
2 0.5087890625 0.3115234375 0.0234375 0.03125
1 0.494140625 0.328125 0.013671875 0.029296875
1 0.4853515625 0.345703125 0.013671875 0.02734375
1 0.478515625 0.365234375 0.015625 0.03125
1 0.47265625 0.384765625 0.013671875 0.03125
1 0.4716796875 0.408203125 0.015625 0.02734375
1 0.4736328125 0.4296875 0.017578125 0.02734375
1 0.46875 0.44921875 0.013671875 0.03125
1 0.4677734375 0.4736328125 0.013671875 0.03125
1 0.4677734375 0.4990234375 0.015625 0.02734375
1 0.470703125 0.5234375 0.015625 0.02734375
1 0.4736328125 0.544921875 0.015625 0.02734375
1 0.4755859375 0.568359375 0.015625 0.0234375
1 0.4755859375 0.5693359375 0.015625 0.03125
1 0.4775390625 0.58984375 0.013671875 0.029296875
1 0.4794921875 0.6123046875 0.015625 0.02734375
1 0.48046875 0.63671875 0.015625 0.03125
1 0.4833984375 0.66015625 0.015625 0.02734375
1 0.484375 0.685546875 0.015625 0.02734375
1 0.4853515625 0.7099609375 0.015625 0.02734375
1 0.48828125 0.7412109375 0.015625 0.03125
0 0.544921875 0.8125 0.189453125 0.12109375
1 0.7431640625 0.984375 0.048828125 0.03125
1 0.787109375 0.9853515625 0.04296875 0.02734375
1 0.828125 0.986328125 0.04296875 0.02734375
1 0.8701171875 0.9873046875 0.04296875 0.025390625
1 0.91015625 0.98828125 0.04296875 0.0234375
1 0.953125 0.98828125 0.04296875 0.0234375
1 0.9873046875 0.9892578125 0.025390625 0.021484375