4 0.5888671875 0.2490234375 0.8203125 0.1953125
4 0.73046875 0.6552734375 0.5390625 0.119140625
4 0.8271484375 0.9169921875 0.345703125 0.09765625
1 0.015625 0.0302734375 0.03125 0.03125
1 0.0224609375 0.052734375 0.044921875 0.02734375
1 0.03515625 0.076171875 0.0546875 0.0234375
1 0.046875 0.0947265625 0.05859375 0.025390625
1 0.0615234375 0.1171875 0.0546875 0.025390625
1 0.0810546875 0.1416015625 0.0546875 0.0234375
1 0.09375 0.162109375 0.05078125 0.0234375
1 0.107421875 0.1806640625 0.05078125 0.021484375
1 0.123046875 0.19921875 0.044921875 0.01953125
1 0.1328125 0.216796875 0.056640625 0.02734375
1 0.154296875 0.234375 0.05078125 0.01953125
1 0.1630859375 0.2509765625 0.04296875 0.015625
1 0.17578125 0.2705078125 0.048828125 0.01953125
1 0.1865234375 0.2861328125 0.044921875 0.01953125
1 0.2001953125 0.3037109375 0.05078125 0.01953125
1 0.2109375 0.31640625 0.044921875 0.021484375
1 0.2216796875 0.3310546875 0.044921875 0.01953125
1 0.232421875 0.3466796875 0.044921875 0.017578125
1 0.244140625 0.3603515625 0.041015625 0.015625
1 0.2529296875 0.3740234375 0.04296875 0.017578125
1 0.265625 0.388671875 0.046875 0.01953125
1 0.2783203125 0.404296875 0.044921875 0.017578125
1 0.2861328125 0.41796875 0.04296875 0.015625
1 0.294921875 0.427734375 0.04296875 0.015625
1 0.306640625 0.4404296875 0.04296875 0.015625
1 0.314453125 0.4521484375 0.04296875 0.015625
1 0.32421875 0.46484375 0.0390625 0.017578125
1 0.3310546875 0.4775390625 0.0390625 0.015625
1 0.3408203125 0.490234375 0.0390625 0.015625
1 0.34765625 0.501953125 0.0390625 0.015625
1 0.3583984375 0.513671875 0.041015625 0.015625
1 0.3662109375 0.5224609375 0.0390625 0.013671875
1 0.373046875 0.533203125 0.03515625 0.01171875
1 0.3828125 0.54296875 0.03515625 0.013671875
1 0.3876953125 0.5517578125 0.03515625 0.013671875
1 0.3955078125 0.5615234375 0.03515625 0.013671875
1 0.40234375 0.5732421875 0.03515625 0.01171875
1 0.4111328125 0.5830078125 0.03515625 0.01171875
1 0.4169921875 0.5927734375 0.03515625 0.01171875
1 0.4248046875 0.599609375 0.03515625 0.013671875
1 0.4296875 0.6064453125 0.03515625 0.01171875
1 0.4375 0.6162109375 0.03515625 0.013671875
1 0.4443359375 0.634765625 0.03515625 0.01171875
1 0.453125 0.64453125 0.03125 0.01171875
1 0.4609375 0.654296875 0.03125 0.01171875
1 0.4658203125 0.662109375 0.02734375 0.009765625
1 0.4716796875 0.66796875 0.03125 0.01171875
1 0.478515625 0.67578125 0.03515625 0.01171875
1 0.482421875 0.6845703125 0.03515625 0.01171875
1 0.490234375 0.6962890625 0.0390625 0.01171875
1 0.49609375 0.705078125 0.03515625 0.013671875
1 0.5029296875 0.71484375 0.03515625 0.01171875
0 0.0283203125 0.166015625 0.056640625 0.041015625
1 0.0224609375 0.1376953125 0.04296875 0.03125
1 0.0185546875 0.20703125 0.03515625 0.04296875
1 0.0595703125 0.2060546875 0.0625 0.044921875
0 0.064453125 0.2373046875 0.1015625 0.0390625
1 0.0634765625 0.26953125 0.0625 0.046875
1 0.12109375 0.2734375 0.06640625 0.046875
0 0.1181640625 0.302734375 0.09765625 0.0390625
1 0.11328125 0.3330078125 0.064453125 0.04296875
1 0.166015625 0.3369140625 0.060546875 0.0390625
0 0.1650390625 0.36328125 0.09765625 0.0390625
1 0.1640625 0.390625 0.060546875 0.04296875
1 0.21484375 0.39453125 0.05859375 0.0390625
0 0.208984375 0.41796875 0.08984375 0.03515625
1 0.205078125 0.4443359375 0.0625 0.0390625
1 0.2548828125 0.4462890625 0.0546875 0.0390625
0 0.2529296875 0.4697265625 0.087890625 0.029296875
1 0.2490234375 0.4921875 0.05078125 0.03125
1 0.296875 0.49609375 0.0546875 0.033203125
0 0.2880859375 0.513671875 0.080078125 0.03515625
1 0.283203125 0.5361328125 0.05078125 0.03125
1 0.3251953125 0.5380859375 0.046875 0.02734375
0 0.322265625 0.5556640625 0.078125 0.025390625
1 0.318359375 0.5751953125 0.046875 0.02734375
1 0.36328125 0.578125 0.046875 0.02734375
0 0.353515625 0.59375 0.076171875 0.0234375
1 0.34765625 0.611328125 0.0390625 0.0234375
1 0.388671875 0.6142578125 0.0390625 0.021484375
0 0.3828125 0.62890625 0.068359375 0.0234375
1 0.375 0.6455078125 0.041015625 0.0234375
1 0.4150390625 0.6484375 0.04296875 0.02734375
0 0.408203125 0.662109375 0.064453125 0.0234375
1 0.4013671875 0.6796875 0.04296875 0.0234375
1 0.4375 0.6806640625 0.037109375 0.0234375
0 0.431640625 0.693359375 0.064453125 0.01953125
1 0.98046875 0.3349609375 0.0390625 0.01953125
1 0.9814453125 0.3515625 0.03515625 0.01953125
1 0.9833984375 0.3671875 0.033203125 0.015625
1 0.9853515625 0.384765625 0.029296875 0.01953125
1 0.986328125 0.400390625 0.02734375 0.013671875
1 0.9873046875 0.4140625 0.025390625 0.015625
1 0.98828125 0.4267578125 0.0234375 0.015625
1 0.98828125 0.4404296875 0.0234375 0.017578125
1 0.990234375 0.455078125 0.01953125 0.013671875
1 0.9892578125 0.4677734375 0.01953125 0.01171875
1 0.990234375 0.478515625 0.01953125 0.01171875
1 0.9912109375 0.4912109375 0.017578125 0.01171875