4 0.46875 0.658203125 0.849609375 0.5234375
1 0.0732421875 0.97265625 0.0703125 0.0546875
0 0.025390625 0.9736328125 0.05078125 0.052734375
1 0.0634765625 0.9150390625 0.0703125 0.0625
0 0.0166015625 0.822265625 0.03125 0.115234375
1 0.0537109375 0.8505859375 0.0625 0.0625
1 0.046875 0.79296875 0.0546875 0.05859375
1 0.0400390625 0.73828125 0.05859375 0.05859375
1 0.0361328125 0.6767578125 0.0546875 0.0625
1 0.0283203125 0.623046875 0.056640625 0.0546875
0 0.005859375 0.6572265625 0.01171875 0.099609375
1 0.025390625 0.5693359375 0.05078125 0.0546875
1 0.01953125 0.51171875 0.0390625 0.0546875
1 0.0166015625 0.462890625 0.03125 0.046875
1 0.0146484375 0.4130859375 0.029296875 0.05078125
1 0.009765625 0.357421875 0.01953125 0.056640625
1 0.01171875 0.30859375 0.0234375 0.044921875
1 0.0068359375 0.263671875 0.01171875 0.046875
1 0.400390625 0.1015625 0.20703125 0.203125
1 0.4599609375 0.2138671875 0.14453125 0.103515625
1 0.5 0.26171875 0.146484375 0.11328125
1 0.560546875 0.2890625 0.14453125 0.126953125
1 0.64453125 0.3056640625 0.134765625 0.140625
1 0.7919921875 0.37109375 0.390625 0.33203125
1 0.9697265625 0.0478515625 0.060546875 0.037109375
1 0.97265625 0.08984375 0.0546875 0.037109375
1 0.9853515625 0.1357421875 0.029296875 0.0390625
1 0.9052734375 0.103515625 0.0859375 0.044921875
1 0.9462890625 0.1728515625 0.10546875 0.064453125
1 0.8134765625 0.677734375 0.373046875 0.28515625
1 0.814453125 0.9697265625 0.1875 0.060546875
1 0.845703125 0.87890625 0.1640625 0.13671875