4 0.45703125 0.3076171875 0.84375 0.3359375
4 0.318359375 0.181640625 0.26171875 0.080078125
4 0.3125 0.2705078125 0.27734375 0.15234375
4 0.3251953125 0.396484375 0.28515625 0.095703125
4 0.5322265625 0.7216796875 0.37109375 0.13671875
4 0.4853515625 0.673828125 0.1171875 0.037109375
4 0.482421875 0.7138671875 0.125 0.06640625
4 0.478515625 0.7607421875 0.125 0.041015625
4 0.5693359375 0.80859375 0.24609375 0.080078125
4 0.5859375 0.8623046875 0.177734375 0.056640625
4 0.58984375 0.8974609375 0.14453125 0.048828125