4 0.626953125 0.7060546875 0.419921875 0.1796875
4 0.4326171875 0.4306640625 0.458984375 0.19921875
0 0.986328125 0.640625 0.02734375 0.06640625
0 0.978515625 0.5986328125 0.04296875 0.041015625
0 0.958984375 0.6650390625 0.076171875 0.060546875
0 0.9208984375 0.626953125 0.08203125 0.056640625
0 0.908203125 0.5869140625 0.0859375 0.0390625
0 0.8701171875 0.650390625 0.078125 0.052734375
0 0.78515625 0.638671875 0.060546875 0.05078125
0 0.83203125 0.6064453125 0.078125 0.048828125
0 0.8203125 0.5732421875 0.078125 0.04296875
0 0.748046875 0.5986328125 0.080078125 0.046875
0 0.7392578125 0.5634765625 0.078125 0.04296875
0 0.708984375 0.6259765625 0.06640625 0.048828125
0 0.67578125 0.5908203125 0.0703125 0.04296875
0 0.6357421875 0.61328125 0.0625 0.05078125
0 0.6083984375 0.5791015625 0.05859375 0.041015625
1 0.78515625 0.4306640625 0.123046875 0.0546875
1 0.892578125 0.4375 0.125 0.05078125
1 0.9677734375 0.4462890625 0.0625 0.052734375
1 0.6953125 0.361328125 0.11328125 0.0390625
1 0.8017578125 0.3701171875 0.12109375 0.04296875
1 0.9072265625 0.3779296875 0.126953125 0.0390625
1 0.9814453125 0.384765625 0.037109375 0.04296875
0 0.3447265625 0.794921875 0.029296875 0.02734375
0 0.32421875 0.7578125 0.029296875 0.02734375
0 0.2978515625 0.7197265625 0.03125 0.02734375
0 0.26953125 0.6826171875 0.033203125 0.02734375
0 0.2431640625 0.6455078125 0.037109375 0.02734375
0 0.2138671875 0.6015625 0.03125 0.02734375
0 0.185546875 0.556640625 0.03125 0.03515625
0 0.1552734375 0.5234375 0.02734375 0.02734375
0 0.126953125 0.474609375 0.03515625 0.02734375
0 0.09765625 0.4306640625 0.0390625 0.033203125
0 0.064453125 0.388671875 0.0234375 0.01953125
0 0.0341796875 0.3447265625 0.02734375 0.02734375
0 0.009765625 0.3017578125 0.01953125 0.0234375
1 0.4150390625 0.828125 0.091796875 0.04296875
1 0.37109375 0.7626953125 0.091796875 0.07421875
1 0.3134765625 0.6884765625 0.09375 0.080078125
1 0.2724609375 0.6123046875 0.087890625 0.07421875
1 0.2001953125 0.5224609375 0.08984375 0.06640625
1 0.1533203125 0.431640625 0.09765625 0.06640625
1 0.087890625 0.341796875 0.09765625 0.0859375
1 0.033203125 0.2578125 0.06640625 0.08203125