1 0.75390625 0.5302734375 0.083984375 0.15625
1 0.734375 0.779296875 0.0625 0.169921875
1 0.6884765625 0.88671875 0.046875 0.109375
1 0.6025390625 0.9521484375 0.041015625 0.095703125
1 0.548828125 0.9384765625 0.06640625 0.12109375
1 0.65234375 0.9384765625 0.0546875 0.12109375
1 0.5224609375 0.8486328125 0.04296875 0.078125
1 0.4853515625 0.7529296875 0.06640625 0.12890625
1 0.513671875 0.46875 0.072265625 0.13671875
1 0.552734375 0.38671875 0.04296875 0.07421875
1 0.6005859375 0.3154296875 0.0625 0.181640625
1 0.64453125 0.3056640625 0.04296875 0.140625
1 0.6943359375 0.318359375 0.07421875 0.154296875
1 0.7236328125 0.4111328125 0.046875 0.099609375
1 0.7421875 0.65625 0.05859375 0.09765625