0 0.484375 0.6806640625 0.1630859375 0.24609375
1 0.7509765625 0.927734375 0.08984375 0.126953125
1 0.478515625 0.779296875 0.462890625 0.1318359375
1 0.49609375 0.51953125 0.1279296875 0.0966796875
1 0.5888671875 0.6123046875 0.08984375 0.20703125
1 0.37890625 0.6435546875 0.0908203125 0.2041015625
1 0.1845703125 0.548828125 0.083984375 0.228515625
1 0.2900390625 0.435546875 0.1103515625 0.2490234375
1 0.388671875 0.3427734375 0.126953125 0.2275390625
1 0.5126953125 0.2822265625 0.119140625 0.201171875
1 0.6201171875 0.310546875 0.07421875 0.1953125
1 0.7177734375 0.373046875 0.0947265625 0.20703125
1 0.81640625 0.4462890625 0.0830078125 0.2236328125
3 0.8037109375 0.6787109375 0.14453125 0.1611328125
3 0.1630859375 0.78125 0.1142578125 0.1669921875
1 0.0751953125 0.7294921875 0.140625 0.337890625
1 0.8984375 0.6015625 0.115234375 0.3310546875