0 0.720703125 0.0400390625 0.24609375 0.080078125
0 0.7236328125 0.150390625 0.23828125 0.140625
0 0.734375 0.279296875 0.24609375 0.1484375
0 0.7373046875 0.4013671875 0.2109375 0.126953125
0 0.7314453125 0.51171875 0.21484375 0.109375
0 0.732421875 0.62109375 0.2265625 0.11328125
0 0.7412109375 0.720703125 0.197265625 0.111328125
0 0.736328125 0.8173828125 0.203125 0.095703125
0 0.736328125 0.892578125 0.19921875 0.087890625
0 0.744140625 0.9677734375 0.18359375 0.064453125
1 0.2763671875 0.1884765625 0.42578125 0.35546875
1 0.3154296875 0.501953125 0.373046875 0.27734375
1 0.361328125 0.7568359375 0.34765625 0.23828125
1 0.3955078125 0.9482421875 0.310546875 0.103515625