1 0.4609375 0.9892578125 0.091796875 0.021484375
1 0.4638671875 0.9599609375 0.095703125 0.041015625
1 0.46484375 0.919921875 0.09765625 0.0390625
1 0.462890625 0.8798828125 0.095703125 0.0390625
1 0.4599609375 0.83984375 0.095703125 0.04296875
1 0.4560546875 0.8017578125 0.08984375 0.037109375
1 0.4541015625 0.76171875 0.10546875 0.04296875
1 0.4541015625 0.7177734375 0.103515625 0.04296875
1 0.4501953125 0.6796875 0.099609375 0.04296875
1 0.4453125 0.6376953125 0.099609375 0.04296875
1 0.4443359375 0.595703125 0.10546875 0.046875
1 0.4423828125 0.556640625 0.09765625 0.04296875
1 0.4453125 0.513671875 0.1015625 0.04296875
1 0.423828125 0.0224609375 0.09765625 0.04296875
1 0.4228515625 0.0625 0.09375 0.041015625
1 0.4228515625 0.1005859375 0.095703125 0.04296875
1 0.42578125 0.1435546875 0.09765625 0.04296875
1 0.42578125 0.1865234375 0.09765625 0.0390625
1 0.4296875 0.2265625 0.09765625 0.05078125
1 0.431640625 0.2705078125 0.08984375 0.04296875
1 0.43359375 0.310546875 0.09765625 0.046875
1 0.4375 0.3515625 0.09375 0.046875
1 0.4375 0.3955078125 0.09765625 0.05078125
1 0.439453125 0.435546875 0.08984375 0.046875
1 0.4423828125 0.474609375 0.095703125 0.0390625
4 0.1845703125 0.9267578125 0.13671875 0.07421875
4 0.1435546875 0.283203125 0.125 0.08203125
0 0.0732421875 0.0908203125 0.09375 0.0546875