1 0.5869140625 0.8837890625 0.212890625 0.232421875
1 0.173828125 0.880859375 0.1875 0.23828125
1 0.240234375 0.4990234375 0.2412109375 0.3876953125
1 0.0400390625 0.2880859375 0.080078125 0.166015625
1 0.09375 0.392578125 0.0947265625 0.1337890625
1 0.3837890625 0.390625 0.099609375 0.1162109375
1 0.443359375 0.28515625 0.08203125 0.1484375
1 0.54296875 0.248046875 0.130859375 0.150390625
1 0.64453125 0.2841796875 0.068359375 0.193359375
1 0.7001953125 0.384765625 0.06640625 0.1435546875
1 0.8046875 0.5048828125 0.13671875 0.3193359375
1 0.859375 0.8134765625 0.1767578125 0.123046875
1 0.93359375 0.8984375 0.0595703125 0.1201171875
1 0.869140625 0.9482421875 0.1591796875 0.103515625
1 0.7294921875 0.822265625 0.1123046875 0.1044921875
1 0.732421875 0.9501953125 0.1015625 0.099609375
1 0.443359375 0.8271484375 0.1201171875 0.1328125
1 0.4501953125 0.9375 0.125 0.125
1 0.3330078125 0.837890625 0.1123046875 0.12890625
1 0.3203125 0.9482421875 0.125 0.103515625
1 0.064453125 0.830078125 0.12890625 0.12109375
1 0.0546875 0.953125 0.109375 0.09375