1 0.81640625 0.53125 0.2421875 0.30078125
1 0.650390625 0.373046875 0.21875 0.265625
1 0.6337890625 0.703125 0.1953125 0.25
1 0.494140625 0.544921875 0.248046875 0.39453125
1 0.3291015625 0.3212890625 0.21875 0.21484375
1 0.3173828125 0.685546875 0.20703125 0.2265625
1 0.1552734375 0.509765625 0.25390625 0.37109375
1 0.0546875 0.330078125 0.109375 0.23046875
1 0.0380859375 0.66015625 0.076171875 0.294921875
1 0.9345703125 0.365234375 0.12890625 0.21875
1 0.9599609375 0.6640625 0.078125 0.166015625
1 0.49609375 0.9560546875 0.1484375 0.087890625