2 0.40625 0.1025390625 0.05078125 0.048828125
2 0.373046875 0.140625 0.04296875 0.0390625
2 0.337890625 0.19140625 0.05859375 0.046875
2 0.2958984375 0.2275390625 0.048828125 0.044921875
2 0.2587890625 0.2734375 0.0546875 0.041015625
2 0.2197265625 0.3203125 0.0546875 0.04296875
2 0.1708984375 0.3642578125 0.0546875 0.03515625
2 0.1298828125 0.4130859375 0.05859375 0.0390625
2 0.0830078125 0.462890625 0.060546875 0.041015625
2 0.041015625 0.5146484375 0.046875 0.04296875
2 0.576171875 0.123046875 0.05078125 0.0390625
2 0.6171875 0.1748046875 0.05078125 0.041015625
2 0.6640625 0.2294921875 0.048828125 0.0390625
2 0.7109375 0.2822265625 0.05078125 0.04296875
2 0.75390625 0.3388671875 0.056640625 0.046875
2 0.7998046875 0.3916015625 0.0546875 0.05078125
2 0.849609375 0.4443359375 0.0546875 0.0546875
2 0.8955078125 0.5 0.05078125 0.046875
2 0.982421875 0.615234375 0.03515625 0.052734375
2 0.6416015625 0.9951171875 0.0625 0.009765625
2 0.5439453125 0.9912109375 0.080078125 0.017578125
2 0.4580078125 0.9892578125 0.07421875 0.021484375
2 0.3681640625 0.9833984375 0.07421875 0.033203125
2 0.2734375 0.98046875 0.08203125 0.0390625
2 0.181640625 0.9755859375 0.078125 0.046875
2 0.080078125 0.9677734375 0.078125 0.048828125
2 0.0126953125 0.9609375 0.025390625 0.04296875
3 0.67578125 0.671875 0.109375 0.11328125
3 0.33203125 0.6337890625 0.109375 0.107421875
1 0.255859375 0.7060546875 0.16015625 0.10546875
1 0.755859375 0.7529296875 0.19140625 0.09375
1 0.890625 0.8095703125 0.1015625 0.068359375
1 0.1328125 0.740234375 0.1015625 0.06640625
1 0.4130859375 0.369140625 0.0859375 0.08984375
1 0.5400390625 0.3876953125 0.09765625 0.08984375
1 0.5908203125 0.4697265625 0.095703125 0.0625
1 0.3603515625 0.4375 0.12890625 0.05078125
1 0.310546875 0.51953125 0.138671875 0.123046875
1 0.6787109375 0.5537109375 0.16015625 0.11328125
1 0.7763671875 0.6611328125 0.1015625 0.05859375
1 0.2255859375 0.61328125 0.0859375 0.06640625