4 0.611328125 0.482421875 0.486328125 0.7880859375
1 0.96484375 0.1240234375 0.060546875 0.0625
1 0.9072265625 0.1162109375 0.056640625 0.064453125
0 0.931640625 0.068359375 0.1044921875 0.0546875
1 0.849609375 0.1064453125 0.0595703125 0.0654296875
0 0.763671875 0.0498046875 0.1064453125 0.0576171875
1 0.7900390625 0.09765625 0.0576171875 0.05859375
1 0.736328125 0.091796875 0.052734375 0.05078125
1 0.685546875 0.0849609375 0.052734375 0.0537109375
1 0.62890625 0.08203125 0.056640625 0.0517578125
1 0.580078125 0.07421875 0.0517578125 0.052734375
0 0.6123046875 0.033203125 0.091796875 0.0546875
1 0.529296875 0.0673828125 0.0498046875 0.0556640625
0 0.46484375 0.0234375 0.09375 0.046875
1 0.4775390625 0.0625 0.05078125 0.046875
1 0.4306640625 0.0546875 0.0439453125 0.046875
1 0.384765625 0.0498046875 0.0478515625 0.0498046875
1 0.3330078125 0.0419921875 0.0517578125 0.0498046875
1 0.2880859375 0.0400390625 0.0419921875 0.0595703125
1 0.24609375 0.033203125 0.044921875 0.0546875
1 0.19921875 0.02734375 0.046875 0.0546875
1 0.154296875 0.0234375 0.0458984375 0.044921875
1 0.109375 0.0185546875 0.0439453125 0.0361328125
1 0.095703125 0.419921875 0.1904296875 0.19140625
1 0.2001953125 0.4736328125 0.095703125 0.134765625
1 0.244140625 0.51171875 0.103515625 0.1357421875
1 0.26953125 0.568359375 0.1171875 0.1337890625
1 0.28515625 0.6455078125 0.1298828125 0.125
1 0.345703125 0.78125 0.3076171875 0.3623046875
1 0.0458984375 0.947265625 0.0341796875 0.0576171875
1 0.0849609375 0.9521484375 0.03515625 0.0556640625
1 0.1279296875 0.9736328125 0.03515625 0.052734375
1 0.09765625 0.8876953125 0.0419921875 0.0810546875
1 0.162109375 0.9248046875 0.0595703125 0.09765625
1 0.630859375 0.8154296875 0.265625 0.369140625
1 0.935546875 0.8037109375 0.12890625 0.173828125
1 0.81640625 0.83203125 0.1259765625 0.15234375