0 0.3310546875 0.4873046875 0.2734375 0.1796875
1 0.064453125 0.7822265625 0.12890625 0.099609375
1 0.2216796875 0.4814453125 0.14453125 0.51171875
1 0.5087890625 0.5009765625 0.10546875 0.140625
1 0.40625 0.603515625 0.228515625 0.09765625
1 0.3720703125 0.37109375 0.2265625 0.1015625
1 0.4765625 0.15625 0.25390625 0.09375
1 0.6015625 0.2724609375 0.275390625 0.12109375
1 0.7041015625 0.3818359375 0.251953125 0.140625
1 0.7705078125 0.5185546875 0.22265625 0.130859375
1 0.7392578125 0.638671875 0.21484375 0.08203125
1 0.669921875 0.74609375 0.228515625 0.10546875
1 0.58984375 0.8544921875 0.24609375 0.091796875
3 0.33203125 0.8408203125 0.1796875 0.16015625
3 0.2197265625 0.1328125 0.18359375 0.126953125
1 0.2763671875 0.056640625 0.373046875 0.11328125
1 0.41796875 0.9404296875 0.365234375 0.119140625