1 0.2099609375 0.2060546875 0.3671875 0.267578125
1 0.46875 0.1298828125 0.39453125 0.1640625
1 0.7216796875 0.0595703125 0.306640625 0.119140625
1 0.1962890625 0.0361328125 0.28125 0.0703125
4 0.4521484375 0.03125 0.224609375 0.0625
1 0.8994140625 0.17578125 0.201171875 0.1796875
1 0.732421875 0.283203125 0.357421875 0.224609375
1 0.8984375 0.4501953125 0.203125 0.150390625
4 0.953125 0.322265625 0.09375 0.1953125
1 0.50390625 0.3974609375 0.4296875 0.23046875
1 0.1845703125 0.5361328125 0.369140625 0.291015625
1 0.5380859375 0.7783203125 0.48046875 0.28515625
1 0.8212890625 0.61328125 0.357421875 0.28515625
4 0.5400390625 0.5732421875 0.306640625 0.29296875
1 0.22265625 0.8857421875 0.44140625 0.228515625
1 0.064453125 0.7197265625 0.12890625 0.2109375
1 0.8271484375 0.8759765625 0.34375 0.248046875