1 0.83203125 0.7041015625 0.0634765625 0.2451171875
2 0.0068359375 0.384765625 0.013671875 0.0546875
2 0.025390625 0.392578125 0.0185546875 0.0625
2 0.052734375 0.4033203125 0.01953125 0.064453125
2 0.0771484375 0.416015625 0.0166015625 0.0576171875
2 0.103515625 0.4228515625 0.01953125 0.0615234375
2 0.130859375 0.4326171875 0.017578125 0.0634765625
2 0.1591796875 0.443359375 0.01953125 0.0595703125
2 0.185546875 0.455078125 0.0224609375 0.064453125
2 0.21484375 0.4638671875 0.0185546875 0.0625
2 0.240234375 0.4755859375 0.01953125 0.060546875
2 0.2685546875 0.4853515625 0.0166015625 0.060546875
2 0.296875 0.4921875 0.0185546875 0.05859375
3 0.3994140625 0.4169921875 0.033203125 0.15625
1 0.5849609375 0.9638671875 0.1455078125 0.072265625
1 0.72265625 0.96484375 0.04296875 0.0703125
1 0.4443359375 0.916015625 0.060546875 0.076171875
1 0.40625 0.97265625 0.0927734375 0.0546875
0 0.5693359375 0.7412109375 0.0341796875 0.0498046875
0 0.154296875 0.84765625 0.0419921875 0.0478515625
0 0.2294921875 0.8603515625 0.04296875 0.0478515625
0 0.02734375 0.58984375 0.041015625 0.0439453125
0 0.10546875 0.603515625 0.052734375 0.0458984375
0 0.181640625 0.625 0.0498046875 0.0419921875
0 0.255859375 0.6435546875 0.0478515625 0.0380859375