4 0.5185546875 0.4248046875 0.80078125 0.486328125
1 0.0771484375 0.8984375 0.154296875 0.203125
1 0.3251953125 0.8955078125 0.357421875 0.208984375
1 0.58984375 0.884765625 0.31640625 0.23046875
1 0.212890625 0.1298828125 0.21484375 0.2578125
1 0.4853515625 0.0986328125 0.34375 0.197265625
2 0.0224609375 0.6484375 0.04296875 0.05078125
2 0.048828125 0.677734375 0.04296875 0.0703125
2 0.08203125 0.7060546875 0.04296875 0.0625
2 0.123046875 0.7099609375 0.03125 0.05859375
2 0.1640625 0.701171875 0.03125 0.052734375
2 0.1962890625 0.7119140625 0.05078125 0.0625
2 0.240234375 0.7197265625 0.041015625 0.0546875
2 0.287109375 0.71484375 0.04296875 0.05859375
2 0.3330078125 0.71875 0.046875 0.072265625
2 0.380859375 0.697265625 0.0390625 0.0625
2 0.421875 0.6953125 0.046875 0.05078125
2 0.466796875 0.685546875 0.04296875 0.052734375
2 0.5126953125 0.67578125 0.044921875 0.05859375
2 0.5634765625 0.66796875 0.046875 0.05859375
2 0.6103515625 0.6640625 0.05859375 0.05859375
2 0.662109375 0.654296875 0.0390625 0.0546875
2 0.71484375 0.646484375 0.046875 0.0546875
2 0.76953125 0.640625 0.052734375 0.0625
2 0.0341796875 0.4619140625 0.046875 0.064453125
2 0.0849609375 0.400390625 0.0390625 0.04296875
2 0.126953125 0.349609375 0.04296875 0.05078125
2 0.1728515625 0.310546875 0.04296875 0.052734375
2 0.2216796875 0.2841796875 0.04296875 0.0546875
2 0.2626953125 0.2841796875 0.0390625 0.0703125
2 0.3115234375 0.236328125 0.05078125 0.06640625
2 0.36328125 0.205078125 0.033203125 0.06640625
2 0.3994140625 0.208984375 0.03515625 0.0859375
2 0.4501953125 0.1923828125 0.04296875 0.06640625
2 0.494140625 0.16796875 0.044921875 0.06640625
2 0.5439453125 0.16796875 0.046875 0.0859375
2 0.58984375 0.162109375 0.05078125 0.08984375
2 0.6357421875 0.138671875 0.046875 0.0703125
2 0.6806640625 0.134765625 0.046875 0.072265625
2 0.7265625 0.125 0.046875 0.09375
2 0.77734375 0.1103515625 0.05859375 0.087890625
2 0.8349609375 0.0947265625 0.05859375 0.06640625
2 0.896484375 0.08203125 0.046875 0.08984375