2 0.763671875 0.1923828125 0.47265625 0.384765625
2 0.892578125 0.41015625 0.21484375 0.40625
2 0.900390625 0.880859375 0.19921875 0.23828125
2 0.734375 0.6220703125 0.44921875 0.375
2 0.7578125 0.955078125 0.18359375 0.08984375
2 0.580078125 0.87109375 0.3984375 0.2578125
2 0.376953125 0.9365234375 0.23046875 0.126953125
2 0.24609375 0.6044921875 0.451171875 0.37109375
2 0.2412109375 0.1845703125 0.482421875 0.3671875
2 0.109375 0.3876953125 0.21875 0.29296875
2 0.1953125 0.8603515625 0.33984375 0.279296875
2 0.4970703125 0.3857421875 0.544921875 0.453125