0 0.1875 0.7158203125 0.359375 0.33203125
0 0.4609375 0.4736328125 0.419921875 0.2578125
0 0.7470703125 0.232421875 0.3984375 0.2578125
0 0.453125 0.7939453125 0.212890625 0.126953125
0 0.5966796875 0.666015625 0.189453125 0.123046875
0 0.73046875 0.53125 0.1796875 0.1171875
0 0.8994140625 0.3857421875 0.201171875 0.1328125
0 0.5517578125 0.9560546875 0.154296875 0.087890625
0 0.689453125 0.8759765625 0.14453125 0.060546875
0 0.7890625 0.8173828125 0.1171875 0.0546875
0 0.90625 0.7568359375 0.109375 0.0546875
0 0.90625 0.6015625 0.1875 0.1484375