4 0.5703125 0.4296875 0.36328125 0.8505859375
2 0.95703125 0.376953125 0.0859375 0.265625
2 0.873046875 0.46875 0.0986328125 0.2294921875
2 0.8115234375 0.5859375 0.0927734375 0.2021484375
2 0.771484375 0.744140625 0.0791015625 0.193359375
2 0.7705078125 0.9169921875 0.0849609375 0.1650390625
2 0.146484375 0.10546875 0.0966796875 0.1083984375
2 0.2197265625 0.0859375 0.0888671875 0.1015625
2 0.2978515625 0.09375 0.080078125 0.1044921875
2 0.3857421875 0.5263671875 0.060546875 0.16015625
2 0.359375 0.4228515625 0.0810546875 0.1455078125
3 0.2998046875 0.5205078125 0.2138671875 0.6337890625
3 0.72265625 0.533203125 0.162109375 0.6083984375
1 0.0869140625 0.5048828125 0.146484375 0.2783203125
1 0.0966796875 0.814453125 0.1435546875 0.3701171875