2 0.5322265625 0.0927734375 0.234375 0.16015625
2 0.4296875 0.267578125 0.212890625 0.18359375
2 0.2998046875 0.4306640625 0.23828125 0.171875
2 0.1728515625 0.5986328125 0.23046875 0.171875
2 0.080078125 0.7802734375 0.16015625 0.169921875
1 0.8818359375 0.064453125 0.234375 0.123046875
1 0.8134765625 0.18359375 0.271484375 0.115234375
1 0.720703125 0.298828125 0.2890625 0.115234375
1 0.6484375 0.4052734375 0.267578125 0.109375
1 0.5908203125 0.5166015625 0.26171875 0.12109375
1 0.5126953125 0.646484375 0.296875 0.1328125
1 0.4208984375 0.7666015625 0.30078125 0.109375
1 0.353515625 0.8779296875 0.3125 0.10546875
1 0.267578125 0.9658203125 0.328125 0.068359375
1 0.8251953125 0.9345703125 0.349609375 0.130859375
1 0.8798828125 0.7802734375 0.23828125 0.173828125
1 0.9150390625 0.6279296875 0.169921875 0.123046875
1 0.9345703125 0.4794921875 0.12890625 0.173828125