2 0.869140625 0.7412109375 0.099609375 0.126953125
2 0.8642578125 0.62109375 0.09765625 0.12890625
2 0.875 0.53125 0.107421875 0.12890625
2 0.8828125 0.3798828125 0.1171875 0.126953125
2 0.888671875 0.2802734375 0.107421875 0.12109375
2 0.8955078125 0.1865234375 0.11328125 0.12890625
2 0.9052734375 0.041015625 0.0859375 0.08203125
2 0.8466796875 0.0888671875 0.09375 0.087890625
2 0.775390625 0.1357421875 0.107421875 0.06640625
2 0.6982421875 0.185546875 0.10546875 0.078125
2 0.6240234375 0.236328125 0.11328125 0.08203125
2 0.5546875 0.2841796875 0.109375 0.091796875
2 0.4892578125 0.33203125 0.1015625 0.09375
2 0.41015625 0.3857421875 0.115234375 0.07421875
2 0.3447265625 0.4306640625 0.10546875 0.06640625
2 0.265625 0.482421875 0.10546875 0.08984375
2 0.25 0.6181640625 0.107421875 0.087890625
2 0.3154296875 0.6494140625 0.10546875 0.08984375
2 0.3935546875 0.6806640625 0.109375 0.1015625
2 0.4580078125 0.7119140625 0.103515625 0.08984375
2 0.53125 0.75 0.103515625 0.095703125
2 0.5927734375 0.7783203125 0.103515625 0.08203125
2 0.6669921875 0.80078125 0.12109375 0.095703125
2 0.7265625 0.8427734375 0.103515625 0.08984375
2 0.8134765625 0.865234375 0.095703125 0.087890625
2 0.8671875 0.912109375 0.1015625 0.08203125
2 0.2587890625 0.8173828125 0.09765625 0.05859375
2 0.0400390625 0.7060546875 0.078125 0.076171875
2 0.1123046875 0.7451171875 0.09765625 0.06640625
2 0.1787109375 0.7880859375 0.095703125 0.06640625
2 0.333984375 0.865234375 0.1015625 0.06640625
2 0.404296875 0.900390625 0.109375 0.068359375
2 0.4814453125 0.9423828125 0.095703125 0.0703125
2 0.560546875 0.9755859375 0.087890625 0.048828125
2 0.6396484375 0.9912109375 0.09375 0.017578125
2 0.0224609375 0.2841796875 0.044921875 0.05078125
2 0.078125 0.2392578125 0.09765625 0.0703125
2 0.166015625 0.19140625 0.087890625 0.0625
2 0.2421875 0.1494140625 0.09765625 0.0625
2 0.330078125 0.091796875 0.09375 0.07421875
2 0.37890625 0.0322265625 0.111328125 0.05078125