4 0.2626953125 0.6142578125 0.1875 0.43359375
4 0.5458984375 0.4150390625 0.203125 0.47265625
0 0.2705078125 0.9951171875 0.025390625 0.009765625
0 0.3310546875 0.9853515625 0.068359375 0.029296875
0 0.3740234375 0.9775390625 0.041015625 0.04296875
0 0.3056640625 0.95703125 0.060546875 0.078125
0 0.3447265625 0.91796875 0.056640625 0.0859375
0 0.384765625 0.904296875 0.041015625 0.08984375
0 0.3203125 0.865234375 0.0546875 0.08203125
0 0.33203125 0.77734375 0.05078125 0.0625
0 0.365234375 0.8251953125 0.05078125 0.08203125
0 0.400390625 0.8134765625 0.04296875 0.080078125
0 0.373046875 0.740234375 0.046875 0.08203125
0 0.4091796875 0.7314453125 0.04296875 0.08203125
0 0.3447265625 0.69921875 0.05078125 0.06640625
0 0.380859375 0.6650390625 0.04296875 0.072265625
0 0.357421875 0.6240234375 0.052734375 0.064453125
0 0.3935546875 0.595703125 0.04296875 0.0625
1 0.5458984375 0.77734375 0.0546875 0.126953125
1 0.5390625 0.888671875 0.05078125 0.12890625
1 0.5302734375 0.966796875 0.0546875 0.06640625
1 0.6171875 0.685546875 0.0390625 0.1171875
1 0.6083984375 0.794921875 0.044921875 0.123046875
1 0.6005859375 0.9033203125 0.0390625 0.130859375
1 0.5927734375 0.98046875 0.04296875 0.0390625
0 0.1708984375 0.32421875 0.02734375 0.03125
0 0.2099609375 0.302734375 0.02734375 0.029296875
0 0.2490234375 0.2763671875 0.02734375 0.03125
0 0.287109375 0.2470703125 0.02734375 0.03515625
0 0.3251953125 0.2197265625 0.02734375 0.0390625
0 0.3701171875 0.189453125 0.029296875 0.03125
0 0.416015625 0.16015625 0.037109375 0.03125
0 0.451171875 0.1298828125 0.02734375 0.02734375
0 0.5009765625 0.099609375 0.02734375 0.03515625
0 0.5458984375 0.0703125 0.03515625 0.0390625
0 0.5888671875 0.0361328125 0.01953125 0.025390625
0 0.634765625 0.009765625 0.02734375 0.01953125
1 0.13671875 0.3974609375 0.04296875 0.09375
1 0.205078125 0.3515625 0.078125 0.09375
1 0.28125 0.2919921875 0.08203125 0.09765625
1 0.359375 0.2490234375 0.076171875 0.08984375
1 0.4521484375 0.17578125 0.068359375 0.09375
1 0.5458984375 0.126953125 0.068359375 0.099609375
1 0.638671875 0.060546875 0.08984375 0.1015625
1 0.7236328125 0.0185546875 0.0859375 0.037109375