3 0.505859375 0.501953125 0.5341796875 0.84375
2 0.037109375 0.2236328125 0.07421875 0.119140625
2 0.048828125 0.3125 0.09765625 0.12890625
2 0.06640625 0.3984375 0.1328125 0.12890625
2 0.134765625 0.4599609375 0.1474609375 0.150390625
2 0.1982421875 0.54296875 0.140625 0.1259765625
2 0.181640625 0.6669921875 0.1533203125 0.134765625
2 0.20703125 0.771484375 0.1015625 0.0908203125
2 0.2119140625 0.8583984375 0.06640625 0.076171875
2 0.03125 0.5625 0.0478515625 0.041015625
2 0.08203125 0.5888671875 0.044921875 0.06640625
2 0.0869140625 0.642578125 0.0322265625 0.0517578125
2 0.095703125 0.69921875 0.0341796875 0.064453125
2 0.0927734375 0.7607421875 0.0390625 0.0546875
2 0.1083984375 0.818359375 0.044921875 0.0634765625
2 0.1279296875 0.8818359375 0.056640625 0.0673828125
2 0.1474609375 0.93359375 0.0400390625 0.0615234375
2 0.193359375 0.9345703125 0.0732421875 0.052734375