4 0.712890625 0.09765625 0.140625 0.15234375
4 0.740234375 0.193359375 0.0625 0.07421875
4 0.634765625 0.2216796875 0.0625 0.068359375
4 0.7744140625 0.296875 0.08203125 0.078125
4 0.703125 0.302734375 0.0703125 0.0703125
4 0.630859375 0.3251953125 0.0703125 0.08984375
4 0.5615234375 0.3388671875 0.06640625 0.08203125
4 0.392578125 0.8740234375 0.40234375 0.251953125
1 0.9501953125 0.4970703125 0.099609375 0.091796875
1 0.8447265625 0.5068359375 0.11328125 0.091796875
1 0.7353515625 0.5234375 0.09765625 0.095703125
1 0.6396484375 0.5322265625 0.103515625 0.0859375
1 0.5322265625 0.541015625 0.1015625 0.07421875
1 0.4375 0.548828125 0.103515625 0.08984375
1 0.3427734375 0.5634765625 0.10546875 0.1015625
1 0.24609375 0.5634765625 0.09765625 0.1015625
1 0.1484375 0.57421875 0.083984375 0.091796875
1 0.0546875 0.5849609375 0.1015625 0.08984375
0 0.994140625 0.576171875 0.01171875 0.05078125
0 0.9638671875 0.58203125 0.0546875 0.0546875
0 0.9052734375 0.5849609375 0.0546875 0.056640625
0 0.8525390625 0.5908203125 0.048828125 0.0546875
0 0.798828125 0.5966796875 0.05078125 0.0546875
0 0.7470703125 0.607421875 0.0546875 0.05859375
0 0.693359375 0.611328125 0.048828125 0.0546875
0 0.63671875 0.6162109375 0.046875 0.052734375
0 0.5869140625 0.615234375 0.044921875 0.05078125
0 0.5390625 0.6162109375 0.048828125 0.056640625
0 0.48828125 0.63671875 0.05859375 0.05078125
0 0.4296875 0.6396484375 0.048828125 0.0546875
0 0.376953125 0.638671875 0.052734375 0.060546875
0 0.328125 0.650390625 0.05078125 0.0625
0 0.28125 0.650390625 0.05078125 0.072265625
0 0.23046875 0.66015625 0.048828125 0.06640625
0 0.1796875 0.6689453125 0.060546875 0.05859375
0 0.1103515625 0.6689453125 0.060546875 0.0546875
0 0.0625 0.671875 0.046875 0.0625
0 0.0185546875 0.6806640625 0.037109375 0.05859375
1 0.966796875 0.6953125 0.06640625 0.169921875
1 0.8818359375 0.7001953125 0.125 0.1640625
1 0.765625 0.71484375 0.125 0.15625
1 0.6533203125 0.7236328125 0.107421875 0.15234375
1 0.5517578125 0.72265625 0.103515625 0.1484375
1 0.447265625 0.736328125 0.10546875 0.14453125
1 0.3330078125 0.763671875 0.09765625 0.138671875
1 0.236328125 0.763671875 0.09375 0.125
1 0.146484375 0.7744140625 0.083984375 0.140625
1 0.0615234375 0.7734375 0.078125 0.150390625
1 0.0087890625 0.7802734375 0.015625 0.126953125