4 0.4775390625 0.4765625 0.8984375 0.591796875
1 0.5556640625 0.9560546875 0.109375 0.0859375
1 0.447265625 0.9560546875 0.10546875 0.0859375
1 0.3564453125 0.9599609375 0.091796875 0.080078125
1 0.265625 0.9697265625 0.1015625 0.060546875
1 0.16796875 0.966796875 0.0703125 0.06640625
1 0.185546875 0.025390625 0.0859375 0.05078125
1 0.2900390625 0.0185546875 0.08984375 0.03515625
1 0.396484375 0.0087890625 0.103515625 0.015625
1 0.4892578125 0.013671875 0.080078125 0.02734375
1 0.5869140625 0.0166015625 0.107421875 0.033203125
3 0.921875 0.9521484375 0.15625 0.095703125
3 0.9609375 0.0224609375 0.078125 0.044921875
0 0.763671875 0.8935546875 0.03515625 0.052734375
0 0.763671875 0.9501953125 0.0390625 0.05078125
0 0.759765625 0.990234375 0.046875 0.01953125
0 0.8037109375 0.021484375 0.02734375 0.04296875
1 0.6787109375 0.029296875 0.03515625 0.05859375
1 0.7451171875 0.0302734375 0.05078125 0.060546875
1 0.7041015625 0.9345703125 0.056640625 0.130859375
1 0.642578125 0.9345703125 0.03515625 0.130859375