1 0.0830078125 0.111328125 0.0849609375 0.205078125
1 0.01953125 0.138671875 0.0390625 0.224609375
1 0.1552734375 0.0888671875 0.0751953125 0.1767578125
1 0.2587890625 0.0625 0.07421875 0.1240234375
1 0.2041015625 0.0673828125 0.048828125 0.134765625
1 0.3271484375 0.04296875 0.060546875 0.0859375
1 0.4150390625 0.03125 0.0546875 0.0615234375
1 0.0849609375 0.6240234375 0.1611328125 0.203125
1 0.2041015625 0.5693359375 0.150390625 0.2548828125
1 0.3125 0.513671875 0.1396484375 0.2578125
1 0.421875 0.48046875 0.1533203125 0.251953125
1 0.5322265625 0.4287109375 0.154296875 0.2626953125
1 0.642578125 0.3837890625 0.1552734375 0.267578125
1 0.7529296875 0.3369140625 0.1474609375 0.248046875
1 0.869140625 0.2880859375 0.1611328125 0.251953125
1 0.37109375 0.9326171875 0.2177734375 0.1337890625
1 0.59765625 0.888671875 0.236328125 0.2216796875
1 0.8427734375 0.8359375 0.25 0.3271484375