4 0.49609375 0.5634765625 0.609375 0.873046875
0 0.9833984375 0.6123046875 0.033203125 0.04296875
0 0.8798828125 0.615234375 0.07421875 0.044921875
0 0.8154296875 0.6142578125 0.0703125 0.041015625
0 0.7373046875 0.615234375 0.0703125 0.041015625
0 0.6611328125 0.6181640625 0.07421875 0.0390625
0 0.134765625 0.6240234375 0.109375 0.046875
0 0.21875 0.623046875 0.060546875 0.04296875
4 0.455078125 0.0625 0.115234375 0.125
1 0.0185546875 0.830078125 0.037109375 0.0390625
1 0.0693359375 0.8330078125 0.05078125 0.03515625
1 0.1396484375 0.83203125 0.046875 0.04296875
1 0.9091796875 0.8125 0.0390625 0.03125
1 0.98828125 0.80859375 0.0234375 0.03515625
0 0.9052734375 0.8779296875 0.046875 0.02734375
0 0.12890625 0.8935546875 0.0390625 0.037109375
0 0.017578125 0.8984375 0.03515625 0.03125