4 0.8994140625 0.4482421875 0.14453125 0.39453125
4 0.80078125 0.0888671875 0.064453125 0.1328125
4 0.6572265625 0.2197265625 0.0546875 0.1015625
4 0.5576171875 0.3046875 0.046875 0.078125
0 0.83984375 0.0908203125 0.015625 0.01953125
0 0.8427734375 0.1220703125 0.01953125 0.03125
0 0.8466796875 0.1611328125 0.01953125 0.029296875
0 0.8515625 0.19921875 0.01953125 0.03125
0 0.8388671875 0.2265625 0.01953125 0.037109375
0 0.853515625 0.240234375 0.0234375 0.029296875
0 0.8408203125 0.2646484375 0.015625 0.0390625
0 0.84375 0.30859375 0.013671875 0.03515625
0 0.86328125 0.2216796875 0.01171875 0.03125
0 0.8603515625 0.1806640625 0.0078125 0.03125
0 0.8544921875 0.1455078125 0.0078125 0.03125
0 0.69140625 0.23046875 0.009765625 0.021484375
0 0.6845703125 0.244140625 0.01171875 0.0234375
0 0.6943359375 0.2578125 0.013671875 0.01953125
0 0.6875 0.2783203125 0.015625 0.0234375
0 0.69921875 0.2919921875 0.013671875 0.01953125
0 0.681640625 0.2919921875 0.0078125 0.015625
0 0.8408203125 0.333984375 0.0078125 0.017578125
0 0.8564453125 0.330078125 0.01171875 0.015625
0 0.5810546875 0.404296875 0.01171875 0.0234375
0 0.58984375 0.3935546875 0.0078125 0.015625
0 0.5751953125 0.392578125 0.0078125 0.01953125
0 0.58203125 0.376953125 0.01171875 0.025390625
0 0.5830078125 0.3486328125 0.01171875 0.02734375
0 0.5888671875 0.3662109375 0.0078125 0.01953125
0 0.58203125 0.3232421875 0.013671875 0.021484375
0 0.57421875 0.30859375 0.01171875 0.01953125
0 0.5888671875 0.3115234375 0.01171875 0.01953125
0 0.5888671875 0.337890625 0.0078125 0.01953125
0 0.5771484375 0.33984375 0.0078125 0.01953125
4 0.7890625 0.2841796875 0.0390625 0.0859375
4 0.794921875 0.41015625 0.03515625 0.08203125