1 0.5107421875 0.5390625 0.3720703125 0.3193359375
1 0.0615234375 0.3642578125 0.1123046875 0.1259765625
1 0.09765625 0.703125 0.193359375 0.25
1 0.3583984375 0.6865234375 0.2509765625 0.2353515625
1 0.2021484375 0.4404296875 0.208984375 0.2529296875
1 0.443359375 0.3779296875 0.0625 0.091796875
1 0.515625 0.3544921875 0.072265625 0.083984375
1 0.5830078125 0.3671875 0.0576171875 0.1025390625
1 0.693359375 0.359375 0.095703125 0.1337890625
1 0.76953125 0.3466796875 0.119140625 0.109375
1 0.8828125 0.34765625 0.1083984375 0.13671875
1 0.8349609375 0.4619140625 0.2041015625 0.2197265625
1 0.75 0.6611328125 0.0859375 0.1630859375
1 0.896484375 0.658203125 0.1044921875 0.2119140625