3 0.5224609375 0.5166015625 0.5634765625 0.806640625
2 0.037109375 0.3056640625 0.07421875 0.138671875
2 0.0673828125 0.416015625 0.134765625 0.1484375
2 0.1259765625 0.4873046875 0.197265625 0.158203125
2 0.1259765625 0.599609375 0.216796875 0.1708984375
2 0.1494140625 0.708984375 0.1650390625 0.1220703125
2 0.169921875 0.7919921875 0.1337890625 0.09375
2 0.009765625 0.716796875 0.01953125 0.04296875
2 0.01953125 0.763671875 0.0390625 0.0576171875
2 0.0361328125 0.81640625 0.0419921875 0.0732421875
2 0.0654296875 0.869140625 0.0576171875 0.060546875
3 0.18359375 0.908203125 0.2060546875 0.1484375