3 0.0966796875 0.646484375 0.193359375 0.56640625
3 0.8896484375 0.638671875 0.193359375 0.5908203125
3 0.5947265625 0.423828125 0.091796875 0.275390625
0 0.3466796875 0.6171875 0.0244140625 0.05078125
0 0.3681640625 0.6513671875 0.0234375 0.0537109375
0 0.3466796875 0.6875 0.021484375 0.05078125
0 0.3681640625 0.72265625 0.0263671875 0.0576171875
0 0.384765625 0.681640625 0.0224609375 0.0576171875
0 0.40234375 0.65234375 0.0224609375 0.04296875
0 0.380859375 0.625 0.0244140625 0.0341796875
0 0.4228515625 0.6806640625 0.025390625 0.0595703125
0 0.4052734375 0.71875 0.0244140625 0.048828125
0 0.4423828125 0.712890625 0.0283203125 0.0537109375
0 0.4248046875 0.740234375 0.01953125 0.0244140625
0 0.4609375 0.7373046875 0.0263671875 0.037109375
0 0.478515625 0.7216796875 0.0205078125 0.0361328125
0 0.494140625 0.7421875 0.0166015625 0.029296875
0 0.3857421875 0.7421875 0.0234375 0.02734375
0 0.34765625 0.7431640625 0.017578125 0.03125
0 0.3349609375 0.7216796875 0.01171875 0.041015625
1 0.107421875 0.099609375 0.0166015625 0.0576171875
1 0.10546875 0.1513671875 0.015625 0.048828125
1 0.1064453125 0.2041015625 0.015625 0.0537109375
1 0.103515625 0.2470703125 0.013671875 0.033203125
1 0.1083984375 0.0517578125 0.01953125 0.0400390625
1 0.287109375 0.0703125 0.0126953125 0.0576171875
0 0.3916015625 0.0615234375 0.0224609375 0.0478515625
0 0.3916015625 0.130859375 0.0185546875 0.044921875
0 0.40625 0.09765625 0.015625 0.04296875
0 0.37890625 0.0947265625 0.013671875 0.0439453125
0 0.376953125 0.1640625 0.015625 0.0478515625
0 0.3916015625 0.197265625 0.017578125 0.0380859375
0 0.4052734375 0.166015625 0.0185546875 0.029296875
0 0.4033203125 0.0263671875 0.0166015625 0.03515625
0 0.3798828125 0.0322265625 0.0126953125 0.0439453125
0 0.765625 0.0654296875 0.021484375 0.037109375
0 0.751953125 0.1025390625 0.01953125 0.04296875
0 0.767578125 0.1328125 0.0234375 0.037109375
0 0.751953125 0.16796875 0.0185546875 0.04296875
0 0.7685546875 0.1982421875 0.021484375 0.044921875
0 0.78125 0.1630859375 0.015625 0.037109375
0 0.779296875 0.1005859375 0.01953125 0.04296875
0 0.779296875 0.0302734375 0.0185546875 0.0439453125
0 0.75390625 0.03125 0.021484375 0.0458984375
1 0.9716796875 0.0703125 0.009765625 0.0478515625
1 0.9736328125 0.119140625 0.01171875 0.0546875
1 0.974609375 0.1689453125 0.0107421875 0.048828125
1 0.974609375 0.23046875 0.0087890625 0.0654296875
1 0.9580078125 0.0693359375 0.01171875 0.0458984375
1 0.958984375 0.1171875 0.009765625 0.056640625
1 0.9599609375 0.1728515625 0.01171875 0.0576171875
1 0.9619140625 0.2353515625 0.013671875 0.0625
1 0.826171875 0.0732421875 0.013671875 0.056640625
1 0.8251953125 0.125 0.013671875 0.056640625
1 0.828125 0.177734375 0.0126953125 0.0498046875
1 0.828125 0.2373046875 0.013671875 0.06640625
1 0.80859375 0.0703125 0.009765625 0.0537109375
1 0.8095703125 0.125 0.0107421875 0.0556640625
1 0.8115234375 0.1767578125 0.0107421875 0.0595703125
1 0.8125 0.2392578125 0.0126953125 0.0703125
1 0.6572265625 0.0732421875 0.01171875 0.0546875
1 0.6416015625 0.0732421875 0.0107421875 0.052734375
1 0.6572265625 0.126953125 0.0107421875 0.0517578125
1 0.642578125 0.1240234375 0.01171875 0.0517578125
1 0.658203125 0.1787109375 0.01171875 0.052734375
1 0.642578125 0.173828125 0.0126953125 0.0556640625
1 0.658203125 0.240234375 0.0126953125 0.0693359375
1 0.64453125 0.2353515625 0.0146484375 0.072265625
1 0.5126953125 0.080078125 0.0126953125 0.056640625
1 0.4951171875 0.08203125 0.009765625 0.056640625
1 0.513671875 0.1328125 0.0126953125 0.046875
1 0.4970703125 0.13671875 0.0126953125 0.0517578125
1 0.498046875 0.1845703125 0.0126953125 0.05078125
1 0.513671875 0.181640625 0.0146484375 0.0517578125
1 0.5107421875 0.2392578125 0.0107421875 0.0576171875
1 0.4970703125 0.240234375 0.0146484375 0.06640625