4 0.48828125 0.5849609375 0.2041015625 0.1923828125
0 0.267578125 0.6474609375 0.0771484375 0.044921875
0 0.3740234375 0.509765625 0.0751953125 0.0498046875
0 0.46875 0.447265625 0.0751953125 0.0703125
0 0.4658203125 0.32421875 0.0869140625 0.0625
0 0.697265625 0.65625 0.0693359375 0.05078125
0 0.57421875 0.5126953125 0.068359375 0.0576171875
2 0.4853515625 0.0830078125 0.1015625 0.166015625
2 0.0244140625 0.55859375 0.048828125 0.05078125
2 0.056640625 0.5234375 0.04296875 0.0458984375
2 0.0771484375 0.4951171875 0.046875 0.05078125
2 0.1005859375 0.4658203125 0.0478515625 0.048828125
2 0.1318359375 0.4365234375 0.0546875 0.0517578125
2 0.158203125 0.408203125 0.0390625 0.056640625
2 0.18359375 0.380859375 0.048828125 0.046875
2 0.2099609375 0.3466796875 0.04296875 0.0556640625
2 0.23046875 0.3232421875 0.052734375 0.0458984375
2 0.259765625 0.2958984375 0.0400390625 0.0546875
2 0.2822265625 0.2666015625 0.0478515625 0.048828125
2 0.302734375 0.234375 0.0458984375 0.0439453125
2 0.3330078125 0.205078125 0.0439453125 0.0390625
2 0.361328125 0.1865234375 0.0556640625 0.048828125
2 0.384765625 0.1611328125 0.048828125 0.04296875
2 0.4111328125 0.1337890625 0.056640625 0.0380859375
2 0.4296875 0.111328125 0.0400390625 0.0419921875
2 0.5302734375 0.1044921875 0.0400390625 0.0478515625
2 0.5498046875 0.1298828125 0.04296875 0.044921875
2 0.5732421875 0.154296875 0.0517578125 0.04296875
2 0.5986328125 0.18359375 0.048828125 0.046875
2 0.623046875 0.2060546875 0.041015625 0.0546875
2 0.6552734375 0.2451171875 0.0361328125 0.0517578125
2 0.6845703125 0.2724609375 0.0380859375 0.052734375
2 0.7119140625 0.30078125 0.0380859375 0.056640625
2 0.7373046875 0.330078125 0.0390625 0.0458984375
2 0.759765625 0.3564453125 0.046875 0.056640625
2 0.7939453125 0.390625 0.0517578125 0.052734375
2 0.822265625 0.4130859375 0.044921875 0.0537109375
1 0.8525390625 0.447265625 0.052734375 0.05078125
2 0.87890625 0.4755859375 0.044921875 0.0517578125
2 0.904296875 0.509765625 0.056640625 0.0615234375
2 0.9375 0.5380859375 0.0419921875 0.0517578125
2 0.966796875 0.5693359375 0.0419921875 0.048828125
2 0.9873046875 0.6025390625 0.025390625 0.060546875
1 0.03515625 0.62109375 0.044921875 0.04296875
1 0.05859375 0.5849609375 0.0517578125 0.044921875
1 0.08984375 0.556640625 0.0419921875 0.0419921875
1 0.1171875 0.5234375 0.0478515625 0.0419921875
1 0.1376953125 0.4990234375 0.0458984375 0.033203125
1 0.171875 0.466796875 0.0390625 0.044921875
1 0.1982421875 0.435546875 0.0439453125 0.0400390625
1 0.22265625 0.408203125 0.052734375 0.0439453125
1 0.2509765625 0.37890625 0.0361328125 0.037109375
1 0.2744140625 0.3486328125 0.044921875 0.0400390625
1 0.3076171875 0.3193359375 0.0419921875 0.04296875
1 0.33203125 0.296875 0.046875 0.0419921875
1 0.3447265625 0.2666015625 0.0322265625 0.037109375
1 0.376953125 0.2431640625 0.0390625 0.033203125
1 0.3916015625 0.2080078125 0.0400390625 0.03125
1 0.41796875 0.181640625 0.04296875 0.03515625
1 0.4404296875 0.1591796875 0.0390625 0.029296875
1 0.5283203125 0.16015625 0.048828125 0.0400390625
1 0.5419921875 0.1826171875 0.0517578125 0.0439453125
1 0.5712890625 0.2138671875 0.046875 0.041015625
1 0.5947265625 0.2431640625 0.052734375 0.0400390625
1 0.62109375 0.263671875 0.0546875 0.0390625
1 0.6474609375 0.2958984375 0.0546875 0.0439453125
1 0.673828125 0.32421875 0.0556640625 0.0458984375
1 0.703125 0.3564453125 0.046875 0.041015625
1 0.7353515625 0.388671875 0.056640625 0.0439453125
1 0.7529296875 0.4091796875 0.0478515625 0.03515625
1 0.779296875 0.4423828125 0.0537109375 0.044921875
1 0.80859375 0.4765625 0.0556640625 0.0380859375
1 0.8427734375 0.5068359375 0.0615234375 0.0400390625
1 0.8701171875 0.537109375 0.056640625 0.0390625
1 0.892578125 0.5654296875 0.0576171875 0.048828125
1 0.927734375 0.6015625 0.0556640625 0.0400390625
1 0.95703125 0.6279296875 0.05078125 0.0400390625
1 0.9833984375 0.6640625 0.033203125 0.052734375
4 0.080078125 0.8173828125 0.1591796875 0.2001953125