3 0.375 0.978515625 0.171875 0.04296875
0 0.71484375 0.9794921875 0.02734375 0.01171875
0 0.6591796875 0.9794921875 0.02734375 0.01171875
0 0.6025390625 0.9794921875 0.02734375 0.013671875
0 0.5458984375 0.98046875 0.03125 0.01171875
0 0.5458984375 0.8544921875 0.02734375 0.015625
0 0.60546875 0.8544921875 0.02734375 0.013671875
0 0.66015625 0.853515625 0.037109375 0.01171875
0 0.7177734375 0.853515625 0.03125 0.013671875
0 0.771484375 0.853515625 0.02734375 0.015625
1 0.369140625 0.9189453125 0.03515625 0.015625
1 0.4248046875 0.919921875 0.03515625 0.01953125
1 0.4814453125 0.919921875 0.03125 0.01953125
1 0.5322265625 0.9189453125 0.02734375 0.01953125
1 0.8017578125 0.9970703125 0.015625 0.005859375
1 0.802734375 0.9873046875 0.015625 0.01171875
1 0.802734375 0.9736328125 0.015625 0.013671875
1 0.80078125 0.9609375 0.017578125 0.0078125
1 0.802734375 0.931640625 0.015625 0.013671875
1 0.8037109375 0.90625 0.015625 0.01171875
1 0.802734375 0.87890625 0.01171875 0.01171875
1 0.802734375 0.8671875 0.01953125 0.01171875
1 0.802734375 0.8525390625 0.015625 0.013671875
1 0.8017578125 0.837890625 0.015625 0.013671875
1 0.8369140625 0.841796875 0.0234375 0.015625
1 0.8359375 0.826171875 0.01953125 0.015625
1 0.837890625 0.810546875 0.01953125 0.015625
1 0.833984375 0.7958984375 0.01953125 0.01171875
1 0.802734375 0.78125 0.015625 0.01171875
1 0.802734375 0.767578125 0.013671875 0.01171875
1 0.802734375 0.75390625 0.015625 0.013671875
1 0.802734375 0.740234375 0.015625 0.01171875
1 0.8017578125 0.7265625 0.015625 0.01171875
1 0.8046875 0.716796875 0.015625 0.01171875
1 0.8037109375 0.703125 0.015625 0.013671875
1 0.8037109375 0.6884765625 0.015625 0.01171875
0 0.314453125 0.8203125 0.0390625 0.02734375
0 0.337890625 0.8056640625 0.04296875 0.0234375
0 0.36328125 0.8212890625 0.03515625 0.021484375
0 0.3896484375 0.8076171875 0.04296875 0.0234375
0 0.392578125 0.830078125 0.033203125 0.01171875
0 0.412109375 0.822265625 0.0390625 0.017578125
0 0.4404296875 0.828125 0.0390625 0.015625
0 0.4384765625 0.8037109375 0.041015625 0.01953125
0 0.4619140625 0.8203125 0.03515625 0.01953125
0 0.4873046875 0.8271484375 0.0390625 0.015625
0 0.490234375 0.8037109375 0.0390625 0.021484375
0 0.4658203125 0.79296875 0.037109375 0.015625
0 0.51171875 0.8173828125 0.04296875 0.021484375
0 0.5390625 0.80078125 0.04296875 0.01953125
0 0.5166015625 0.7919921875 0.0390625 0.015625
0 0.5419921875 0.8271484375 0.041015625 0.013671875
0 0.5634765625 0.8173828125 0.04296875 0.0234375
0 0.5859375 0.802734375 0.04296875 0.01953125
0 0.609375 0.81640625 0.03515625 0.0234375
0 0.634765625 0.80078125 0.041015625 0.0234375
0 0.66015625 0.814453125 0.0390625 0.0234375
0 0.6904296875 0.828125 0.0390625 0.01171875
0 0.6845703125 0.80078125 0.044921875 0.0234375
0 0.7080078125 0.8154296875 0.0390625 0.025390625
0 0.7314453125 0.7998046875 0.03515625 0.01953125
0 0.755859375 0.81640625 0.0390625 0.01953125
0 0.78515625 0.8271484375 0.0390625 0.01171875
0 0.802734375 0.8134765625 0.03515625 0.0234375
0 0.7802734375 0.7998046875 0.04296875 0.01953125
0 0.4638671875 0.697265625 0.0390625 0.01953125
0 0.3974609375 0.68359375 0.041015625 0.01953125
0 0.357421875 0.6826171875 0.0390625 0.015625
0 0.4814453125 0.6826171875 0.037109375 0.01953125
0 0.5087890625 0.6962890625 0.0390625 0.015625
0 0.5458984375 0.6962890625 0.03515625 0.017578125
0 0.5302734375 0.6806640625 0.041015625 0.0234375
0 0.5654296875 0.6826171875 0.03125 0.01953125
0 0.591796875 0.6943359375 0.0390625 0.01953125
0 0.6328125 0.6923828125 0.0390625 0.01953125
0 0.67578125 0.693359375 0.037109375 0.015625
0 0.716796875 0.693359375 0.03515625 0.015625
1 0.3603515625 0.60546875 0.0390625 0.0234375
1 0.4111328125 0.6044921875 0.02734375 0.01953125
1 0.4658203125 0.6044921875 0.033203125 0.01953125
4 0.04296875 0.8232421875 0.0625 0.02734375
1 0.224609375 0.9931640625 0.0390625 0.013671875
1 0.224609375 0.9736328125 0.04296875 0.03125
1 0.22265625 0.94921875 0.044921875 0.02734375
1 0.220703125 0.92578125 0.04296875 0.029296875
1 0.21875 0.900390625 0.0390625 0.0234375
1 0.2177734375 0.8759765625 0.0390625 0.02734375
1 0.1640625 0.9033203125 0.052734375 0.01953125
1 0.16796875 0.8798828125 0.0546875 0.03125
1 0.1650390625 0.8515625 0.0625 0.03125
1 0.1630859375 0.822265625 0.05859375 0.041015625
1 0.1611328125 0.7939453125 0.0546875 0.0390625
1 0.1611328125 0.765625 0.05078125 0.033203125
1 0.15625 0.7353515625 0.0546875 0.037109375
1 0.1552734375 0.703125 0.05078125 0.03515625
1 0.15234375 0.6748046875 0.05078125 0.03515625
1 0.1474609375 0.6455078125 0.046875 0.03515625
1 0.1474609375 0.615234375 0.046875 0.033203125
1 0.142578125 0.583984375 0.05859375 0.041015625
1 0.142578125 0.5556640625 0.048828125 0.0390625
1 0.1376953125 0.5205078125 0.0546875 0.03515625
1 0.138671875 0.490234375 0.05078125 0.0390625
1 0.138671875 0.4580078125 0.046875 0.037109375
1 0.1318359375 0.4267578125 0.05078125 0.03515625
1 0.1328125 0.392578125 0.052734375 0.03515625
1 0.126953125 0.361328125 0.046875 0.041015625
1 0.123046875 0.3310546875 0.0546875 0.0390625
1 0.1220703125 0.2998046875 0.0546875 0.03515625
1 0.12109375 0.2607421875 0.046875 0.0390625
1 0.1162109375 0.2294921875 0.052734375 0.0390625
1 0.1103515625 0.1953125 0.04296875 0.041015625
1 0.1123046875 0.162109375 0.046875 0.02734375
3 0.33984375 0.7646484375 0.197265625 0.0703125
3 0.3642578125 0.734375 0.17578125 0.05078125
3 0.3134765625 0.2744140625 0.22265625 0.078125
3 0.3330078125 0.091796875 0.1953125 0.072265625