3 0.1162109375 0.7939453125 0.1376953125 0.1552734375
3 0.90625 0.8056640625 0.154296875 0.15234375
1 0.1181640625 0.935546875 0.037109375 0.03515625
1 0.142578125 0.9326171875 0.0302734375 0.033203125
1 0.16796875 0.9326171875 0.037109375 0.0341796875
1 0.19140625 0.9326171875 0.03125 0.037109375
1 0.2216796875 0.9345703125 0.0498046875 0.033203125
1 0.25390625 0.935546875 0.037109375 0.0380859375
1 0.2734375 0.935546875 0.0322265625 0.0361328125
1 0.2978515625 0.9375 0.0380859375 0.0400390625
1 0.322265625 0.935546875 0.0302734375 0.033203125
1 0.34765625 0.935546875 0.04296875 0.0390625
1 0.37109375 0.9365234375 0.0302734375 0.03515625
1 0.3955078125 0.9375 0.048828125 0.037109375
1 0.423828125 0.9375 0.0302734375 0.0322265625
1 0.4482421875 0.939453125 0.0439453125 0.0341796875
1 0.47265625 0.9384765625 0.0263671875 0.03515625
1 0.4970703125 0.939453125 0.0400390625 0.03515625
1 0.525390625 0.939453125 0.03125 0.0322265625
1 0.55078125 0.9423828125 0.0361328125 0.0341796875
1 0.5751953125 0.939453125 0.025390625 0.03125
1 0.6025390625 0.9423828125 0.04296875 0.0361328125
1 0.6259765625 0.9404296875 0.0244140625 0.0322265625
1 0.650390625 0.9423828125 0.03515625 0.03515625
1 0.67578125 0.94140625 0.02734375 0.0341796875
1 0.7001953125 0.94140625 0.037109375 0.0380859375
1 0.7275390625 0.943359375 0.0283203125 0.0361328125
1 0.7529296875 0.9453125 0.03515625 0.0390625
1 0.7802734375 0.943359375 0.029296875 0.0361328125
1 0.8076171875 0.9384765625 0.0224609375 0.029296875
1 0.830078125 0.9423828125 0.0390625 0.0361328125
1 0.861328125 0.9423828125 0.0341796875 0.033203125
1 0.884765625 0.94140625 0.0380859375 0.03515625
1 0.916015625 0.9423828125 0.03125 0.03515625
1 0.8603515625 0.900390625 0.0341796875 0.0234375
1 0.9169921875 0.900390625 0.03515625 0.0205078125
1 0.82421875 0.8994140625 0.0263671875 0.01953125
1 0.767578125 0.90234375 0.0302734375 0.0205078125
1 0.70703125 0.90234375 0.033203125 0.0234375
1 0.6748046875 0.9013671875 0.029296875 0.0224609375
1 0.6162109375 0.9013671875 0.0283203125 0.021484375
1 0.5859375 0.8984375 0.03125 0.0205078125
1 0.5224609375 0.8994140625 0.0283203125 0.021484375
1 0.4912109375 0.8974609375 0.0361328125 0.0205078125
1 0.4306640625 0.8955078125 0.02734375 0.0224609375
1 0.3984375 0.8974609375 0.029296875 0.021484375
1 0.3388671875 0.8955078125 0.0283203125 0.021484375
1 0.3017578125 0.896484375 0.033203125 0.0224609375
1 0.1953125 0.8916015625 0.0263671875 0.0205078125
1 0.1630859375 0.890625 0.033203125 0.02734375
1 0.1005859375 0.890625 0.0380859375 0.021484375
0 0.1328125 0.8916015625 0.03515625 0.0205078125
0 0.2265625 0.890625 0.03515625 0.0224609375
0 0.2724609375 0.8955078125 0.0341796875 0.0205078125
0 0.3681640625 0.896484375 0.0322265625 0.021484375
0 0.458984375 0.8974609375 0.0302734375 0.021484375
0 0.5537109375 0.8994140625 0.0302734375 0.0224609375
0 0.64453125 0.900390625 0.03125 0.0224609375
0 0.7392578125 0.900390625 0.0341796875 0.0205078125
0 0.794921875 0.8984375 0.037109375 0.021484375
0 0.88671875 0.8994140625 0.033203125 0.0224609375
1 0.2353515625 0.8515625 0.0478515625 0.0390625
1 0.265625 0.8369140625 0.0576171875 0.048828125
1 0.2939453125 0.8125 0.068359375 0.0595703125
1 0.3115234375 0.78125 0.0693359375 0.060546875
1 0.322265625 0.7470703125 0.0771484375 0.0556640625
1 0.3232421875 0.71484375 0.078125 0.052734375
1 0.310546875 0.6806640625 0.083984375 0.0537109375
1 0.296875 0.650390625 0.0791015625 0.064453125
1 0.287109375 0.61328125 0.07421875 0.0693359375
1 0.3046875 0.5791015625 0.0595703125 0.0498046875
1 0.33203125 0.5615234375 0.0576171875 0.056640625
1 0.3525390625 0.5478515625 0.044921875 0.0498046875
1 0.6689453125 0.548828125 0.0478515625 0.0390625
1 0.6923828125 0.5673828125 0.046875 0.05078125
1 0.7080078125 0.59375 0.060546875 0.0546875
1 0.71875 0.625 0.0703125 0.048828125
1 0.7109375 0.6611328125 0.068359375 0.052734375
1 0.6982421875 0.6923828125 0.072265625 0.0498046875
1 0.6953125 0.73046875 0.072265625 0.05859375
1 0.69921875 0.759765625 0.06640625 0.0595703125
1 0.71484375 0.79296875 0.05859375 0.0595703125
1 0.73828125 0.822265625 0.060546875 0.07421875
1 0.767578125 0.8466796875 0.0478515625 0.0576171875
1 0.802734375 0.86328125 0.0390625 0.046875
1 0.8349609375 0.861328125 0.0390625 0.0419921875
0 0.46875 0.521484375 0.048828125 0.02734375
0 0.5625 0.5224609375 0.0478515625 0.0263671875
1 0.4111328125 0.51953125 0.0791015625 0.0283203125
1 0.513671875 0.521484375 0.0625 0.0322265625
1 0.61328125 0.5234375 0.0673828125 0.029296875
1 0.38671875 0.482421875 0.0458984375 0.0302734375
1 0.3779296875 0.455078125 0.0341796875 0.0205078125
1 0.4287109375 0.4580078125 0.05859375 0.0244140625
1 0.58984375 0.458984375 0.0556640625 0.0205078125
1 0.6357421875 0.462890625 0.044921875 0.0283203125
1 0.6337890625 0.4892578125 0.0498046875 0.0234375
1 0.3984375 0.4267578125 0.0185546875 0.017578125
1 0.427734375 0.4267578125 0.03125 0.01953125
1 0.4638671875 0.42578125 0.033203125 0.0185546875
1 0.49609375 0.427734375 0.0322265625 0.01953125
1 0.5322265625 0.4287109375 0.0322265625 0.0224609375
1 0.564453125 0.4296875 0.0380859375 0.021484375
1 0.6005859375 0.4296875 0.03515625 0.0185546875
1 0.6337890625 0.4306640625 0.03515625 0.01953125
1 0.3916015625 0.3798828125 0.0283203125 0.0234375
1 0.4208984375 0.3828125 0.0380859375 0.0205078125
1 0.4560546875 0.3828125 0.033203125 0.0234375
1 0.494140625 0.3818359375 0.033203125 0.025390625
1 0.5263671875 0.3828125 0.0380859375 0.0263671875
1 0.560546875 0.3818359375 0.033203125 0.0234375
1 0.59375 0.3837890625 0.0341796875 0.0234375
1 0.634765625 0.384765625 0.037109375 0.0224609375
1 0.6005859375 0.3486328125 0.0458984375 0.037109375
1 0.57421875 0.3310546875 0.048828125 0.046875
1 0.564453125 0.2998046875 0.0546875 0.05078125
1 0.443359375 0.296875 0.060546875 0.0546875
1 0.4375 0.326171875 0.05078125 0.0498046875
1 0.41796875 0.3447265625 0.060546875 0.0380859375
0 0.5107421875 0.291015625 0.029296875 0.01953125
1 0.4833984375 0.2890625 0.02734375 0.0205078125
1 0.5341796875 0.291015625 0.0205078125 0.0185546875
1 0.45703125 0.259765625 0.0263671875 0.029296875
1 0.486328125 0.2548828125 0.03125 0.03515625
1 0.5224609375 0.255859375 0.0341796875 0.037109375
1 0.55078125 0.26171875 0.0263671875 0.0390625
1 0.572265625 0.2646484375 0.0166015625 0.02734375
0 0.5185546875 0.2255859375 0.0263671875 0.013671875
0 0.5068359375 0.17578125 0.0244140625 0.0205078125
0 0.4765625 0.228515625 0.0234375 0.0146484375
0 0.552734375 0.2333984375 0.02734375 0.015625
0 0.5732421875 0.244140625 0.0126953125 0.01171875
0 0.4462890625 0.2392578125 0.0146484375 0.015625
0 0.4658203125 0.21484375 0.01953125 0.0205078125
0 0.548828125 0.2138671875 0.021484375 0.0185546875
1 0.4638671875 0.13671875 0.021484375 0.0322265625
1 0.4873046875 0.1318359375 0.03515625 0.0341796875
1 0.5224609375 0.126953125 0.0322265625 0.033203125
1 0.5478515625 0.1318359375 0.01953125 0.0322265625
4 0.50390625 0.0615234375 0.1162109375 0.1181640625
4 0.4736328125 0.0986328125 0.029296875 0.0322265625
4 0.5048828125 0.08984375 0.0400390625 0.029296875
4 0.5341796875 0.095703125 0.0263671875 0.037109375