3 0.1513671875 0.025390625 0.197265625 0.05078125
2 0.5849609375 0.322265625 0.203125 0.09765625
2 0.7724609375 0.5361328125 0.244140625 0.109375
0 0.40625 0.5185546875 0.05078125 0.06640625
2 0.1455078125 0.0498046875 0.037109375 0.0390625
2 0.16796875 0.0615234375 0.03515625 0.04296875
2 0.189453125 0.0810546875 0.037109375 0.041015625
2 0.2109375 0.091796875 0.0390625 0.03515625
2 0.232421875 0.107421875 0.0390625 0.029296875
2 0.2509765625 0.1240234375 0.04296875 0.0390625
2 0.275390625 0.1298828125 0.03515625 0.0390625
2 0.2958984375 0.14453125 0.037109375 0.0390625
2 0.3134765625 0.158203125 0.0390625 0.02734375
2 0.3359375 0.169921875 0.0390625 0.037109375
2 0.353515625 0.185546875 0.03515625 0.03515625
2 0.37109375 0.197265625 0.03515625 0.03515625
2 0.3916015625 0.2138671875 0.0390625 0.037109375
2 0.41015625 0.2216796875 0.03515625 0.033203125
2 0.4296875 0.236328125 0.03515625 0.044921875
2 0.451171875 0.244140625 0.04296875 0.03515625
2 0.4677734375 0.2568359375 0.03125 0.03515625
2 0.484375 0.26953125 0.03515625 0.03515625
2 0.505859375 0.275390625 0.02734375 0.03515625
2 0.521484375 0.2919921875 0.033203125 0.041015625
2 0.1376953125 0.0888671875 0.041015625 0.041015625
2 0.1171875 0.05859375 0.037109375 0.04296875
1 0.099609375 0.09765625 0.03125 0.05078125
1 0.13671875 0.1455078125 0.03515625 0.04296875
1 0.1611328125 0.173828125 0.0390625 0.046875
2 0.16796875 0.119140625 0.04296875 0.0390625
2 0.1865234375 0.1494140625 0.029296875 0.0390625
2 0.2099609375 0.169921875 0.02734375 0.037109375
1 0.1884765625 0.1953125 0.03125 0.0390625
1 0.2177734375 0.220703125 0.033203125 0.04296875
1 0.2431640625 0.2373046875 0.03515625 0.04296875
2 0.240234375 0.1943359375 0.029296875 0.037109375
2 0.2666015625 0.205078125 0.03515625 0.0390625
2 0.291015625 0.2275390625 0.02734375 0.0390625
1 0.2724609375 0.2529296875 0.03515625 0.041015625
2 0.3232421875 0.240234375 0.03125 0.033203125
2 0.345703125 0.26171875 0.0390625 0.046875
2 0.3671875 0.2763671875 0.029296875 0.04296875
2 0.39453125 0.291015625 0.033203125 0.04296875
1 0.3251953125 0.28515625 0.03515625 0.0390625
1 0.294921875 0.2744140625 0.03125 0.046875
2 0.4208984375 0.3056640625 0.033203125 0.0390625
1 0.3759765625 0.31640625 0.02734375 0.03125
1 0.400390625 0.3388671875 0.03125 0.0390625
1 0.423828125 0.3544921875 0.033203125 0.03125
1 0.4453125 0.365234375 0.03125 0.0390625
2 0.44140625 0.3212890625 0.03515625 0.04296875
2 0.4716796875 0.3349609375 0.03515625 0.041015625
2 0.494140625 0.3515625 0.03515625 0.03515625
2 0.5185546875 0.36328125 0.0390625 0.04296875
2 0.5380859375 0.3779296875 0.0390625 0.0390625
2 0.55859375 0.39453125 0.0390625 0.046875
2 0.5849609375 0.40234375 0.0390625 0.029296875
1 0.470703125 0.3818359375 0.033203125 0.037109375
1 0.4912109375 0.3955078125 0.03125 0.03515625
1 0.517578125 0.4111328125 0.03515625 0.0390625
1 0.5361328125 0.4248046875 0.03125 0.04296875
1 0.5595703125 0.43359375 0.03515625 0.037109375
1 0.58203125 0.451171875 0.029296875 0.04296875
2 0.6044921875 0.4189453125 0.03125 0.0234375
2 0.625 0.4375 0.03515625 0.037109375
2 0.64453125 0.4482421875 0.0390625 0.03515625
2 0.66796875 0.4638671875 0.03515625 0.04296875
2 0.6875 0.47265625 0.033203125 0.03515625
2 0.7119140625 0.4833984375 0.02734375 0.03125
1 0.6025390625 0.466796875 0.03125 0.03515625
1 0.625 0.4775390625 0.033203125 0.03515625
1 0.646484375 0.4892578125 0.03125 0.03125
1 0.6650390625 0.50390625 0.025390625 0.03125
2 0.7001953125 0.5615234375 0.04296875 0.033203125
2 0.6708984375 0.58203125 0.03515625 0.02734375
1 0.650390625 0.5556640625 0.03125 0.041015625
2 0.6513671875 0.6015625 0.037109375 0.03125
1 0.6357421875 0.5703125 0.0234375 0.03515625
2 0.62890625 0.619140625 0.03515625 0.03125
2 0.6015625 0.634765625 0.03515625 0.03515625
1 0.611328125 0.5908203125 0.037109375 0.04296875
1 0.5888671875 0.6044921875 0.02734375 0.0390625
2 0.583984375 0.654296875 0.03515625 0.033203125
1 0.5634765625 0.6220703125 0.02734375 0.046875
2 0.55859375 0.6728515625 0.03125 0.037109375
1 0.5390625 0.6416015625 0.033203125 0.048828125
2 0.5322265625 0.6884765625 0.03515625 0.037109375
1 0.51171875 0.6669921875 0.03125 0.046875
2 0.509765625 0.712890625 0.0390625 0.0390625
1 0.4873046875 0.6826171875 0.029296875 0.046875
2 0.484375 0.728515625 0.03515625 0.0390625
1 0.4638671875 0.7060546875 0.02734375 0.041015625
2 0.4580078125 0.748046875 0.0390625 0.03515625
1 0.4384765625 0.724609375 0.02734375 0.041015625
2 0.431640625 0.7666015625 0.03515625 0.03125
1 0.416015625 0.7373046875 0.02734375 0.05078125
2 0.40625 0.7890625 0.03515625 0.033203125
1 0.38671875 0.759765625 0.02734375 0.0390625
2 0.3798828125 0.8095703125 0.03515625 0.03515625
1 0.3583984375 0.7841796875 0.029296875 0.04296875
2 0.3564453125 0.830078125 0.0390625 0.02734375
1 0.333984375 0.8037109375 0.02734375 0.052734375
2 0.326171875 0.8515625 0.03515625 0.0390625
1 0.306640625 0.82421875 0.03125 0.046875
2 0.302734375 0.869140625 0.03515625 0.033203125
1 0.279296875 0.8427734375 0.03125 0.037109375
2 0.2724609375 0.888671875 0.03515625 0.0390625
1 0.2548828125 0.861328125 0.03125 0.046875
1 0.2470703125 0.9150390625 0.037109375 0.037109375
1 0.224609375 0.888671875 0.03125 0.04296875
1 0.1962890625 0.908203125 0.02734375 0.037109375
1 0.1689453125 0.9306640625 0.02734375 0.041015625
1 0.1337890625 0.96484375 0.02734375 0.041015625
1 0.111328125 0.986328125 0.03125 0.02734375
2 0.162109375 0.9853515625 0.046875 0.02734375
2 0.189453125 0.958984375 0.04296875 0.03125
2 0.2158203125 0.9365234375 0.044921875 0.03515625