1 0.490234375 0.130859375 0.435546875 0.26171875
1 0.4892578125 0.365234375 0.40234375 0.2578125
1 0.4912109375 0.6171875 0.4140625 0.28515625
1 0.19921875 0.615234375 0.3984375 0.29296875
1 0.9501953125 0.048828125 0.099609375 0.09765625
1 0.8466796875 0.0517578125 0.099609375 0.103515625
1 0.953125 0.171875 0.09375 0.140625
1 0.84765625 0.169921875 0.109375 0.1328125
1 0.9482421875 0.3466796875 0.103515625 0.1328125
1 0.8408203125 0.34375 0.1015625 0.125
1 0.955078125 0.478515625 0.08984375 0.14453125
1 0.84765625 0.474609375 0.10546875 0.12890625
1 0.9560546875 0.6533203125 0.087890625 0.142578125
1 0.8525390625 0.65234375 0.11328125 0.125
1 0.953125 0.7900390625 0.09375 0.140625
1 0.8486328125 0.77734375 0.11328125 0.125
1 0.951171875 0.9541015625 0.09765625 0.078125
1 0.912109375 0.978515625 0.1171875 0.04296875
1 0.6845703125 0.890625 0.1875 0.076171875
1 0.6806640625 0.962890625 0.19921875 0.07421875
1 0.5048828125 0.880859375 0.1796875 0.0625
1 0.4921875 0.962890625 0.1875 0.07421875
1 0.2841796875 0.8662109375 0.166015625 0.07421875
1 0.27734375 0.9443359375 0.17578125 0.06640625
1 0.134765625 0.8525390625 0.134765625 0.060546875
1 0.1357421875 0.9326171875 0.15234375 0.060546875
0 0.0556640625 0.89453125 0.109375 0.138671875
0 0.3935546875 0.9189453125 0.208984375 0.14453125
0 0.7978515625 0.9326171875 0.22265625 0.134765625
0 0.8916015625 0.875 0.216796875 0.15625
0 0.89453125 0.5654296875 0.2109375 0.158203125
0 0.896484375 0.259765625 0.20703125 0.15625