1 0.0537109375 0.900390625 0.10546875 0.1875
1 0.056640625 0.7177734375 0.11328125 0.17578125
1 0.0556640625 0.5478515625 0.109375 0.16796875
1 0.0517578125 0.3818359375 0.1015625 0.16796875
1 0.0498046875 0.2099609375 0.09765625 0.169921875
1 0.0517578125 0.064453125 0.103515625 0.12890625
4 0.435546875 0.119140625 0.66796875 0.23828125
1 0.4423828125 0.791015625 0.193359375 0.212890625
1 0.658203125 0.7783203125 0.224609375 0.2421875
1 0.884765625 0.771484375 0.23046875 0.240234375
3 0.4462890625 0.470703125 0.3203125 0.21484375
2 0.197265625 0.5498046875 0.15625 0.54296875
2 0.4267578125 0.2978515625 0.32421875 0.12890625