1 0.650390625 0.4091796875 0.26171875 0.54296875
1 0.484375 0.4365234375 0.1015625 0.49609375
1 0.3017578125 0.4208984375 0.2734375 0.51953125
1 0.939453125 0.6494140625 0.12109375 0.505859375
0 0.169921875 0.740234375 0.08203125 0.10546875
0 0.25390625 0.740234375 0.078125 0.12109375
0 0.3251953125 0.7314453125 0.07421875 0.11328125
0 0.4072265625 0.736328125 0.078125 0.1171875
0 0.521484375 0.7353515625 0.0859375 0.109375
0 0.6044921875 0.7314453125 0.078125 0.1171875
0 0.6767578125 0.7275390625 0.07421875 0.11328125
0 0.75390625 0.73046875 0.078125 0.11328125
0 0.8369140625 0.734375 0.08203125 0.12109375