3 0.6953125 0.0380859375 0.1015625 0.076171875
4 0.48046875 0.107421875 0.15625 0.091796875
4 0.4755859375 0.30078125 0.138671875 0.083984375
4 0.404296875 0.7353515625 0.125 0.07421875
4 0.3876953125 0.8505859375 0.091796875 0.0625
4 0.2724609375 0.8984375 0.099609375 0.05859375
4 0.1357421875 0.1025390625 0.0703125 0.05859375
4 0.1416015625 0.17578125 0.07421875 0.0703125
4 0.6865234375 0.4755859375 0.1171875 0.1015625
2 0.8798828125 0.4755859375 0.03125 0.03125
2 0.869140625 0.44921875 0.02734375 0.029296875
2 0.8515625 0.421875 0.02734375 0.029296875
2 0.8388671875 0.396484375 0.02734375 0.025390625
2 0.8271484375 0.3740234375 0.02734375 0.033203125
2 0.814453125 0.3486328125 0.0234375 0.02734375
2 0.8017578125 0.32421875 0.02734375 0.033203125
2 0.7900390625 0.298828125 0.025390625 0.03125
2 0.7763671875 0.2783203125 0.03125 0.03125
2 0.7626953125 0.2509765625 0.03125 0.03125
2 0.7490234375 0.2265625 0.033203125 0.03125
2 0.7353515625 0.1982421875 0.03125 0.033203125
2 0.7216796875 0.173828125 0.03125 0.03515625
2 0.7080078125 0.14453125 0.029296875 0.03125
2 0.6923828125 0.1201171875 0.03125 0.029296875
2 0.6767578125 0.091796875 0.03515625 0.03125
2 0.7568359375 0.0380859375 0.025390625 0.02734375
2 0.767578125 0.0625 0.02734375 0.02734375
2 0.7802734375 0.0869140625 0.029296875 0.025390625
2 0.791015625 0.109375 0.02734375 0.02734375
2 0.8037109375 0.1328125 0.02734375 0.02734375
2 0.8154296875 0.1552734375 0.025390625 0.0234375
2 0.8271484375 0.177734375 0.02734375 0.02734375
2 0.86328125 0.5419921875 0.03125 0.025390625
2 0.8388671875 0.56640625 0.03125 0.0234375
2 0.8154296875 0.587890625 0.029296875 0.0234375
2 0.79296875 0.6083984375 0.033203125 0.0234375
2 0.76953125 0.6318359375 0.02734375 0.01953125
2 0.74609375 0.654296875 0.03125 0.01953125
2 0.7236328125 0.6748046875 0.029296875 0.025390625
2 0.7001953125 0.6953125 0.02734375 0.021484375
2 0.6787109375 0.7177734375 0.02734375 0.01953125
2 0.6552734375 0.740234375 0.03125 0.01953125
2 0.6328125 0.7607421875 0.029296875 0.01953125
2 0.61328125 0.7822265625 0.029296875 0.017578125
2 0.58984375 0.80078125 0.029296875 0.021484375
2 0.568359375 0.822265625 0.03125 0.01953125
2 0.546875 0.845703125 0.02734375 0.01953125
2 0.54296875 0.9365234375 0.015625 0.013671875
2 0.53515625 0.9521484375 0.017578125 0.01171875
2 0.5263671875 0.9658203125 0.01953125 0.013671875
2 0.517578125 0.98046875 0.017578125 0.013671875
2 0.5087890625 0.9951171875 0.01953125 0.009765625
3 0.5419921875 0.8984375 0.091796875 0.064453125
0 0.6474609375 0.2041015625 0.017578125 0.0234375
0 0.6416015625 0.2265625 0.015625 0.01953125
0 0.6376953125 0.2470703125 0.015625 0.01953125
0 0.6328125 0.26953125 0.01953125 0.0234375
0 0.6298828125 0.2919921875 0.01953125 0.0234375
0 0.625 0.314453125 0.015625 0.0234375
0 0.6201171875 0.3369140625 0.017578125 0.01953125
0 0.6162109375 0.3564453125 0.017578125 0.01953125
0 0.6123046875 0.3779296875 0.015625 0.021484375
0 0.6083984375 0.3994140625 0.015625 0.0234375
0 0.603515625 0.419921875 0.015625 0.01953125
0 0.599609375 0.4404296875 0.01953125 0.0234375
0 0.595703125 0.4609375 0.015625 0.01953125
0 0.591796875 0.482421875 0.015625 0.0234375
0 0.5888671875 0.501953125 0.015625 0.015625
0 0.5849609375 0.5205078125 0.015625 0.0234375
0 0.58203125 0.541015625 0.01171875 0.015625
0 0.576171875 0.5595703125 0.015625 0.0234375
0 0.572265625 0.580078125 0.015625 0.017578125
0 0.5693359375 0.599609375 0.013671875 0.01953125
0 0.56640625 0.6181640625 0.013671875 0.015625
0 0.5634765625 0.63671875 0.01171875 0.021484375
0 0.55859375 0.6552734375 0.013671875 0.017578125
0 0.5556640625 0.673828125 0.015625 0.01953125
0 0.5517578125 0.69140625 0.013671875 0.015625
0 0.548828125 0.7080078125 0.015625 0.01953125
0 0.5927734375 0.00390625 0.017578125 0.0078125
0 0.599609375 0.01953125 0.017578125 0.021484375
0 0.607421875 0.041015625 0.017578125 0.021484375
0 0.6142578125 0.0615234375 0.01953125 0.021484375
0 0.62109375 0.0859375 0.017578125 0.02734375
0 0.6201171875 0.11328125 0.01953125 0.02734375
0 0.615234375 0.1396484375 0.01953125 0.02734375
0 0.6083984375 0.16796875 0.01953125 0.02734375
0 0.6044921875 0.193359375 0.017578125 0.0234375
0 0.5986328125 0.2197265625 0.017578125 0.02734375
0 0.59375 0.24609375 0.015625 0.0234375
0 0.5888671875 0.271484375 0.017578125 0.02734375
0 0.583984375 0.296875 0.01953125 0.0234375
0 0.5791015625 0.3203125 0.015625 0.0234375
0 0.5751953125 0.3447265625 0.015625 0.0234375
0 0.5693359375 0.369140625 0.01953125 0.0234375
0 0.5654296875 0.3935546875 0.015625 0.0234375
0 0.560546875 0.4169921875 0.017578125 0.0234375
0 0.556640625 0.439453125 0.017578125 0.0234375
0 0.552734375 0.4638671875 0.017578125 0.0234375
0 0.548828125 0.4873046875 0.015625 0.021484375
0 0.544921875 0.5087890625 0.017578125 0.0234375
0 0.5390625 0.53125 0.01953125 0.021484375
0 0.53515625 0.5546875 0.015625 0.0234375
0 0.5322265625 0.576171875 0.015625 0.0234375
0 0.5283203125 0.59765625 0.01953125 0.021484375
0 0.5234375 0.619140625 0.015625 0.01953125
0 0.51953125 0.6416015625 0.015625 0.021484375
0 0.515625 0.662109375 0.015625 0.01953125
0 0.51171875 0.6826171875 0.017578125 0.01953125
0 0.5078125 0.7041015625 0.015625 0.021484375
0 0.50390625 0.7255859375 0.015625 0.01953125
0 0.5009765625 0.7451171875 0.013671875 0.01953125
0 0.4970703125 0.7646484375 0.013671875 0.01953125
0 0.4931640625 0.7841796875 0.013671875 0.01953125
0 0.4892578125 0.8046875 0.015625 0.01953125
0 0.4853515625 0.82421875 0.015625 0.01953125
0 0.482421875 0.841796875 0.015625 0.01953125
0 0.4794921875 0.861328125 0.015625 0.021484375
0 0.4755859375 0.880859375 0.015625 0.01953125
0 0.47265625 0.8984375 0.015625 0.015625
0 0.46875 0.9169921875 0.015625 0.01953125
0 0.4658203125 0.93359375 0.01171875 0.01171875
1 0.5693359375 0.01171875 0.0390625 0.0234375
1 0.580078125 0.029296875 0.02734375 0.029296875
1 0.5830078125 0.0498046875 0.0390625 0.0390625
1 0.5927734375 0.0693359375 0.03125 0.03515625
1 0.59375 0.0947265625 0.03125 0.046875
1 0.595703125 0.1201171875 0.02734375 0.041015625
1 0.5869140625 0.1474609375 0.0390625 0.04296875
1 0.5859375 0.173828125 0.02734375 0.04296875
1 0.578125 0.19921875 0.0390625 0.046875
1 0.578125 0.2255859375 0.02734375 0.0390625
1 0.56640625 0.2509765625 0.0390625 0.046875
1 0.56640625 0.27734375 0.02734375 0.0390625
1 0.5595703125 0.302734375 0.03515625 0.046875
1 0.55859375 0.3271484375 0.025390625 0.0390625
1 0.548828125 0.3505859375 0.037109375 0.044921875
1 0.5498046875 0.3759765625 0.0234375 0.0390625
1 0.5419921875 0.3994140625 0.03125 0.04296875
1 0.541015625 0.423828125 0.0234375 0.03515625
1 0.53125 0.4462890625 0.03515625 0.04296875
1 0.53125 0.4697265625 0.0234375 0.0390625
1 0.5234375 0.4921875 0.033203125 0.041015625
1 0.5234375 0.5146484375 0.025390625 0.037109375
1 0.5146484375 0.537109375 0.03515625 0.0390625
1 0.515625 0.560546875 0.0234375 0.03515625
1 0.5087890625 0.58203125 0.03125 0.0390625
1 0.5087890625 0.603515625 0.02734375 0.03515625
1 0.4990234375 0.6240234375 0.03515625 0.0390625
1 0.5 0.646484375 0.025390625 0.033203125
1 0.4921875 0.66796875 0.029296875 0.03515625
1 0.4931640625 0.6884765625 0.021484375 0.03125
1 0.4833984375 0.7099609375 0.03125 0.03515625
1 0.4853515625 0.73046875 0.021484375 0.029296875
1 0.4775390625 0.7509765625 0.029296875 0.03515625
1 0.4775390625 0.7705078125 0.0234375 0.03125
1 0.470703125 0.7880859375 0.03125 0.03515625
1 0.470703125 0.8095703125 0.01953125 0.03125
1 0.4638671875 0.828125 0.03125 0.03515625
1 0.46484375 0.84765625 0.021484375 0.029296875
1 0.4560546875 0.8671875 0.033203125 0.03515625
1 0.45703125 0.88671875 0.0234375 0.033203125
1 0.4501953125 0.904296875 0.02734375 0.03125
1 0.4501953125 0.9228515625 0.0234375 0.029296875
4 0.4853515625 0.2158203125 0.05859375 0.0703125
0 0.66015625 0.21875 0.015625 0.02734375
0 0.66796875 0.2333984375 0.01171875 0.01953125
0 0.67578125 0.2509765625 0.01171875 0.0234375
0 0.685546875 0.2646484375 0.01171875 0.01953125
0 0.6943359375 0.2822265625 0.009765625 0.025390625
0 0.703125 0.2958984375 0.01171875 0.0234375
0 0.712890625 0.30859375 0.015625 0.01953125
0 0.7216796875 0.3232421875 0.01953125 0.01953125
0 0.73046875 0.3408203125 0.017578125 0.01953125
0 0.7373046875 0.3525390625 0.01953125 0.015625
0 0.74609375 0.3671875 0.01953125 0.017578125
0 0.75390625 0.3818359375 0.01953125 0.017578125
0 0.76171875 0.3955078125 0.015625 0.015625
0 0.76953125 0.4091796875 0.01953125 0.017578125
0 0.7763671875 0.4228515625 0.017578125 0.01953125
0 0.7841796875 0.4375 0.015625 0.015625
0 0.791015625 0.4501953125 0.015625 0.015625
0 0.7880859375 0.46484375 0.01953125 0.01171875
0 0.7783203125 0.4794921875 0.0234375 0.017578125
0 0.7626953125 0.49609375 0.01953125 0.015625
0 0.748046875 0.5107421875 0.01953125 0.015625
0 0.5458984375 0.7275390625 0.015625 0.021484375
0 0.5634765625 0.7109375 0.015625 0.015625
0 0.578125 0.6953125 0.015625 0.015625
0 0.591796875 0.6796875 0.015625 0.01171875
0 0.603515625 0.6669921875 0.013671875 0.015625
0 0.619140625 0.650390625 0.015625 0.015625
0 0.6328125 0.6357421875 0.01171875 0.01171875
0 0.6474609375 0.6201171875 0.01171875 0.01171875
0 0.6611328125 0.60546875 0.015625 0.015625
0 0.67578125 0.587890625 0.015625 0.01171875
0 0.689453125 0.57421875 0.01171875 0.01171875
0 0.7021484375 0.5595703125 0.015625 0.015625
0 0.734375 0.5263671875 0.01953125 0.013671875
0 0.71875 0.5439453125 0.015625 0.015625
1 0.6611328125 0.310546875 0.06640625 0.1015625
1 0.625 0.5615234375 0.07421875 0.0625
1 0.5986328125 0.6396484375 0.072265625 0.091796875
1 0.658203125 0.3857421875 0.078125 0.07421875
1 0.703125 0.345703125 0.01953125 0.021484375
1 0.7109375 0.37109375 0.0234375 0.029296875
1 0.724609375 0.3935546875 0.02734375 0.0234375
1 0.671875 0.5654296875 0.03125 0.03125
1 0.6953125 0.5361328125 0.0234375 0.0234375
1 0.689453125 0.5166015625 0.08203125 0.044921875
1 0.7177734375 0.4169921875 0.0625 0.03125
4 0.0849609375 0.865234375 0.060546875 0.0390625
1 0.1640625 0.009765625 0.01171875 0.015625
1 0.1669921875 0.0283203125 0.009765625 0.021484375
1 0.171875 0.0458984375 0.01171875 0.017578125
1 0.1826171875 0.0673828125 0.01171875 0.0234375
1 0.1865234375 0.08984375 0.01171875 0.01953125
1 0.1904296875 0.1103515625 0.013671875 0.01953125
1 0.1943359375 0.1328125 0.015625 0.025390625
1 0.193359375 0.1552734375 0.015625 0.01953125
1 0.1923828125 0.177734375 0.015625 0.0234375
1 0.189453125 0.19921875 0.017578125 0.01953125
1 0.1865234375 0.212890625 0.015625 0.0078125
1 0.1826171875 0.23046875 0.015625 0.025390625
1 0.1806640625 0.2529296875 0.017578125 0.0234375
1 0.1787109375 0.275390625 0.015625 0.021484375
1 0.177734375 0.296875 0.015625 0.0234375
1 0.17578125 0.318359375 0.015625 0.021484375
1 0.173828125 0.33984375 0.015625 0.021484375
1 0.171875 0.3603515625 0.015625 0.0234375
1 0.1689453125 0.3818359375 0.015625 0.01953125
1 0.1669921875 0.4013671875 0.015625 0.01953125
1 0.1650390625 0.421875 0.015625 0.01953125
1 0.1640625 0.44140625 0.015625 0.01953125
1 0.162109375 0.4609375 0.015625 0.021484375
1 0.16015625 0.4814453125 0.015625 0.017578125
1 0.158203125 0.5 0.015625 0.01953125
1 0.15625 0.5205078125 0.015625 0.01953125
1 0.154296875 0.5400390625 0.015625 0.015625
1 0.15234375 0.55859375 0.013671875 0.01953125
1 0.150390625 0.578125 0.013671875 0.015625
1 0.1494140625 0.5947265625 0.013671875 0.01953125
1 0.146484375 0.6142578125 0.013671875 0.01953125
1 0.1455078125 0.6337890625 0.013671875 0.01953125
1 0.14453125 0.6513671875 0.013671875 0.015625
1 0.1416015625 0.669921875 0.013671875 0.01953125
1 0.140625 0.6875 0.015625 0.015625
1 0.138671875 0.7060546875 0.015625 0.01953125
1 0.1376953125 0.7236328125 0.015625 0.015625
1 0.134765625 0.740234375 0.013671875 0.015625
1 0.1337890625 0.7568359375 0.01171875 0.015625
1 0.1318359375 0.7744140625 0.013671875 0.015625
1 0.1298828125 0.7900390625 0.015625 0.015625
1 0.126953125 0.806640625 0.01171875 0.015625
1 0.1279296875 0.8193359375 0.015625 0.01171875
1 0.1298828125 0.837890625 0.015625 0.0234375
1 0.1279296875 0.859375 0.013671875 0.01953125
1 0.1279296875 0.876953125 0.01171875 0.015625
1 0.1259765625 0.888671875 0.013671875 0.0078125
1 0.12109375 0.7412109375 0.013671875 0.021484375
1 0.1103515625 0.744140625 0.015625 0.017578125
1 0.0869140625 0.74609375 0.015625 0.017578125
1 0.0693359375 0.7490234375 0.017578125 0.015625
1 0.09765625 0.74609375 0.0078125 0.015625
1 0.0302734375 0.0078125 0.03515625 0.015625
1 0.033203125 0.0224609375 0.03515625 0.0234375
1 0.037109375 0.0400390625 0.03515625 0.0234375
1 0.0400390625 0.0595703125 0.03515625 0.01953125
1 0.04296875 0.076171875 0.0390625 0.0234375
1 0.046875 0.09375 0.0390625 0.0234375
1 0.0498046875 0.1142578125 0.0390625 0.015625
1 0.052734375 0.1318359375 0.0390625 0.03125
1 0.0517578125 0.1552734375 0.04296875 0.01953125
1 0.0517578125 0.173828125 0.041015625 0.02734375
1 0.0517578125 0.197265625 0.041015625 0.029296875
1 0.048828125 0.21875 0.0390625 0.029296875
1 0.046875 0.2412109375 0.0390625 0.03125
1 0.046875 0.2607421875 0.0390625 0.029296875
1 0.044921875 0.2802734375 0.03515625 0.0234375
1 0.0439453125 0.302734375 0.041015625 0.02734375
1 0.0419921875 0.322265625 0.041015625 0.02734375
1 0.041015625 0.3427734375 0.0390625 0.02734375
1 0.0400390625 0.3623046875 0.0390625 0.03125
1 0.0390625 0.3798828125 0.037109375 0.02734375
1 0.0380859375 0.4013671875 0.0390625 0.02734375
1 0.037109375 0.4189453125 0.0390625 0.02734375
1 0.0361328125 0.4384765625 0.03515625 0.0234375
1 0.0341796875 0.4599609375 0.0390625 0.0234375
1 0.033203125 0.4765625 0.0390625 0.025390625
1 0.0322265625 0.49609375 0.037109375 0.025390625
1 0.0302734375 0.515625 0.0390625 0.02734375
1 0.0283203125 0.5341796875 0.0390625 0.025390625
1 0.0283203125 0.552734375 0.0390625 0.02734375
1 0.0283203125 0.5703125 0.0390625 0.025390625
1 0.0263671875 0.5888671875 0.0390625 0.025390625
1 0.025390625 0.6064453125 0.0390625 0.025390625
1 0.0234375 0.623046875 0.0390625 0.0234375
1 0.0234375 0.640625 0.037109375 0.029296875
1 0.0205078125 0.6591796875 0.037109375 0.0234375
1 0.0205078125 0.6748046875 0.03515625 0.0234375
1 0.01953125 0.693359375 0.03515625 0.021484375
1 0.0185546875 0.7109375 0.03515625 0.021484375
1 0.0185546875 0.7236328125 0.037109375 0.015625
1 0.0166015625 0.7412109375 0.033203125 0.021484375
1 0.0166015625 0.7568359375 0.033203125 0.025390625
1 0.015625 0.7734375 0.03125 0.0234375
1 0.015625 0.791015625 0.03125 0.0234375
1 0.0146484375 0.8056640625 0.029296875 0.01953125
1 0.0146484375 0.8203125 0.029296875 0.01953125
1 0.0146484375 0.8388671875 0.029296875 0.017578125
1 0.013671875 0.8544921875 0.02734375 0.017578125
1 0.013671875 0.8671875 0.02734375 0.01953125
1 0.0126953125 0.8857421875 0.025390625 0.015625
1 0.01171875 0.8994140625 0.0234375 0.017578125
1 0.0107421875 0.9140625 0.021484375 0.01953125
1 0.0107421875 0.931640625 0.021484375 0.015625
1 0.0107421875 0.9482421875 0.021484375 0.015625
1 0.009765625 0.9619140625 0.01953125 0.017578125
1 0.009765625 0.978515625 0.01953125 0.01171875
1 0.0087890625 0.9912109375 0.017578125 0.01171875
1 0.00390625 0.0361328125 0.0078125 0.009765625
1 0.0048828125 0.05078125 0.009765625 0.015625
1 0.0068359375 0.0654296875 0.01171875 0.015625
1 0.0068359375 0.0810546875 0.013671875 0.01953125
1 0.009765625 0.0947265625 0.01953125 0.015625
1 0.009765625 0.109375 0.01953125 0.01953125
1 0.0107421875 0.125 0.021484375 0.01171875
1 0.013671875 0.1455078125 0.02734375 0.02734375
1 0.013671875 0.1630859375 0.02734375 0.009765625
1 0.0126953125 0.1826171875 0.025390625 0.021484375
1 0.01171875 0.2001953125 0.0234375 0.009765625
1 0.01171875 0.2158203125 0.0234375 0.021484375
1 0.01171875 0.232421875 0.0234375 0.01171875
1 0.0107421875 0.2509765625 0.01953125 0.01953125
1 0.009765625 0.265625 0.01953125 0.0078125
1 0.0078125 0.28515625 0.015625 0.021484375
1 0.0087890625 0.2998046875 0.015625 0.01171875
1 0.0087890625 0.314453125 0.017578125 0.01953125
1 0.0078125 0.3310546875 0.015625 0.013671875
1 0.0078125 0.3486328125 0.015625 0.017578125
1 0.0078125 0.36328125 0.015625 0.0078125
1 0.0068359375 0.380859375 0.01171875 0.01953125
1 0.0068359375 0.396484375 0.01171875 0.015625
1 0.005859375 0.4130859375 0.01171875 0.017578125
1 0.0068359375 0.427734375 0.013671875 0.015625
1 0.0048828125 0.4453125 0.009765625 0.015625
1 0.0048828125 0.458984375 0.009765625 0.01171875
1 0.0048828125 0.4736328125 0.009765625 0.017578125
1 0.00390625 0.48828125 0.0078125 0.0078125
1 0.0029296875 0.5185546875 0.005859375 0.01171875
1 0.00390625 0.5458984375 0.0078125 0.013671875
1 0.0498046875 0.8984375 0.0078125 0.015625
1 0.046875 0.9130859375 0.01171875 0.01171875
1 0.044921875 0.9267578125 0.009765625 0.015625
1 0.0439453125 0.94140625 0.0078125 0.01171875
1 0.0390625 0.955078125 0.009765625 0.0078125
1 0.0390625 0.966796875 0.01171875 0.009765625
1 0.0390625 0.978515625 0.01171875 0.01171875
1 0.0380859375 0.9912109375 0.01171875 0.01171875
1 0.0361328125 0.998046875 0.01171875 0.00390625
0 0.39453125 0.7900390625 0.0234375 0.025390625
0 0.37890625 0.7802734375 0.017578125 0.013671875
0 0.3671875 0.794921875 0.025390625 0.025390625
0 0.380859375 0.8056640625 0.01953125 0.015625
0 0.3525390625 0.779296875 0.01953125 0.0234375
0 0.341796875 0.798828125 0.0234375 0.02734375
0 0.353515625 0.8115234375 0.01953125 0.015625
0 0.3349609375 0.7666015625 0.01953125 0.015625
0 0.3251953125 0.7822265625 0.0234375 0.03125
0 0.326171875 0.81640625 0.0234375 0.01953125
0 0.3125 0.802734375 0.025390625 0.03125
0 0.3056640625 0.7705078125 0.021484375 0.013671875
0 0.296875 0.7861328125 0.0234375 0.02734375
0 0.296875 0.8212890625 0.01953125 0.017578125
0 0.2841796875 0.8076171875 0.02734375 0.03125
0 0.27734375 0.7744140625 0.0234375 0.015625
0 0.2685546875 0.7939453125 0.025390625 0.03515625
0 0.25390625 0.8125 0.0234375 0.02734375
0 0.2685546875 0.826171875 0.0234375 0.017578125
0 0.2490234375 0.78125 0.025390625 0.01953125
0 0.2392578125 0.7978515625 0.025390625 0.03125
0 0.240234375 0.830078125 0.02734375 0.01953125
0 0.224609375 0.8173828125 0.02734375 0.033203125
0 0.2197265625 0.78515625 0.02734375 0.01953125
0 0.208984375 0.8037109375 0.02734375 0.03125
0 0.208984375 0.837890625 0.0234375 0.01953125
0 0.1943359375 0.8271484375 0.0234375 0.02734375
0 0.189453125 0.7900390625 0.025390625 0.017578125
0 0.177734375 0.80859375 0.025390625 0.03125
0 0.1640625 0.83203125 0.02734375 0.03125
0 0.1787109375 0.8427734375 0.0234375 0.01953125
0 0.16015625 0.7939453125 0.02734375 0.017578125
0 0.154296875 0.8154296875 0.015625 0.029296875
0 0.1533203125 0.8466796875 0.01171875 0.01171875
0 0.28125 0.8525390625 0.013671875 0.01953125
0 0.2744140625 0.865234375 0.015625 0.013671875
0 0.2578125 0.8564453125 0.01953125 0.01953125
0 0.2470703125 0.865234375 0.01171875 0.01171875
0 0.2333984375 0.8603515625 0.0234375 0.01953125
0 0.21875 0.84765625 0.017578125 0.015625
0 0.208984375 0.86328125 0.021484375 0.0234375
0 0.1953125 0.853515625 0.0234375 0.015625
0 0.1943359375 0.8798828125 0.021484375 0.021484375
0 0.18359375 0.869140625 0.01953125 0.029296875
0 0.1689453125 0.8564453125 0.01953125 0.01953125
0 0.171875 0.8837890625 0.01953125 0.015625
0 0.1572265625 0.873046875 0.01953125 0.0234375
0 0.1455078125 0.8623046875 0.013671875 0.01953125
0 0.1455078125 0.8896484375 0.021484375 0.025390625
0 0.158203125 0.89453125 0.01171875 0.0078125
0 0.1396484375 0.8759765625 0.0078125 0.015625
2 0.275390625 0.99609375 0.01953125 0.0078125
2 0.27734375 0.982421875 0.01953125 0.017578125
2 0.279296875 0.96484375 0.01953125 0.013671875
2 0.28125 0.9501953125 0.01953125 0.01953125
2 0.27734375 0.93359375 0.021484375 0.021484375
2 0.265625 0.923828125 0.01953125 0.015625
2 0.2607421875 0.908203125 0.015625 0.013671875
2 0.2412109375 0.9013671875 0.01953125 0.013671875
2 0.3076171875 0.734375 0.015625 0.013671875
2 0.3095703125 0.7470703125 0.01953125 0.01953125
2 0.3076171875 0.7587890625 0.01953125 0.01171875
1 0.3447265625 0.83984375 0.015625 0.017578125
1 0.34375 0.8515625 0.01953125 0.017578125
1 0.3359375 0.8681640625 0.02734375 0.025390625
1 0.337890625 0.8837890625 0.01953125 0.0234375
1 0.33203125 0.8994140625 0.0234375 0.02734375
1 0.3330078125 0.916015625 0.0234375 0.0234375
1 0.326171875 0.9306640625 0.02734375 0.02734375
1 0.328125 0.9462890625 0.01953125 0.0234375
1 0.322265625 0.9609375 0.02734375 0.029296875
1 0.3232421875 0.9765625 0.021484375 0.025390625
1 0.31640625 0.990234375 0.02734375 0.01953125
0 0.3583984375 0.849609375 0.0078125 0.01171875
0 0.3564453125 0.8662109375 0.0078125 0.015625
0 0.3515625 0.8837890625 0.01171875 0.015625
0 0.349609375 0.8994140625 0.01171875 0.01953125
0 0.34765625 0.916015625 0.01171875 0.013671875
0 0.34375 0.931640625 0.01171875 0.015625
0 0.3427734375 0.947265625 0.015625 0.01953125
0 0.3388671875 0.9658203125 0.013671875 0.015625
0 0.3369140625 0.9775390625 0.01171875 0.013671875
0 0.3359375 0.990234375 0.013671875 0.015625
1 0.333984375 0.681640625 0.02734375 0.01953125
1 0.3017578125 0.6865234375 0.033203125 0.021484375
1 0.2646484375 0.6904296875 0.03515625 0.0234375
1 0.2275390625 0.6953125 0.02734375 0.01953125
1 0.1943359375 0.701171875 0.03125 0.01953125
1 0.1650390625 0.705078125 0.02734375 0.017578125
1 0.3017578125 0.716796875 0.02734375 0.01953125
1 0.2685546875 0.7216796875 0.037109375 0.015625
1 0.23046875 0.7265625 0.03125 0.01953125
1 0.19140625 0.732421875 0.02734375 0.015625
1 0.1591796875 0.7392578125 0.025390625 0.015625
2 0.3193359375 0.583984375 0.015625 0.015625
2 0.3291015625 0.599609375 0.021484375 0.01953125
2 0.328125 0.6181640625 0.01953125 0.015625
2 0.326171875 0.63671875 0.0234375 0.015625
2 0.3232421875 0.658203125 0.021484375 0.01953125
1 0.3583984375 0.2705078125 0.03125 0.025390625
1 0.322265625 0.2744140625 0.03515625 0.021484375
1 0.28515625 0.2783203125 0.0390625 0.01953125
1 0.24609375 0.28125 0.0390625 0.01953125
1 0.208984375 0.283203125 0.03515625 0.01953125
1 0.3974609375 0.236328125 0.025390625 0.021484375
1 0.365234375 0.2373046875 0.0390625 0.01953125
1 0.322265625 0.2392578125 0.03515625 0.01953125
1 0.283203125 0.2431640625 0.0390625 0.0234375
1 0.2412109375 0.2470703125 0.03515625 0.01953125
1 0.2080078125 0.2490234375 0.029296875 0.01953125
0 0.46484375 0.0859375 0.01171875 0.01171875
0 0.4755859375 0.0908203125 0.015625 0.013671875
0 0.44921875 0.095703125 0.0234375 0.017578125
0 0.4501953125 0.1435546875 0.025390625 0.015625
0 0.48046875 0.142578125 0.015625 0.0078125
0 0.462890625 0.1533203125 0.015625 0.01171875
0 0.4267578125 0.0888671875 0.01953125 0.0078125
0 0.416015625 0.1005859375 0.02734375 0.017578125
0 0.416015625 0.1455078125 0.03125 0.0234375
0 0.4326171875 0.154296875 0.013671875 0.0078125
0 0.380859375 0.1064453125 0.029296875 0.037109375
0 0.3984375 0.1240234375 0.0234375 0.0390625
0 0.3818359375 0.146484375 0.02734375 0.025390625
0 0.365234375 0.12890625 0.02734375 0.0390625
0 0.3564453125 0.0927734375 0.025390625 0.0078125
0 0.345703125 0.107421875 0.029296875 0.025390625
0 0.3486328125 0.146484375 0.03125 0.02734375
0 0.3310546875 0.12890625 0.03125 0.0390625
0 0.3232421875 0.0947265625 0.02734375 0.0078125
0 0.3115234375 0.111328125 0.03125 0.02734375
0 0.314453125 0.150390625 0.02734375 0.025390625
0 0.296875 0.1318359375 0.03125 0.037109375
0 0.2880859375 0.0966796875 0.02734375 0.0078125
0 0.2763671875 0.11328125 0.02734375 0.03125
0 0.279296875 0.154296875 0.02734375 0.02734375
0 0.26171875 0.134765625 0.03125 0.0390625
0 0.2548828125 0.1015625 0.02734375 0.015625
0 0.240234375 0.11328125 0.029296875 0.029296875
0 0.2421875 0.15625 0.03515625 0.03125
0 0.2275390625 0.138671875 0.0234375 0.04296875
0 0.2236328125 0.16796875 0.015625 0.01171875
0 0.22265625 0.1044921875 0.0234375 0.01171875
2 0.490234375 0.00390625 0.02734375 0.0078125
2 0.4873046875 0.0166015625 0.03125 0.017578125
2 0.4794921875 0.03515625 0.02734375 0.0234375
2 0.4736328125 0.05859375 0.02734375 0.015625
1 0.2744140625 0.0234375 0.046875 0.0390625
1 0.2685546875 0.064453125 0.03515625 0.041015625
4 0.23046875 0.4189453125 0.044921875 0.03515625
1 0.232421875 0.3701171875 0.0390625 0.0625
1 0.2353515625 0.3212890625 0.033203125 0.029296875
1 0.2265625 0.44921875 0.041015625 0.021484375
1 0.2158203125 0.5380859375 0.033203125 0.033203125
1 0.236328125 0.6181640625 0.017578125 0.02734375
1 0.216796875 0.6201171875 0.0234375 0.021484375
1 0.1943359375 0.623046875 0.02734375 0.0234375
1 0.171875 0.6240234375 0.0234375 0.0234375
1 0.2333984375 0.5888671875 0.01953125 0.015625
1 0.21484375 0.5908203125 0.01953125 0.01171875
1 0.1962890625 0.5927734375 0.01953125 0.01171875
1 0.173828125 0.59765625 0.025390625 0.01953125
1 0.611328125 0.0048828125 0.0078125 0.009765625
1 0.61328125 0.015625 0.01171875 0.01171875
1 0.6181640625 0.0263671875 0.01171875 0.01171875
1 0.6220703125 0.037109375 0.0078125 0.0078125
1 0.625 0.044921875 0.01171875 0.0078125
1 0.6259765625 0.0517578125 0.009765625 0.009765625
1 0.6298828125 0.060546875 0.0078125 0.015625
1 0.6337890625 0.0712890625 0.009765625 0.01171875
1 0.63671875 0.080078125 0.009765625 0.01171875
1 0.63671875 0.1015625 0.01171875 0.0078125
1 0.63671875 0.1083984375 0.01171875 0.0078125
1 0.6337890625 0.119140625 0.01171875 0.013671875
1 0.630859375 0.1328125 0.01171875 0.017578125
1 0.6279296875 0.1474609375 0.01171875 0.015625
1 0.6240234375 0.1630859375 0.01171875 0.015625
1 0.6220703125 0.1767578125 0.01171875 0.0078125
1 0.619140625 0.1875 0.01171875 0.013671875
1 0.6171875 0.203125 0.01171875 0.015625
1 0.6142578125 0.2177734375 0.01171875 0.013671875
1 0.611328125 0.23046875 0.01171875 0.009765625
1 0.609375 0.2412109375 0.01171875 0.01171875
1 0.607421875 0.2548828125 0.013671875 0.015625
1 0.6044921875 0.267578125 0.01171875 0.013671875
1 0.6025390625 0.2822265625 0.01171875 0.01171875
1 0.5986328125 0.2958984375 0.01171875 0.017578125
1 0.5966796875 0.3076171875 0.009765625 0.01171875
1 0.59375 0.3193359375 0.01171875 0.01171875
1 0.591796875 0.33203125 0.01171875 0.01171875
1 0.58984375 0.345703125 0.01171875 0.015625
1 0.5869140625 0.3603515625 0.01171875 0.01171875
1 0.583984375 0.373046875 0.01171875 0.01171875
1 0.5830078125 0.3837890625 0.01171875 0.009765625
1 0.580078125 0.3955078125 0.01171875 0.01171875
1 0.5791015625 0.40625 0.01171875 0.015625
1 0.576171875 0.419921875 0.009765625 0.01171875
1 0.57421875 0.4326171875 0.009765625 0.01171875
1 0.5703125 0.443359375 0.01171875 0.0078125
1 0.5693359375 0.455078125 0.009765625 0.015625
1 0.5673828125 0.4677734375 0.01171875 0.01171875
1 0.564453125 0.4794921875 0.01171875 0.01171875
1 0.5625 0.4921875 0.01171875 0.013671875
1 0.5595703125 0.50390625 0.01171875 0.01171875
1 0.55859375 0.515625 0.01171875 0.01171875
1 0.5556640625 0.525390625 0.01171875 0.01171875
1 0.5537109375 0.5380859375 0.009765625 0.015625
1 0.5517578125 0.5478515625 0.01171875 0.0078125
1 0.548828125 0.55859375 0.009765625 0.009765625
1 0.546875 0.568359375 0.01171875 0.01171875
1 0.544921875 0.580078125 0.01171875 0.01171875
1 0.5439453125 0.5908203125 0.01171875 0.01171875
1 0.541015625 0.603515625 0.01171875 0.01171875
1 0.5390625 0.61328125 0.01171875 0.01171875
1 0.537109375 0.625 0.01171875 0.009765625
1 0.53515625 0.634765625 0.01171875 0.0078125
1 0.5322265625 0.6455078125 0.009765625 0.009765625
1 0.5302734375 0.6572265625 0.01171875 0.01171875
1 0.529296875 0.66796875 0.009765625 0.01171875
1 0.525390625 0.6796875 0.009765625 0.01171875
1 0.5244140625 0.693359375 0.009765625 0.01171875
1 0.5224609375 0.703125 0.01171875 0.013671875
1 0.51953125 0.712890625 0.01171875 0.01171875
1 0.51953125 0.7236328125 0.009765625 0.013671875
1 0.515625 0.736328125 0.01171875 0.01171875
1 0.513671875 0.748046875 0.009765625 0.015625
1 0.5107421875 0.7607421875 0.009765625 0.01171875
1 0.509765625 0.7724609375 0.009765625 0.01171875
1 0.5078125 0.783203125 0.01171875 0.01171875
1 0.50390625 0.791015625 0.01171875 0.01171875
1 0.50390625 0.8037109375 0.009765625 0.01171875
1 0.501953125 0.8125 0.01171875 0.0078125
1 0.4990234375 0.8212890625 0.01171875 0.01171875
1 0.498046875 0.83203125 0.0078125 0.01171875
1 0.49609375 0.8427734375 0.01171875 0.0078125
1 0.494140625 0.853515625 0.009765625 0.01171875
1 0.4921875 0.8623046875 0.01171875 0.0078125
1 0.4912109375 0.8720703125 0.009765625 0.009765625
1 0.4892578125 0.8798828125 0.009765625 0.0078125
1 0.486328125 0.890625 0.0078125 0.01171875
1 0.4853515625 0.9013671875 0.0078125 0.0078125
1 0.4833984375 0.9091796875 0.009765625 0.0078125
1 0.482421875 0.9169921875 0.0078125 0.0078125
1 0.48046875 0.927734375 0.0078125 0.00390625
1 0.478515625 0.935546875 0.0078125 0.01171875