4 0.498046875 0.4755859375 0.2958984375 0.28515625
1 0.1513671875 0.923828125 0.2080078125 0.15234375
1 0.3662109375 0.931640625 0.2021484375 0.13671875
1 0.6328125 0.9267578125 0.24609375 0.146484375
1 0.8369140625 0.9296875 0.193359375 0.140625
4 0.0126953125 0.5341796875 0.025390625 0.2958984375
1 0.5 0.7138671875 0.19921875 0.1279296875
1 0.314453125 0.6357421875 0.173828125 0.111328125
1 0.21484375 0.5302734375 0.109375 0.1298828125
1 0.22265625 0.4345703125 0.0654296875 0.1142578125
1 0.2666015625 0.396484375 0.078125 0.126953125
1 0.310546875 0.3447265625 0.0771484375 0.1171875
1 0.37109375 0.30078125 0.056640625 0.1279296875
1 0.4462890625 0.2685546875 0.0625 0.1220703125
1 0.576171875 0.2646484375 0.078125 0.099609375
1 0.62890625 0.2890625 0.0927734375 0.111328125
1 0.693359375 0.341796875 0.072265625 0.1337890625
1 0.7314453125 0.38671875 0.083984375 0.1220703125
1 0.77734375 0.4228515625 0.1044921875 0.1123046875
1 0.7890625 0.529296875 0.1533203125 0.140625
1 0.7392578125 0.6162109375 0.12890625 0.078125
1 0.6552734375 0.6708984375 0.1162109375 0.0869140625