4 0.4443359375 0.38671875 0.546875 0.55859375
4 0.365234375 0.2099609375 0.16796875 0.07421875
4 0.384765625 0.298828125 0.171875 0.193359375
4 0.3798828125 0.484375 0.1796875 0.134765625
1 0.1044921875 0.0205078125 0.111328125 0.041015625
1 0.09375 0.09375 0.109375 0.10546875
1 0.0830078125 0.1904296875 0.1015625 0.08984375
1 0.0693359375 0.2734375 0.1015625 0.083984375
1 0.056640625 0.3525390625 0.1015625 0.08203125
1 0.0498046875 0.427734375 0.095703125 0.07421875
1 0.0419921875 0.5009765625 0.083984375 0.068359375
1 0.037109375 0.5693359375 0.07421875 0.076171875
1 0.0302734375 0.6328125 0.060546875 0.06640625
1 0.02734375 0.6884765625 0.0546875 0.060546875
1 0.021484375 0.748046875 0.04296875 0.0625
1 0.017578125 0.80078125 0.03515625 0.044921875
1 0.0126953125 0.8486328125 0.0234375 0.048828125
1 0.0107421875 0.8984375 0.021484375 0.046875
1 0.0068359375 0.94140625 0.013671875 0.0390625