0 0.337890625 0.9091796875 0.49609375 0.181640625
1 0.0478515625 0.466796875 0.095703125 0.41796875
1 0.138671875 0.4833984375 0.15625 0.431640625
1 0.2412109375 0.4892578125 0.10546875 0.34375
1 0.341796875 0.49609375 0.130859375 0.328125
1 0.4169921875 0.4970703125 0.11328125 0.30859375
1 0.484375 0.51953125 0.08203125 0.337890625
1 0.54296875 0.5146484375 0.068359375 0.328125
1 0.607421875 0.521484375 0.078125 0.30859375
1 0.658203125 0.525390625 0.08203125 0.2890625
1 0.6982421875 0.5498046875 0.064453125 0.29296875
1 0.734375 0.5419921875 0.05859375 0.28515625
1 0.76953125 0.580078125 0.05078125 0.296875
1 0.81640625 0.591796875 0.048828125 0.25390625
1 0.8662109375 0.603515625 0.05859375 0.251953125
1 0.9111328125 0.625 0.0390625 0.2109375
1 0.94921875 0.654296875 0.03515625 0.197265625
1 0.0751953125 0.0791015625 0.150390625 0.158203125
1 0.2978515625 0.1171875 0.3359375 0.234375
1 0.572265625 0.166015625 0.22265625 0.33203125
1 0.7666015625 0.2373046875 0.15625 0.33203125
1 0.6572265625 0.8974609375 0.140625 0.203125
1 0.80078125 0.9140625 0.1015625 0.171875
1 0.927734375 0.9111328125 0.14453125 0.177734375