3 0.5126953125 0.572265625 0.02734375 0.013671875
3 0.5048828125 0.55859375 0.02734375 0.01171875
3 0.494140625 0.5009765625 0.0234375 0.01171875
3 0.5419921875 0.4931640625 0.02734375 0.015625
3 0.5 0.48828125 0.021484375 0.01171875
3 0.548828125 0.4775390625 0.03125 0.015625
3 0.5068359375 0.4775390625 0.01953125 0.01171875
3 0.5625 0.4609375 0.03125 0.015625
3 0.583984375 0.4775390625 0.037109375 0.01953125
3 0.59375 0.455078125 0.041015625 0.015625
3 0.6083984375 0.435546875 0.03515625 0.01953125
2 0.4482421875 0.9951171875 0.0546875 0.009765625
2 0.4306640625 0.9892578125 0.03125 0.015625
2 0.3935546875 0.98046875 0.0546875 0.021484375
1 0.4580078125 0.982421875 0.078125 0.029296875
1 0.40234375 0.9599609375 0.078125 0.0234375
2 0.373046875 0.962890625 0.02734375 0.01171875
1 0.34375 0.9326171875 0.068359375 0.02734375
1 0.2900390625 0.9111328125 0.072265625 0.02734375
2 0.31640625 0.9384765625 0.029296875 0.01171875
2 0.3359375 0.9541015625 0.0546875 0.021484375
2 0.2802734375 0.9296875 0.05078125 0.021484375
2 0.2294921875 0.908203125 0.0390625 0.0234375
2 0.2021484375 0.84375 0.02734375 0.01953125
2 0.2080078125 0.8330078125 0.052734375 0.025390625
2 0.2412109375 0.830078125 0.025390625 0.01953125
2 0.248046875 0.8193359375 0.0546875 0.029296875
1 0.236328125 0.853515625 0.02734375 0.01953125
1 0.275390625 0.84765625 0.068359375 0.03515625
1 0.3173828125 0.8369140625 0.068359375 0.029296875
2 0.287109375 0.8232421875 0.025390625 0.015625
2 0.291015625 0.8095703125 0.05859375 0.03125
2 0.3251953125 0.8076171875 0.02734375 0.01953125
2 0.3369140625 0.7958984375 0.0546875 0.033203125
1 0.3681640625 0.8251953125 0.05859375 0.03125
1 0.4140625 0.8115234375 0.0625 0.0390625
2 0.373046875 0.7939453125 0.021484375 0.015625
2 0.3818359375 0.78125 0.05078125 0.03125
2 0.41796875 0.78125 0.01953125 0.013671875
2 0.43359375 0.7685546875 0.05078125 0.03125
1 0.4599609375 0.8017578125 0.0625 0.033203125
1 0.5107421875 0.78515625 0.0625 0.03515625
2 0.466796875 0.767578125 0.025390625 0.015625
2 0.4794921875 0.755859375 0.046875 0.029296875
1 0.5595703125 0.7734375 0.06640625 0.037109375
1 0.6083984375 0.7587890625 0.056640625 0.0390625
1 0.669921875 0.7431640625 0.06640625 0.0390625
1 0.7255859375 0.7294921875 0.06640625 0.03515625
2 0.5283203125 0.7412109375 0.05078125 0.029296875
2 0.5673828125 0.7392578125 0.02734375 0.015625
2 0.58203125 0.728515625 0.0546875 0.03515625
2 0.6220703125 0.7255859375 0.025390625 0.01953125
2 0.6357421875 0.712890625 0.05859375 0.03125
2 0.6748046875 0.7109375 0.03125 0.02734375
2 0.6865234375 0.697265625 0.05859375 0.03125
1 0.4375 0.8935546875 0.021484375 0.01171875
1 0.4501953125 0.900390625 0.025390625 0.01171875
1 0.46484375 0.9072265625 0.0234375 0.0078125
1 0.4794921875 0.9150390625 0.01953125 0.01171875
1 0.4921875 0.9189453125 0.021484375 0.013671875
1 0.5078125 0.9267578125 0.0234375 0.01171875
1 0.525390625 0.93359375 0.01953125 0.01171875
1 0.5380859375 0.94140625 0.0234375 0.013671875
1 0.5546875 0.9482421875 0.01953125 0.01171875
1 0.5693359375 0.955078125 0.021484375 0.01171875
1 0.5849609375 0.9619140625 0.01953125 0.013671875
1 0.6005859375 0.9697265625 0.01953125 0.013671875
1 0.615234375 0.9765625 0.021484375 0.01171875
1 0.6318359375 0.9833984375 0.01953125 0.013671875
1 0.6484375 0.990234375 0.01953125 0.009765625
1 0.6640625 0.99609375 0.01953125 0.0078125
3 0.7646484375 0.9765625 0.1875 0.046875
3 0.744140625 0.8388671875 0.203125 0.080078125
1 0.634765625 0.9580078125 0.06640625 0.046875
1 0.537109375 0.83984375 0.044921875 0.041015625
1 0.6171875 0.828125 0.0703125 0.048828125
1 0.8671875 0.76171875 0.0703125 0.052734375
1 0.7236328125 0.7880859375 0.0546875 0.03515625
1 0.994140625 0.91015625 0.01171875 0.0234375
1 0.9931640625 0.890625 0.013671875 0.021484375
1 0.9892578125 0.8681640625 0.021484375 0.021484375
1 0.986328125 0.84765625 0.02734375 0.017578125
1 0.982421875 0.8291015625 0.03515625 0.01953125
1 0.9814453125 0.80859375 0.03515625 0.01953125
1 0.9794921875 0.7890625 0.0390625 0.01953125
1 0.97265625 0.7666015625 0.0390625 0.01953125
1 0.9677734375 0.74609375 0.0390625 0.017578125
1 0.962890625 0.7255859375 0.04296875 0.021484375
1 0.9482421875 0.7041015625 0.025390625 0.017578125
3 0.7646484375 0.630859375 0.275390625 0.193359375
2 0.486328125 0.689453125 0.05078125 0.025390625
2 0.517578125 0.6904296875 0.0234375 0.013671875
2 0.5283203125 0.677734375 0.046875 0.0234375
2 0.55859375 0.67578125 0.0234375 0.01171875
2 0.5673828125 0.666015625 0.04296875 0.02734375
2 0.6015625 0.6640625 0.01953125 0.015625
2 0.6142578125 0.65234375 0.046875 0.025390625
1 0.6455078125 0.6484375 0.015625 0.0078125
2 0.654296875 0.640625 0.04296875 0.0234375
1 0.5625 0.705078125 0.037109375 0.02734375
1 0.60546875 0.6884765625 0.04296875 0.02734375
1 0.6474609375 0.6767578125 0.046875 0.029296875
1 0.693359375 0.6640625 0.046875 0.03125
1 0.8330078125 0.623046875 0.0390625 0.02734375
1 0.8798828125 0.607421875 0.03515625 0.033203125
1 0.796875 0.59765625 0.0390625 0.025390625
1 0.833984375 0.5927734375 0.02734375 0.01171875
1 0.845703125 0.58203125 0.04296875 0.0234375
1 0.8837890625 0.5771484375 0.0234375 0.01171875
1 0.767578125 0.5654296875 0.03515625 0.0234375
1 0.7529296875 0.5751953125 0.017578125 0.01171875
1 0.794921875 0.5634765625 0.015625 0.01171875
1 0.810546875 0.5517578125 0.03515625 0.01953125
1 0.83984375 0.5478515625 0.015625 0.015625
1 0.712890625 0.556640625 0.0234375 0.01171875
1 0.72265625 0.546875 0.041015625 0.0234375
1 0.7548828125 0.5439453125 0.01953125 0.01171875
1 0.7607421875 0.5341796875 0.04296875 0.01953125
1 0.7919921875 0.5302734375 0.017578125 0.01171875
1 0.802734375 0.51953125 0.05078125 0.01953125
1 0.7275390625 0.478515625 0.0234375 0.01171875
1 0.7158203125 0.4912109375 0.0234375 0.013671875
1 0.7216796875 0.505859375 0.02734375 0.01171875
1 0.7216796875 0.517578125 0.02734375 0.015625
1 0.7265625 0.5322265625 0.0234375 0.01171875
1 0.6904296875 0.45703125 0.01953125 0.01171875
1 0.6826171875 0.47265625 0.0234375 0.015625
1 0.6708984375 0.486328125 0.0234375 0.01171875
1 0.673828125 0.4970703125 0.0234375 0.009765625
1 0.6748046875 0.505859375 0.02734375 0.01171875
1 0.6767578125 0.5166015625 0.025390625 0.01171875
1 0.681640625 0.53125 0.0234375 0.01171875
1 0.68359375 0.544921875 0.0234375 0.0078125
3 0.7392578125 0.4453125 0.390625 0.16796875
3 0.748046875 0.3017578125 0.31640625 0.154296875
1 0.962890625 0.0888671875 0.056640625 0.04296875
1 0.97265625 0.166015625 0.0546875 0.109375
1 0.9814453125 0.265625 0.037109375 0.09375
1 0.98828125 0.3564453125 0.0234375 0.0859375
1 0.9951171875 0.080078125 0.009765625 0.03515625
1 0.8984375 0.08984375 0.0625 0.0390625
1 0.9052734375 0.134765625 0.05859375 0.0390625
1 0.91015625 0.1875 0.06640625 0.04296875
1 0.9228515625 0.2412109375 0.0625 0.04296875
1 0.9296875 0.2841796875 0.05859375 0.0390625
1 0.9462890625 0.3408203125 0.06640625 0.048828125
1 0.953125 0.3857421875 0.0625 0.044921875
1 0.96484375 0.435546875 0.0625 0.046875
1 0.97265625 0.4814453125 0.0546875 0.041015625
1 0.9765625 0.53125 0.046875 0.044921875
1 0.9775390625 0.572265625 0.044921875 0.03515625
1 0.9833984375 0.59765625 0.033203125 0.03515625
1 0.9873046875 0.6455078125 0.025390625 0.044921875
2 0.14453125 0.8779296875 0.259765625 0.046875
2 0.421875 0.732421875 0.23828125 0.048828125
2 0.2646484375 0.9140625 0.02734375 0.015625