1 0.884765625 0.0859375 0.23046875 0.171875
1 0.70703125 0.0439453125 0.296875 0.087890625
1 0.6162109375 0.1455078125 0.193359375 0.189453125
1 0.4697265625 0.06640625 0.23828125 0.1328125
1 0.326171875 0.1923828125 0.19140625 0.19140625
1 0.4619140625 0.306640625 0.26171875 0.150390625
1 0.732421875 0.2314453125 0.228515625 0.166015625
1 0.9072265625 0.365234375 0.185546875 0.21484375
1 0.328125 0.033203125 0.15625 0.06640625
1 0.0830078125 0.05859375 0.14453125 0.1171875
1 0.2001953125 0.134765625 0.21484375 0.158203125
1 0.044921875 0.1787109375 0.08984375 0.08984375
1 0.1015625 0.255859375 0.1640625 0.169921875
1 0.0361328125 0.3876953125 0.072265625 0.119140625
1 0.2060546875 0.3359375 0.1953125 0.142578125
1 0.322265625 0.4462890625 0.1640625 0.16796875
1 0.0693359375 0.47265625 0.138671875 0.16796875
1 0.1865234375 0.5908203125 0.1953125 0.15625
1 0.5625 0.4033203125 0.1796875 0.1796875
1 0.7431640625 0.521484375 0.2421875 0.16796875
1 0.8896484375 0.619140625 0.21484375 0.203125
1 0.728515625 0.7822265625 0.25390625 0.1796875
1 0.9130859375 0.9072265625 0.173828125 0.185546875
1 0.5712890625 0.9189453125 0.177734375 0.162109375
1 0.4228515625 0.8134765625 0.203125 0.146484375
1 0.59765625 0.6572265625 0.17578125 0.18359375
1 0.4501953125 0.544921875 0.23046875 0.15234375
1 0.298828125 0.6826171875 0.162109375 0.1875
1 0.1845703125 0.8115234375 0.15625 0.134765625
1 0.0869140625 0.705078125 0.15625 0.16015625
1 0.3193359375 0.931640625 0.181640625 0.13671875
1 0.0634765625 0.9267578125 0.126953125 0.146484375
4 0.158203125 0.9267578125 0.1484375 0.146484375
4 0.7373046875 0.90625 0.15234375 0.1875
4 0.4384765625 0.66796875 0.17578125 0.166015625
4 0.189453125 0.4521484375 0.14453125 0.16015625
4 0.462890625 0.1669921875 0.166015625 0.16796875
4 0.73828125 0.365234375 0.18359375 0.185546875
4 0.2109375 0.037109375 0.1171875 0.07421875