0 0.1748046875 0.3857421875 0.181640625 0.15625
0 0.2978515625 0.484375 0.169921875 0.1162109375
0 0.1552734375 0.5859375 0.1318359375 0.12890625
0 0.3056640625 0.681640625 0.1591796875 0.11328125
0 0.150390625 0.791015625 0.1474609375 0.1328125
0 0.279296875 0.900390625 0.177734375 0.1435546875
0 0.1494140625 0.962890625 0.126953125 0.07421875
0 0.0703125 0.9130859375 0.0830078125 0.1005859375
0 0.087890625 0.7080078125 0.0947265625 0.1162109375
0 0.3046875 0.3203125 0.1455078125 0.0947265625
0 0.3916015625 0.3916015625 0.0703125 0.0908203125
1 0.220703125 0.16796875 0.185546875 0.1328125
1 0.3720703125 0.1728515625 0.1201171875 0.13671875
1 0.0888671875 0.19140625 0.134765625 0.1357421875
1 0.5673828125 0.58203125 0.3076171875 0.224609375
1 0.56640625 0.28515625 0.2939453125 0.357421875