3 0.6162109375 0.7353515625 0.322265625 0.216796875
3 0.5537109375 0.22265625 0.16796875 0.109375
2 0.2294921875 0.58203125 0.17578125 0.140625
1 0.72265625 0.658203125 0.064453125 0.048828125
1 0.7197265625 0.6376953125 0.0703125 0.037109375
1 0.7216796875 0.609375 0.0703125 0.03515625
1 0.7216796875 0.5791015625 0.06640625 0.033203125
1 0.724609375 0.5537109375 0.060546875 0.03515625
1 0.724609375 0.5302734375 0.0625 0.0390625
1 0.7275390625 0.505859375 0.05859375 0.03515625
1 0.728515625 0.4794921875 0.0625 0.03515625
1 0.728515625 0.4580078125 0.05859375 0.029296875
1 0.7265625 0.4375 0.0625 0.03125
1 0.7275390625 0.4169921875 0.0625 0.025390625
1 0.728515625 0.3994140625 0.05859375 0.02734375
1 0.7275390625 0.3798828125 0.05859375 0.02734375
1 0.7294921875 0.3603515625 0.056640625 0.0234375
1 0.7294921875 0.34375 0.0546875 0.0234375
1 0.728515625 0.3310546875 0.0546875 0.021484375
1 0.728515625 0.3134765625 0.0546875 0.021484375
1 0.728515625 0.2998046875 0.0546875 0.021484375
1 0.728515625 0.2841796875 0.052734375 0.021484375
1 0.7275390625 0.2705078125 0.0546875 0.01953125
1 0.73046875 0.2548828125 0.0546875 0.015625
1 0.7314453125 0.240234375 0.05078125 0.015625
1 0.7294921875 0.2275390625 0.046875 0.013671875
1 0.7314453125 0.216796875 0.046875 0.01953125
1 0.73046875 0.2041015625 0.05078125 0.015625
1 0.73046875 0.1904296875 0.048828125 0.015625
1 0.7294921875 0.1787109375 0.044921875 0.015625
1 0.58203125 0.2822265625 0.048828125 0.0234375
1 0.5634765625 0.294921875 0.044921875 0.01953125
1 0.546875 0.3095703125 0.048828125 0.025390625
1 0.5263671875 0.322265625 0.046875 0.029296875
1 0.513671875 0.3349609375 0.044921875 0.02734375
1 0.49609375 0.3515625 0.046875 0.03515625
1 0.48046875 0.3603515625 0.046875 0.02734375
1 0.4658203125 0.3720703125 0.044921875 0.029296875
1 0.4462890625 0.3857421875 0.037109375 0.02734375
1 0.4345703125 0.39453125 0.0390625 0.03125
1 0.4189453125 0.40625 0.04296875 0.03125
1 0.40234375 0.419921875 0.041015625 0.0234375
1 0.3876953125 0.431640625 0.037109375 0.0234375
1 0.3740234375 0.44140625 0.0390625 0.02734375
1 0.3583984375 0.4521484375 0.03515625 0.025390625
1 0.345703125 0.4609375 0.03515625 0.029296875
1 0.3310546875 0.4736328125 0.03125 0.0234375
1 0.31640625 0.484375 0.033203125 0.0234375
1 0.3046875 0.4931640625 0.03515625 0.02734375
1 0.29296875 0.5029296875 0.03125 0.02734375
1 0.279296875 0.513671875 0.03125 0.0234375
1 0.6796875 0.642578125 0.01953125 0.01953125
1 0.6591796875 0.6357421875 0.021484375 0.01953125
1 0.6357421875 0.6298828125 0.02734375 0.013671875
1 0.609375 0.626953125 0.02734375 0.01953125
1 0.5888671875 0.6201171875 0.02734375 0.017578125
1 0.5625 0.6142578125 0.025390625 0.01953125
1 0.5390625 0.609375 0.025390625 0.01953125
1 0.5146484375 0.60546875 0.0234375 0.017578125
1 0.490234375 0.5966796875 0.0234375 0.015625
1 0.466796875 0.59375 0.025390625 0.017578125
1 0.443359375 0.5869140625 0.02734375 0.015625
1 0.4189453125 0.5810546875 0.02734375 0.01953125
1 0.39453125 0.578125 0.0234375 0.015625
1 0.3720703125 0.57421875 0.02734375 0.015625
1 0.34765625 0.5673828125 0.02734375 0.015625
1 0.3232421875 0.5634765625 0.0234375 0.01953125
0 0.712890625 0.166015625 0.015625 0.0234375
0 0.71484375 0.142578125 0.015625 0.0234375
0 0.716796875 0.1171875 0.015625 0.02734375
0 0.7177734375 0.0888671875 0.015625 0.02734375
0 0.7197265625 0.0634765625 0.017578125 0.02734375
0 0.7216796875 0.0380859375 0.015625 0.02734375
0 0.724609375 0.01171875 0.015625 0.0234375
0 0.7529296875 0.01171875 0.037109375 0.0234375
0 0.7431640625 0.1572265625 0.03515625 0.03125
0 0.744140625 0.1357421875 0.03125 0.03515625
0 0.74609375 0.115234375 0.033203125 0.03515625
0 0.7470703125 0.091796875 0.037109375 0.03515625
0 0.7470703125 0.0703125 0.037109375 0.03515625
0 0.75 0.05078125 0.03515625 0.037109375
0 0.751953125 0.0283203125 0.03515625 0.03515625
1 0.8642578125 0.0126953125 0.046875 0.025390625
1 0.86328125 0.0341796875 0.046875 0.0625
1 0.8564453125 0.09375 0.052734375 0.068359375
1 0.8505859375 0.16015625 0.0546875 0.072265625
1 0.8466796875 0.232421875 0.052734375 0.076171875
1 0.837890625 0.3076171875 0.056640625 0.07421875
1 0.8349609375 0.3828125 0.05078125 0.078125
1 0.8291015625 0.4619140625 0.05078125 0.080078125
1 0.8271484375 0.5361328125 0.060546875 0.078125
1 0.8173828125 0.6171875 0.05859375 0.08984375
1 0.8154296875 0.697265625 0.0625 0.08984375
1 0.810546875 0.779296875 0.0625 0.09375
1 0.8037109375 0.8662109375 0.05859375 0.09375
0 0.849609375 0.9033203125 0.029296875 0.044921875
0 0.853515625 0.8505859375 0.03125 0.060546875
0 0.8583984375 0.7919921875 0.03125 0.052734375
0 0.8603515625 0.734375 0.029296875 0.060546875
0 0.8662109375 0.6826171875 0.03125 0.05078125
0 0.8662109375 0.6220703125 0.02734375 0.05859375
0 0.869140625 0.5712890625 0.03125 0.05078125
0 0.873046875 0.5185546875 0.03125 0.05078125
0 0.876953125 0.466796875 0.029296875 0.05859375
0 0.880859375 0.4140625 0.02734375 0.046875
0 0.8837890625 0.3642578125 0.029296875 0.05078125
0 0.88671875 0.31640625 0.03125 0.05078125
0 0.890625 0.2626953125 0.02734375 0.0546875
0 0.89453125 0.2158203125 0.03125 0.05078125
0 0.8974609375 0.16796875 0.03125 0.046875
0 0.900390625 0.1181640625 0.025390625 0.05078125
0 0.904296875 0.0732421875 0.029296875 0.046875
0 0.9052734375 0.0263671875 0.03125 0.052734375
0 0.9091796875 0.884765625 0.06640625 0.0703125
0 0.9140625 0.833984375 0.0703125 0.068359375
0 0.912109375 0.787109375 0.06640625 0.06640625
0 0.9140625 0.7392578125 0.068359375 0.072265625
0 0.9169921875 0.697265625 0.0703125 0.0625
0 0.919921875 0.6494140625 0.068359375 0.064453125
0 0.921875 0.609375 0.06640625 0.064453125
0 0.9248046875 0.56640625 0.0703125 0.07421875
0 0.9296875 0.5185546875 0.0703125 0.0625
0 0.9296875 0.474609375 0.0625 0.07421875
0 0.935546875 0.4306640625 0.056640625 0.0703125
0 0.9384765625 0.3896484375 0.0625 0.05859375
0 0.9384765625 0.3447265625 0.0625 0.06640625
0 0.9375 0.3076171875 0.0625 0.05859375
0 0.9423828125 0.2607421875 0.0625 0.0703125
0 0.9423828125 0.220703125 0.05859375 0.0625
0 0.9482421875 0.1787109375 0.05859375 0.056640625
0 0.9521484375 0.13671875 0.0625 0.0625
0 0.955078125 0.1005859375 0.0546875 0.0546875
0 0.95703125 0.0634765625 0.056640625 0.05859375
0 0.9580078125 0.0263671875 0.0546875 0.052734375