1 0.302734375 0.1455078125 0.60546875 0.2890625
1 0.2802734375 0.3916015625 0.54296875 0.2109375
1 0.837890625 0.138671875 0.32421875 0.27734375
1 0.916015625 0.5537109375 0.16796875 0.19140625
0 0.994140625 0.5546875 0.01171875 0.09375
1 0.8037109375 0.478515625 0.244140625 0.072265625
1 0.619140625 0.5361328125 0.23828125 0.19140625
1 0.923828125 0.669921875 0.15234375 0.07421875
1 0.76953125 0.60546875 0.220703125 0.068359375
0 0.759765625 0.662109375 0.171875 0.0625
0 0.59765625 0.6552734375 0.169921875 0.07421875
1 0.29296875 0.466796875 0.2578125 0.0703125
1 0.421875 0.783203125 0.375 0.1953125
1 0.4130859375 0.9111328125 0.359375 0.078125
1 0.2841796875 0.5478515625 0.2265625 0.09375
1 0.28515625 0.625 0.23046875 0.08203125
1 0.283203125 0.6943359375 0.228515625 0.07421875
1 0.828125 0.7685546875 0.34375 0.134765625
1 0.8212890625 0.9052734375 0.357421875 0.0546875
1 0.13671875 0.951171875 0.1484375 0.09765625
1 0.0927734375 0.8505859375 0.140625 0.099609375
1 0.056640625 0.763671875 0.11328125 0.08984375
1 0.0390625 0.662109375 0.078125 0.1171875