1 0.2724609375 0.810546875 0.544921875 0.37890625
1 0.775390625 0.8125 0.44921875 0.375
1 0.2900390625 0.16015625 0.580078125 0.3203125
1 0.7919921875 0.1611328125 0.416015625 0.322265625
0 0.0732421875 0.470703125 0.146484375 0.23046875
0 0.587890625 0.4716796875 0.3203125 0.2265625
1 0.9033203125 0.54296875 0.19140625 0.09765625
1 0.23828125 0.544921875 0.2265625 0.09375
1 0.2373046875 0.39453125 0.232421875 0.111328125
1 0.37109375 0.470703125 0.18359375 0.20703125
1 0.7939453125 0.470703125 0.203125 0.23046875
1 0.9091796875 0.404296875 0.1796875 0.10546875