2 0.591796875 0.4755859375 0.103515625 0.0625
2 0.5810546875 0.404296875 0.09765625 0.06640625
2 0.5654296875 0.33984375 0.08984375 0.06640625
2 0.537109375 0.28125 0.091796875 0.05859375
2 0.5185546875 0.2158203125 0.087890625 0.05859375
2 0.5029296875 0.1572265625 0.08203125 0.05859375
2 0.4775390625 0.09765625 0.087890625 0.05859375
2 0.4599609375 0.0390625 0.08984375 0.052734375
2 0.4453125 0.005859375 0.076171875 0.01171875
2 0.8662109375 0.615234375 0.10546875 0.0703125
2 0.8916015625 0.6904296875 0.10546875 0.0703125
2 0.90625 0.7646484375 0.099609375 0.064453125
2 0.94140625 0.8515625 0.11328125 0.068359375
2 0.95703125 0.9365234375 0.0859375 0.07421875
2 0.9658203125 0.9951171875 0.068359375 0.009765625
1 0.9580078125 0.435546875 0.078125 0.052734375
1 0.9443359375 0.37109375 0.07421875 0.06640625
1 0.935546875 0.2978515625 0.068359375 0.0625
1 0.9248046875 0.236328125 0.0703125 0.060546875
1 0.912109375 0.1728515625 0.07421875 0.0625
1 0.90625 0.1044921875 0.08203125 0.06640625
1 0.8935546875 0.03515625 0.078125 0.06640625
3 0.3935546875 0.591796875 0.65234375 0.17578125