0 0.3232421875 0.9794921875 0.037109375 0.0400390625
0 0.33203125 0.9453125 0.044921875 0.037109375
0 0.34765625 0.916015625 0.037109375 0.041015625
0 0.376953125 0.8994140625 0.0341796875 0.041015625
0 0.4111328125 0.88671875 0.03515625 0.044921875
0 0.4501953125 0.8857421875 0.0390625 0.0419921875
0 0.4873046875 0.888671875 0.0458984375 0.0419921875
0 0.5341796875 0.90625 0.037109375 0.0400390625
0 0.5771484375 0.927734375 0.0380859375 0.0380859375
0 0.6201171875 0.9541015625 0.0400390625 0.04296875
0 0.662109375 0.986328125 0.037109375 0.0263671875
1 0.228515625 0.9658203125 0.068359375 0.0673828125
1 0.2392578125 0.91796875 0.0556640625 0.064453125
1 0.251953125 0.8798828125 0.0546875 0.05859375
1 0.2685546875 0.8447265625 0.0458984375 0.0546875
1 0.296875 0.822265625 0.0439453125 0.0634765625
1 0.3291015625 0.806640625 0.0517578125 0.052734375
1 0.3701171875 0.7958984375 0.060546875 0.0595703125
1 0.41015625 0.794921875 0.05078125 0.0576171875
1 0.455078125 0.8017578125 0.0498046875 0.0537109375
1 0.498046875 0.81640625 0.0361328125 0.052734375
1 0.5283203125 0.8310546875 0.04296875 0.0458984375
1 0.5595703125 0.8466796875 0.0439453125 0.0517578125
1 0.5947265625 0.8681640625 0.029296875 0.0419921875
1 0.62109375 0.884765625 0.0380859375 0.044921875
1 0.65234375 0.8994140625 0.0341796875 0.0478515625
1 0.6796875 0.9306640625 0.0478515625 0.0576171875
1 0.71875 0.9599609375 0.0283203125 0.0439453125
1 0.7421875 0.9833984375 0.0419921875 0.0322265625
1 0.4443359375 0.95703125 0.12890625 0.0859375
1 0.5546875 0.9697265625 0.078125 0.060546875