1 0.466796875 0.984375 0.1796875 0.03125
1 0.4560546875 0.880859375 0.203125 0.185546875
1 0.4599609375 0.705078125 0.1953125 0.16796875
1 0.455078125 0.537109375 0.193359375 0.1796875
1 0.44921875 0.3642578125 0.203125 0.1796875
1 0.4501953125 0.1884765625 0.2109375 0.1796875
1 0.4501953125 0.0498046875 0.220703125 0.099609375
0 0.6943359375 0.7890625 0.240234375 0.201171875
0 0.6748046875 0.2841796875 0.21484375 0.2109375
1 0.6865234375 0.091796875 0.208984375 0.18359375
1 0.6845703125 0.5419921875 0.21875 0.294921875
1 0.7001953125 0.9443359375 0.224609375 0.111328125