0 0.5224609375 0.1005859375 0.1005859375 0.1162109375
0 0.69140625 0.12890625 0.0693359375 0.1142578125
0 0.3056640625 0.1142578125 0.0869140625 0.126953125
0 0.40625 0.2236328125 0.1142578125 0.1123046875
0 0.638671875 0.2353515625 0.09375 0.11328125
0 0.5302734375 0.3212890625 0.08984375 0.1142578125
0 0.298828125 0.35546875 0.0634765625 0.0986328125
0 0.4150390625 0.458984375 0.1064453125 0.12890625
0 0.630859375 0.458984375 0.064453125 0.1318359375
0 0.5263671875 0.564453125 0.099609375 0.11328125
0 0.298828125 0.595703125 0.078125 0.1171875
0 0.244140625 0.4951171875 0.04296875 0.111328125
0 0.2470703125 0.380859375 0.0380859375 0.12109375
0 0.24609375 0.2578125 0.0439453125 0.1181640625
0 0.40625 0.69921875 0.1044921875 0.1201171875
0 0.255859375 0.7080078125 0.060546875 0.119140625
0 0.3095703125 0.8369140625 0.099609375 0.130859375
0 0.5224609375 0.8212890625 0.103515625 0.1318359375
0 0.6279296875 0.7041015625 0.0830078125 0.1396484375
0 0.7001953125 0.5947265625 0.0556640625 0.111328125
0 0.693359375 0.3515625 0.048828125 0.125
0 0.3974609375 0.9462890625 0.111328125 0.107421875
0 0.2490234375 0.9560546875 0.064453125 0.087890625
0 0.630859375 0.9404296875 0.083984375 0.119140625