0 0.03125 0.0927734375 0.0625 0.150390625
0 0.1220703125 0.1005859375 0.11328125 0.15625
0 0.2470703125 0.091796875 0.1015625 0.1484375
0 0.369140625 0.091796875 0.10546875 0.14453125
0 0.482421875 0.08203125 0.09765625 0.13671875
0 0.5927734375 0.0810546875 0.091796875 0.14453125
0 0.7080078125 0.0791015625 0.08984375 0.13671875
0 0.8203125 0.076171875 0.08984375 0.134765625
0 0.9345703125 0.0703125 0.10546875 0.13671875
1 0.2314453125 0.5146484375 0.462890625 0.515625
1 0.7294921875 0.5048828125 0.541015625 0.505859375