4 0.5576171875 0.587890625 0.884765625 0.3984375
2 0.6396484375 0.982421875 0.291015625 0.03515625
2 0.5390625 0.9208984375 0.251953125 0.109375
2 0.41015625 0.8525390625 0.22265625 0.1015625
2 0.236328125 0.80859375 0.212890625 0.087890625
2 0.0693359375 0.8056640625 0.138671875 0.091796875
2 0.9375 0.12109375 0.119140625 0.10546875
2 0.951171875 0.2021484375 0.09765625 0.09765625
2 0.947265625 0.2861328125 0.10546875 0.087890625
2 0.4755859375 0.384765625 0.17578125 0.06640625
2 0.5888671875 0.35546875 0.16015625 0.08984375
3 0.4814453125 0.2900390625 0.6953125 0.234375
3 0.4677734375 0.7548828125 0.66796875 0.177734375
1 0.4990234375 0.068359375 0.306640625 0.13671875
1 0.1826171875 0.072265625 0.361328125 0.14453125