3 0.2158203125 0.11328125 0.0791015625 0.2236328125
3 0.2626953125 0.0810546875 0.087890625 0.162109375
3 0.3505859375 0.064453125 0.1015625 0.12890625
3 0.5146484375 0.0732421875 0.095703125 0.146484375
3 0.619140625 0.0712890625 0.087890625 0.142578125
3 0.6806640625 0.08203125 0.1494140625 0.1640625
0 0.279296875 0.2900390625 0.0146484375 0.0478515625
0 0.291015625 0.279296875 0.013671875 0.0361328125
0 0.296875 0.2685546875 0.0068359375 0.0390625
0 0.3056640625 0.263671875 0.013671875 0.04296875
0 0.314453125 0.255859375 0.01171875 0.0400390625
0 0.322265625 0.24609375 0.0126953125 0.0380859375
0 0.3330078125 0.240234375 0.015625 0.0400390625
0 0.357421875 0.232421875 0.01953125 0.04296875
0 0.3779296875 0.2294921875 0.015625 0.046875
0 0.4013671875 0.2294921875 0.021484375 0.0390625
0 0.4287109375 0.2275390625 0.0244140625 0.0419921875
0 0.4521484375 0.2275390625 0.021484375 0.0400390625
0 0.474609375 0.2314453125 0.0224609375 0.0458984375
0 0.4970703125 0.2373046875 0.0234375 0.0419921875
0 0.521484375 0.23828125 0.0283203125 0.041015625
0 0.54296875 0.2431640625 0.0244140625 0.04296875
0 0.5634765625 0.24609375 0.0224609375 0.0419921875
0 0.5869140625 0.251953125 0.0205078125 0.041015625
0 0.6044921875 0.2529296875 0.0205078125 0.0390625
0 0.625 0.2568359375 0.0263671875 0.0400390625
1 0.375 0.2841796875 0.041015625 0.0546875
1 0.4482421875 0.287109375 0.0400390625 0.052734375
1 0.4853515625 0.29296875 0.037109375 0.0556640625
1 0.52734375 0.2978515625 0.03125 0.0576171875
1 0.5625 0.298828125 0.0283203125 0.0458984375
1 0.6005859375 0.3076171875 0.0283203125 0.0517578125
4 0.505859375 0.5205078125 0.1416015625 0.3984375
0 0.4150390625 0.3486328125 0.04296875 0.048828125
0 0.4140625 0.419921875 0.046875 0.0712890625
0 0.4443359375 0.4677734375 0.0380859375 0.0634765625
0 0.4189453125 0.5107421875 0.044921875 0.0634765625
0 0.4150390625 0.5947265625 0.04296875 0.0849609375
0 0.4130859375 0.677734375 0.0458984375 0.0703125
0 0.5869140625 0.6103515625 0.046875 0.0712890625
0 0.5849609375 0.6884765625 0.0556640625 0.0595703125
0 0.583984375 0.515625 0.041015625 0.080078125
0 0.583984375 0.4296875 0.033203125 0.0712890625
0 0.5810546875 0.3623046875 0.0439453125 0.0439453125
1 0.390625 0.7685546875 0.0322265625 0.0869140625
1 0.4189453125 0.765625 0.0380859375 0.078125
1 0.4609375 0.7646484375 0.0380859375 0.083984375
1 0.5009765625 0.7705078125 0.0390625 0.087890625
1 0.5302734375 0.7626953125 0.033203125 0.0810546875
1 0.5634765625 0.7626953125 0.041015625 0.0830078125
1 0.60546875 0.76953125 0.044921875 0.0771484375
0 0.408203125 0.8310546875 0.025390625 0.0263671875
0 0.4267578125 0.8359375 0.0185546875 0.0341796875
0 0.4501953125 0.8310546875 0.017578125 0.0400390625
0 0.4736328125 0.8330078125 0.025390625 0.0361328125
0 0.498046875 0.8330078125 0.025390625 0.037109375
0 0.5234375 0.833984375 0.01953125 0.0390625
0 0.55078125 0.833984375 0.0234375 0.037109375
0 0.5732421875 0.833984375 0.0263671875 0.0341796875
0 0.5986328125 0.8310546875 0.0185546875 0.03515625
0 0.615234375 0.8359375 0.0146484375 0.0341796875
0 0.63671875 0.837890625 0.0224609375 0.0341796875
0 0.0673828125 0.9228515625 0.01953125 0.0341796875
0 0.08984375 0.9228515625 0.01953125 0.0361328125
0 0.1123046875 0.919921875 0.0185546875 0.037109375
0 0.1318359375 0.9072265625 0.0166015625 0.0283203125
0 0.1484375 0.9072265625 0.0126953125 0.041015625
0 0.162109375 0.9033203125 0.013671875 0.0361328125
0 0.17578125 0.90234375 0.009765625 0.03515625
0 0.18359375 0.8955078125 0.0146484375 0.0400390625
0 0.203125 0.896484375 0.0185546875 0.037109375
0 0.220703125 0.8935546875 0.021484375 0.0390625
0 0.248046875 0.890625 0.025390625 0.0380859375
0 0.279296875 0.892578125 0.0244140625 0.0380859375
0 0.310546875 0.8916015625 0.0283203125 0.03515625
0 0.33984375 0.892578125 0.0146484375 0.037109375
0 0.35546875 0.888671875 0.015625 0.0400390625
0 0.369140625 0.888671875 0.017578125 0.0400390625
0 0.384765625 0.892578125 0.0224609375 0.0439453125
0 0.4072265625 0.8994140625 0.0234375 0.0390625
0 0.4384765625 0.892578125 0.021484375 0.0380859375
0 0.4677734375 0.8974609375 0.0234375 0.0390625
0 0.49609375 0.8974609375 0.0263671875 0.0419921875
0 0.5234375 0.89453125 0.02734375 0.03515625
0 0.552734375 0.896484375 0.0263671875 0.0390625
0 0.580078125 0.8955078125 0.0234375 0.0361328125
0 0.60546875 0.8955078125 0.021484375 0.03515625
0 0.623046875 0.89453125 0.017578125 0.0390625
0 0.642578125 0.89453125 0.0146484375 0.0400390625
0 0.6572265625 0.896484375 0.0185546875 0.0390625
0 0.673828125 0.89453125 0.017578125 0.0439453125
0 0.69140625 0.8955078125 0.0126953125 0.0400390625
0 0.70703125 0.900390625 0.0146484375 0.0439453125
0 0.7314453125 0.900390625 0.01953125 0.03515625
0 0.7587890625 0.8994140625 0.01953125 0.037109375
0 0.7861328125 0.8994140625 0.0205078125 0.0400390625
0 0.814453125 0.896484375 0.0205078125 0.0419921875
0 0.845703125 0.8984375 0.0185546875 0.0400390625
0 0.8623046875 0.8974609375 0.0166015625 0.04296875
0 0.8798828125 0.8994140625 0.017578125 0.0380859375
3 0.9794921875 0.470703125 0.0341796875 0.0966796875
4 0.15234375 0.67578125 0.185546875 0.4306640625
4 0.2890625 0.580078125 0.1962890625 0.548828125
4 0.779296875 0.625 0.2421875 0.5078125