0 0.7119140625 0.072265625 0.193359375 0.14453125
0 0.4873046875 0.0693359375 0.189453125 0.138671875
0 0.498046875 0.2216796875 0.20703125 0.15625
0 0.7080078125 0.2314453125 0.18359375 0.158203125
0 0.7021484375 0.3984375 0.201171875 0.15625
0 0.49609375 0.3974609375 0.171875 0.1640625
0 0.7060546875 0.5556640625 0.177734375 0.15625
0 0.498046875 0.5556640625 0.1953125 0.162109375
0 0.7109375 0.7255859375 0.1796875 0.162109375
0 0.5068359375 0.728515625 0.193359375 0.162109375
0 0.708984375 0.87890625 0.162109375 0.140625
0 0.4921875 0.873046875 0.1875 0.14453125
1 0.9501953125 0.0869140625 0.099609375 0.173828125
1 0.939453125 0.2802734375 0.12109375 0.21484375
1 0.94921875 0.478515625 0.1015625 0.2109375
1 0.9443359375 0.673828125 0.109375 0.19921875
1 0.939453125 0.8525390625 0.12109375 0.189453125
1 0.19921875 0.0888671875 0.140625 0.17578125
1 0.2119140625 0.2744140625 0.140625 0.2109375
1 0.2177734375 0.474609375 0.1484375 0.216796875
1 0.2275390625 0.6650390625 0.14453125 0.19921875
1 0.234375 0.84765625 0.15234375 0.1953125