4 0.52734375 0.875 0.525390625 0.2373046875
4 0.509765625 0.43359375 0.4404296875 0.2490234375
4 0.5009765625 0.076171875 0.482421875 0.15234375
1 0.2109375 0.955078125 0.1162109375 0.0634765625
1 0.1875 0.875 0.1015625 0.1044921875
1 0.2578125 0.82421875 0.0732421875 0.078125
1 0.310546875 0.7783203125 0.0546875 0.0849609375
1 0.37890625 0.734375 0.0908203125 0.0927734375
1 0.8203125 0.9482421875 0.095703125 0.0732421875
1 0.8349609375 0.8720703125 0.0634765625 0.107421875
1 0.7724609375 0.8173828125 0.0576171875 0.091796875
1 0.7197265625 0.771484375 0.056640625 0.080078125
1 0.64453125 0.7275390625 0.0712890625 0.1015625
1 0.513671875 0.6357421875 0.0908203125 0.0478515625
1 0.5791015625 0.6865234375 0.087890625 0.083984375
1 0.4482421875 0.6875 0.091796875 0.0703125
1 0.5107421875 0.73046875 0.1318359375 0.0537109375
1 0.771484375 0.6767578125 0.2275390625 0.2646484375
1 0.2822265625 0.66796875 0.208984375 0.251953125
1 0.8056640625 0.525390625 0.0771484375 0.10546875
1 0.2080078125 0.537109375 0.0703125 0.10546875
1 0.240234375 0.4833984375 0.099609375 0.0556640625
1 0.7666015625 0.4794921875 0.0849609375 0.0546875
1 0.7939453125 0.41015625 0.052734375 0.08203125
1 0.74609375 0.3671875 0.068359375 0.078125
1 0.6875 0.3330078125 0.048828125 0.0751953125
1 0.21484375 0.419921875 0.0673828125 0.0771484375
1 0.2744140625 0.3759765625 0.068359375 0.0751953125
1 0.3095703125 0.3330078125 0.060546875 0.06640625
1 0.3779296875 0.306640625 0.0947265625 0.0908203125
1 0.625 0.302734375 0.076171875 0.08203125
1 0.501953125 0.2255859375 0.1005859375 0.0498046875
1 0.4423828125 0.2666015625 0.0732421875 0.0615234375
1 0.4912109375 0.296875 0.109375 0.048828125
1 0.5576171875 0.2626953125 0.060546875 0.060546875
1 0.271484375 0.2509765625 0.134765625 0.21875
1 0.384765625 0.224609375 0.0986328125 0.0595703125
1 0.4423828125 0.1865234375 0.064453125 0.052734375
1 0.5498046875 0.1826171875 0.087890625 0.0498046875
1 0.6044921875 0.22265625 0.0771484375 0.0478515625
1 0.662109375 0.2392578125 0.0439453125 0.0703125
1 0.7265625 0.240234375 0.189453125 0.2177734375
1 0.22265625 0.0322265625 0.064453125 0.0615234375
1 0.25 0.0830078125 0.099609375 0.0576171875
1 0.216796875 0.130859375 0.064453125 0.087890625
1 0.7568359375 0.029296875 0.056640625 0.0576171875
1 0.73046875 0.0849609375 0.10546875 0.0380859375
1 0.7705078125 0.125 0.05859375 0.0849609375
1 0.9521484375 0.0732421875 0.095703125 0.146484375