1 0.361328125 0.0341796875 0.36328125 0.068359375
1 0.728515625 0.0341796875 0.3515625 0.068359375
0 0.1748046875 0.2861328125 0.13671875 0.267578125
0 0.869140625 0.2646484375 0.140625 0.3203125
0 0.5224609375 0.2744140625 0.255859375 0.318359375
1 0.353515625 0.73046875 0.33203125 0.5390625
1 0.6923828125 0.724609375 0.349609375 0.55078125
1 0.271484375 0.173828125 0.18359375 0.1171875
1 0.28125 0.380859375 0.18359375 0.115234375
1 0.37109375 0.28125 0.126953125 0.283203125
1 0.6787109375 0.2763671875 0.125 0.328125
1 0.740234375 0.1708984375 0.14453125 0.13671875
1 0.76171875 0.36328125 0.171875 0.125