2 0 0 0 0.2796875 0.022395833984375 0.30625 0.029166666015625 0.2984375 0.0375 0.26796875 0.048958333984375 0.25546875 0.050520833984375 0.25 0.049479166015625 0.214375 0.052083333984375 0.20390625 0.060416666015625 0.1953125 0.063541666015625 0.171875 0.06875 0.1609375 0.068229166015625 0.15 0.052083333984375 0.12109375 0.047395833984375 0.09921875 0.047395833984375 0.08609375 0.0546875 0.04609375 0.061979166015625 0.0265625 0.068229166015625 0 0 0
2 0.95703125 0.240234375 0.0859375 0.41015625
2 0.8037109375 0.224609375 0.2275390625 0.37890625
2 0.5712890625 0.1953125 0.2421875 0.384765625
2 0.35546875 0.1748046875 0.2109375 0.3330078125
2 0.15234375 0.1435546875 0.203125 0.287109375
1 0.0849609375 0.453125 0.1328125 0.251953125
1 0.2099609375 0.4736328125 0.1279296875 0.2587890625
1 0.326171875 0.490234375 0.1005859375 0.251953125
1 0.4287109375 0.5107421875 0.1005859375 0.2666015625
1 0.53515625 0.5244140625 0.109375 0.2548828125
1 0.6572265625 0.5537109375 0.13671875 0.28125
1 0.7822265625 0.5693359375 0.1142578125 0.2783203125
1 0.91796875 0.587890625 0.1455078125 0.2578125