1 0.1826171875 0.3017578125 0.365234375 0.455078125
1 0.18359375 0.7802734375 0.3671875 0.439453125
1 0.5263671875 0.958984375 0.181640625 0.08203125
1 0.53125 0.873046875 0.1640625 0.12109375
1 0.5361328125 0.7734375 0.169921875 0.12109375
1 0.5380859375 0.66796875 0.171875 0.12109375
1 0.5400390625 0.5380859375 0.16796875 0.171875
1 0.537109375 0.4033203125 0.171875 0.13671875
1 0.537109375 0.3017578125 0.171875 0.125
1 0.5341796875 0.1953125 0.18359375 0.1328125
1 0.541015625 0.087890625 0.17578125 0.123046875
1 0.53515625 0.0205078125 0.1796875 0.041015625
1 0.7060546875 0.0986328125 0.125 0.1953125
1 0.697265625 0.91015625 0.111328125 0.1796875