4 0.634765625 0.4580078125 0.0693359375 0.2958984375
4 0.2470703125 0.484375 0.09375 0.220703125
4 0.025390625 0.55859375 0.05078125 0.169921875
3 0.2880859375 0.1318359375 0.099609375 0.2509765625
2 0.0615234375 0.2294921875 0.0146484375 0.046875
2 0.0810546875 0.2421875 0.015625 0.0458984375
2 0.1005859375 0.251953125 0.015625 0.044921875
2 0.12109375 0.2626953125 0.013671875 0.0458984375
2 0.1416015625 0.27734375 0.0166015625 0.0439453125
2 0.162109375 0.287109375 0.0146484375 0.0458984375
2 0.0400390625 0.2177734375 0.013671875 0.044921875
2 0.0185546875 0.2041015625 0.015625 0.041015625
1 0.0048828125 0.3193359375 0.009765625 0.03125
1 0.017578125 0.3232421875 0.013671875 0.03125
1 0.03125 0.330078125 0.015625 0.0302734375
1 0.044921875 0.3359375 0.013671875 0.0283203125
1 0.05859375 0.341796875 0.0146484375 0.0302734375
1 0.072265625 0.3505859375 0.0146484375 0.0283203125
1 0.0849609375 0.3544921875 0.0126953125 0.029296875
1 0.099609375 0.3603515625 0.0146484375 0.0283203125
1 0.11328125 0.3662109375 0.015625 0.0283203125
1 0.126953125 0.373046875 0.0126953125 0.0283203125
1 0.158203125 0.38671875 0.0185546875 0.033203125
1 0.1728515625 0.39453125 0.01171875 0.0341796875
1 0.1865234375 0.4013671875 0.0126953125 0.0341796875
1 0.1982421875 0.4033203125 0.0126953125 0.0322265625
1 0.2490234375 0.427734375 0.0107421875 0.0283203125
1 0.259765625 0.435546875 0.0126953125 0.0302734375
1 0.271484375 0.4365234375 0.01171875 0.0341796875
1 0.009765625 0.4453125 0.0185546875 0.0390625
1 0.0263671875 0.451171875 0.0166015625 0.037109375
1 0.0419921875 0.4560546875 0.017578125 0.0361328125
1 0.0595703125 0.4658203125 0.0146484375 0.0361328125
1 0.07421875 0.4736328125 0.015625 0.0419921875
1 0.0908203125 0.48046875 0.0166015625 0.0419921875
1 0.10546875 0.486328125 0.0146484375 0.041015625
1 0.1201171875 0.4921875 0.0166015625 0.0419921875
1 0.13671875 0.4990234375 0.015625 0.044921875
1 0.1513671875 0.5048828125 0.0146484375 0.04296875
1 0.1669921875 0.51171875 0.0166015625 0.04296875
1 0.1826171875 0.517578125 0.013671875 0.041015625
1 0.1953125 0.5234375 0.0126953125 0.0400390625
1 0.208984375 0.529296875 0.017578125 0.0400390625
1 0.2236328125 0.53515625 0.015625 0.0380859375
1 0.2392578125 0.5390625 0.0166015625 0.037109375
1 0.0498046875 0.5244140625 0.015625 0.048828125
1 0.0654296875 0.517578125 0.0185546875 0.0458984375
1 0.0810546875 0.5205078125 0.01953125 0.0419921875
1 0.0947265625 0.5244140625 0.0224609375 0.0390625
1 0.1083984375 0.529296875 0.01953125 0.03515625
1 0.12109375 0.53515625 0.0234375 0.0390625
1 0.1357421875 0.5380859375 0.0205078125 0.0380859375
1 0.1513671875 0.544921875 0.021484375 0.03515625
1 0.1689453125 0.55078125 0.0205078125 0.03515625
1 0.1884765625 0.55859375 0.01171875 0.0390625
1 0.19921875 0.5654296875 0.0087890625 0.04296875
1 0.208984375 0.5693359375 0.01171875 0.0419921875
1 0.224609375 0.5751953125 0.0107421875 0.044921875
1 0.236328125 0.5810546875 0.0126953125 0.046875
1 0.2490234375 0.5869140625 0.01171875 0.0498046875
1 0.1845703125 0.30859375 0.0205078125 0.0341796875
1 0.2041015625 0.3037109375 0.0205078125 0.037109375
1 0.220703125 0.2978515625 0.0205078125 0.0419921875
1 0.2421875 0.296875 0.021484375 0.0322265625
1 0.2626953125 0.294921875 0.0185546875 0.037109375
1 0.2802734375 0.291015625 0.017578125 0.03515625
1 0.2998046875 0.2890625 0.0224609375 0.0361328125
1 0.3212890625 0.2841796875 0.0224609375 0.041015625
1 0.33984375 0.2783203125 0.0234375 0.0380859375
1 0.359375 0.27734375 0.01953125 0.0390625
1 0.37890625 0.275390625 0.02734375 0.0380859375
1 0.3994140625 0.271484375 0.0224609375 0.0361328125
1 0.421875 0.2666015625 0.0234375 0.03515625
1 0.439453125 0.267578125 0.0234375 0.03515625
1 0.4609375 0.265625 0.0224609375 0.03515625
1 0.482421875 0.2587890625 0.0205078125 0.033203125
1 0.564453125 0.2470703125 0.0234375 0.0361328125
1 0.54296875 0.248046875 0.01953125 0.037109375
1 0.5244140625 0.2509765625 0.01953125 0.0361328125
1 0.50390625 0.25390625 0.0234375 0.04296875
1 0.716796875 0.2255859375 0.0224609375 0.0390625
1 0.6953125 0.228515625 0.0234375 0.0439453125
1 0.671875 0.232421875 0.0224609375 0.0400390625
1 0.6513671875 0.234375 0.0224609375 0.0419921875
1 0.6279296875 0.244140625 0.0224609375 0.03515625
1 0.6064453125 0.244140625 0.0205078125 0.0322265625
1 0.587890625 0.2431640625 0.0234375 0.0439453125
1 0.8984375 0.201171875 0.0244140625 0.0322265625
1 0.9921875 0.185546875 0.015625 0.041015625
1 0.9716796875 0.1865234375 0.02734375 0.0439453125
1 0.9462890625 0.19921875 0.0234375 0.029296875
1 0.9228515625 0.1953125 0.0224609375 0.0400390625
1 0.8759765625 0.2021484375 0.0234375 0.0380859375
1 0.8525390625 0.2041015625 0.025390625 0.0439453125
1 0.8291015625 0.20703125 0.0205078125 0.0419921875
1 0.806640625 0.2109375 0.021484375 0.041015625
1 0.783203125 0.21484375 0.0244140625 0.0458984375
1 0.76171875 0.2197265625 0.021484375 0.0439453125
1 0.740234375 0.2216796875 0.025390625 0.0439453125