2 0.85546875 0.693359375 0.2890625 0.10546875
3 0.42578125 0.435546875 0.63671875 0.271484375
3 0.390625 0.265625 0.505859375 0.23828125
2 0.9638671875 0.8994140625 0.0703125 0.052734375
2 0.9462890625 0.8759765625 0.107421875 0.041015625
2 0.9130859375 0.8447265625 0.1484375 0.048828125
2 0.8828125 0.8232421875 0.15234375 0.044921875
2 0.845703125 0.7939453125 0.15234375 0.046875
2 0.8017578125 0.7626953125 0.16015625 0.05078125
2 0.7646484375 0.7431640625 0.16015625 0.05078125
2 0.7158203125 0.7099609375 0.15625 0.046875
2 0.66796875 0.6796875 0.16015625 0.052734375
2 0.6279296875 0.6513671875 0.16796875 0.056640625
2 0.564453125 0.6171875 0.16015625 0.064453125
2 0.5205078125 0.5849609375 0.15625 0.060546875
2 0.4833984375 0.5498046875 0.1484375 0.05859375
2 0.4326171875 0.5166015625 0.16796875 0.06640625
2 0.8369140625 0.6318359375 0.09765625 0.0390625
2 0.8037109375 0.615234375 0.1171875 0.03515625
2 0.7734375 0.5869140625 0.1171875 0.037109375
2 0.740234375 0.564453125 0.11328125 0.033203125
2 0.7021484375 0.5419921875 0.125 0.033203125
2 0.6650390625 0.515625 0.11328125 0.0390625
2 0.630859375 0.4912109375 0.11328125 0.05078125
2 0.59375 0.4638671875 0.109375 0.03515625
2 0.5537109375 0.43359375 0.115234375 0.04296875
0 0.7333984375 0.2626953125 0.109375 0.07421875
0 0.7705078125 0.18359375 0.095703125 0.076171875
0 0.80859375 0.1083984375 0.103515625 0.072265625
0 0.8525390625 0.03515625 0.09375 0.0703125
0 0.62890625 0.2626953125 0.1015625 0.078125
0 0.666015625 0.1865234375 0.109375 0.07421875
0 0.7001953125 0.1083984375 0.1015625 0.08203125
0 0.74609375 0.0322265625 0.119140625 0.064453125
0 0.5224609375 0.263671875 0.11328125 0.078125
0 0.6630859375 0.40625 0.09765625 0.06640625
0 0.5966796875 0.099609375 0.115234375 0.076171875
0 0.6328125 0.0263671875 0.123046875 0.052734375
0 0.5146484375 0.0283203125 0.11328125 0.056640625
0 0.4755859375 0.09375 0.109375 0.07421875
0 0.36328125 0.0888671875 0.1171875 0.0859375
0 0.3984375 0.025390625 0.1171875 0.05078125
0 0.2734375 0.017578125 0.125 0.03515625
0 0.2392578125 0.0859375 0.1328125 0.08984375
0 0.2109375 0.1689453125 0.119140625 0.0703125
0 0.3359375 0.171875 0.1171875 0.07421875
0 0.1083984375 0.0791015625 0.1484375 0.078125
1 0.3115234375 0.9931640625 0.078125 0.013671875
1 0.37109375 0.978515625 0.064453125 0.03515625
1 0.4189453125 0.953125 0.07421875 0.03125
1 0.46875 0.931640625 0.0703125 0.03125
1 0.4765625 0.9072265625 0.06640625 0.02734375
1 0.4560546875 0.8837890625 0.07421875 0.02734375
1 0.4189453125 0.869140625 0.080078125 0.02734375
1 0.3828125 0.8544921875 0.076171875 0.029296875
1 0.3388671875 0.8486328125 0.06640625 0.033203125
1 0.294921875 0.83203125 0.05859375 0.04296875
1 0.2392578125 0.833984375 0.06640625 0.0390625
1 0.2353515625 0.802734375 0.0703125 0.02734375
1 0.177734375 0.7666015625 0.09765625 0.07421875
1 0.0732421875 0.689453125 0.1015625 0.10546875
1 0.0263671875 0.787109375 0.052734375 0.08203125
4 0.20703125 0.9296875 0.34375 0.140625
4 0.560546875 0.8564453125 0.07421875 0.048828125
4 0.5087890625 0.8310546875 0.07421875 0.052734375
4 0.4619140625 0.8046875 0.078125 0.05078125
4 0.4189453125 0.7783203125 0.068359375 0.046875
4 0.3564453125 0.75 0.080078125 0.0546875
4 0.3046875 0.7216796875 0.08984375 0.046875
4 0.2548828125 0.69140625 0.08203125 0.044921875
4 0.197265625 0.662109375 0.0859375 0.0625
4 0.12890625 0.62109375 0.078125 0.0546875
4 0.0126953125 0.619140625 0.025390625 0.08203125
4 0.03125 0.55859375 0.0625 0.0546875
4 0.0458984375 0.490234375 0.05859375 0.06640625
4 0.068359375 0.4296875 0.0625 0.05078125
4 0.091796875 0.3671875 0.068359375 0.06640625
4 0.125 0.310546875 0.056640625 0.0546875
0 0.0078125 0.3759765625 0.015625 0.04296875
0 0.015625 0.3232421875 0.03125 0.041015625
0 0.02734375 0.271484375 0.0546875 0.041015625