4 0.5400390625 0.6083984375 0.455078125 0.6181640625
2 0.4560546875 0.7802734375 0.078125 0.0908203125
2 0.505859375 0.8193359375 0.05859375 0.0859375
2 0.548828125 0.87890625 0.06640625 0.0654296875
2 0.2255859375 0.947265625 0.064453125 0.0537109375
2 0.265625 0.875 0.056640625 0.078125
2 0.34765625 0.830078125 0.060546875 0.0693359375
2 0.8916015625 0.6982421875 0.06640625 0.0830078125
2 0.8369140625 0.779296875 0.07421875 0.08203125
2 0.826171875 0.873046875 0.064453125 0.07421875
2 0.7802734375 0.90625 0.0546875 0.0712890625
2 0.9697265625 0.5927734375 0.060546875 0.064453125
1 0.7314453125 0.013671875 0.064453125 0.0244140625
1 0.689453125 0.0400390625 0.0615234375 0.0458984375
1 0.6572265625 0.0771484375 0.0546875 0.048828125
1 0.6171875 0.109375 0.0478515625 0.0498046875
1 0.5751953125 0.130859375 0.048828125 0.046875
1 0.541015625 0.1708984375 0.0576171875 0.0439453125
1 0.505859375 0.1962890625 0.0537109375 0.0458984375
1 0.46875 0.220703125 0.0439453125 0.05078125
1 0.4326171875 0.25390625 0.0517578125 0.0439453125
1 0.3935546875 0.279296875 0.048828125 0.041015625
1 0.3642578125 0.3037109375 0.037109375 0.0390625
1 0.333984375 0.328125 0.0537109375 0.046875
1 0.302734375 0.3583984375 0.048828125 0.041015625
1 0.27734375 0.3896484375 0.0458984375 0.0400390625
1 0.2431640625 0.41015625 0.04296875 0.0419921875
1 0.21875 0.4326171875 0.04296875 0.04296875
1 0.19140625 0.462890625 0.044921875 0.0419921875
1 0.1533203125 0.478515625 0.0498046875 0.04296875
1 0.12890625 0.5048828125 0.0419921875 0.0361328125
1 0.103515625 0.5234375 0.046875 0.0390625
1 0.0751953125 0.548828125 0.044921875 0.037109375
1 0.0498046875 0.56640625 0.041015625 0.03515625
1 0.0224609375 0.587890625 0.044921875 0.0380859375