4 0.9169921875 0.5673828125 0.166015625 0.109375
4 0.90625 0.4619140625 0.1875 0.099609375
4 0.8896484375 0.3857421875 0.220703125 0.0703125
4 0.87890625 0.3203125 0.2421875 0.06640625
4 0.87109375 0.267578125 0.2578125 0.078125
4 0.8388671875 0.205078125 0.259765625 0.05859375
4 0.8115234375 0.15625 0.251953125 0.046875
4 0.783203125 0.1123046875 0.23046875 0.04296875
4 0.767578125 0.072265625 0.203125 0.03125
4 0.7548828125 0.037109375 0.201171875 0.0390625
4 0.716796875 0.0087890625 0.15625 0.017578125
4 0.9453125 0.6904296875 0.109375 0.138671875
1 0.244140625 0.85546875 0.48828125 0.1015625
1 0.2529296875 0.71875 0.453125 0.0859375
1 0.263671875 0.59375 0.4140625 0.056640625
1 0.2724609375 0.498046875 0.37890625 0.0546875
1 0.2734375 0.412109375 0.3515625 0.037109375
1 0.2763671875 0.3388671875 0.322265625 0.037109375
1 0.2919921875 0.2763671875 0.30859375 0.03125