1 0.0673828125 0.521484375 0.1328125 0.154296875
1 0.1748046875 0.658203125 0.1875 0.09375
1 0.3017578125 0.716796875 0.16796875 0.078125
1 0.4013671875 0.7529296875 0.1328125 0.076171875
1 0.4970703125 0.8046875 0.109375 0.068359375
1 0.5751953125 0.837890625 0.16015625 0.078125
1 0.1484375 0.4150390625 0.1328125 0.05859375
1 0.2197265625 0.359375 0.173828125 0.0625
1 0.328125 0.322265625 0.185546875 0.0546875
1 0.4189453125 0.279296875 0.169921875 0.060546875
1 0.5341796875 0.2353515625 0.1171875 0.0546875
1 0.6240234375 0.193359375 0.14453125 0.052734375
1 0.7724609375 0.654296875 0.3671875 0.19921875
1 0.77734375 0.361328125 0.32421875 0.166015625
1 0.8359375 0.5 0.21875 0.107421875
1 0.2041015625 0.576171875 0.0859375 0.03515625
1 0.259765625 0.61328125 0.0859375 0.03125
1 0.314453125 0.6416015625 0.09765625 0.033203125
1 0.4326171875 0.6640625 0.15234375 0.04296875
1 0.1728515625 0.5380859375 0.103515625 0.046875
1 0.16796875 0.4892578125 0.11328125 0.04296875
1 0.2236328125 0.4462890625 0.1015625 0.037109375
1 0.2802734375 0.4111328125 0.09375 0.03125
1 0.349609375 0.3828125 0.09765625 0.03125
1 0.4287109375 0.3623046875 0.09765625 0.044921875
1 0.52734375 0.3310546875 0.109375 0.08203125
1 0.509765625 0.7119140625 0.1171875 0.07421875
1 0.6435546875 0.7646484375 0.22265625 0.06640625
1 0.619140625 0.2705078125 0.146484375 0.05078125
1 0.7578125 0.23828125 0.16015625 0.03515625
1 0.9033203125 0.2666015625 0.125 0.125
1 0.884765625 0.732421875 0.10546875 0.115234375
1 0.7255859375 0.8955078125 0.45703125 0.208984375
1 0.7626953125 0.125 0.41015625 0.19140625