0 0.23046875 0.4365234375 0.07421875 0.048828125
0 0.3212890625 0.4267578125 0.08203125 0.0546875
0 0.416015625 0.4033203125 0.09375 0.05859375
0 0.517578125 0.3681640625 0.072265625 0.06640625
0 0.59765625 0.30859375 0.08203125 0.04296875
0 0.6669921875 0.2421875 0.0859375 0.04296875
0 0.708984375 0.1650390625 0.08203125 0.046875
3 0.7978515625 0.068359375 0.400390625 0.13671875
1 0.2978515625 0.771484375 0.328125 0.375
1 0.3125 0.5361328125 0.3125 0.09765625
1 0.5830078125 0.5341796875 0.24609375 0.2109375
1 0.578125 0.734375 0.25 0.19140625
1 0.8447265625 0.626953125 0.255859375 0.1796875
1 0.84375 0.4052734375 0.275390625 0.26953125
1 0.8671875 0.1982421875 0.265625 0.1328125
1 0.9267578125 0.8505859375 0.134765625 0.298828125