2 0.4658203125 0.052734375 0.1201171875 0.099609375
2 0.4248046875 0.150390625 0.1005859375 0.126953125
2 0.388671875 0.2470703125 0.099609375 0.12890625
2 0.35546875 0.353515625 0.10546875 0.1533203125
2 0.3154296875 0.45703125 0.12890625 0.1376953125
2 0.271484375 0.5654296875 0.09765625 0.154296875
2 0.2333984375 0.6806640625 0.10546875 0.15625
2 0.189453125 0.794921875 0.109375 0.1484375
2 0.1396484375 0.9140625 0.111328125 0.1513671875
2 0.685546875 0.1025390625 0.095703125 0.134765625
2 0.783203125 0.0947265625 0.09375 0.1201171875
2 0.8828125 0.2265625 0.0908203125 0.1806640625
2 0.943359375 0.3232421875 0.11328125 0.16796875
2 0.6806640625 0.2275390625 0.138671875 0.1630859375
2 0.6435546875 0.326171875 0.134765625 0.15234375
2 0.62890625 0.4306640625 0.1650390625 0.1865234375
2 0.5859375 0.5322265625 0.16015625 0.166015625
2 0.5556640625 0.625 0.1494140625 0.15234375
2 0.517578125 0.73046875 0.1435546875 0.15625
2 0.4873046875 0.818359375 0.1513671875 0.1572265625
2 0.451171875 0.91796875 0.1328125 0.1435546875
2 0.76953125 0.7705078125 0.150390625 0.234375
2 0.0302734375 0.1318359375 0.060546875 0.1005859375
2 0.0517578125 0.0400390625 0.1025390625 0.0732421875