1 0.8740234375 0.1337890625 0.25 0.0625
1 0.544921875 0.0966796875 0.421875 0.06640625
1 0.1845703125 0.052734375 0.3671875 0.06640625
1 0.794921875 0.3037109375 0.41015625 0.236328125
1 0.3740234375 0.2685546875 0.587890625 0.24609375
1 0.0537109375 0.25390625 0.107421875 0.2421875
1 0.939453125 0.4931640625 0.12109375 0.14453125
1 0.732421875 0.4638671875 0.158203125 0.11328125
1 0.642578125 0.5546875 0.22265625 0.08984375
1 0.955078125 0.7822265625 0.08984375 0.138671875
1 0.9013671875 0.5341796875 0.197265625 0.06640625
1 0.90625 0.732421875 0.1875 0.076171875
1 0.78125 0.6279296875 0.18359375 0.2265625
0 0.921875 0.6328125 0.15625 0.13671875
1 0.80859375 0.845703125 0.185546875 0.05859375
1 0.74609375 0.7998046875 0.146484375 0.107421875
1 0.6044921875 0.7021484375 0.2578125 0.103515625
1 0.41796875 0.80078125 0.18359375 0.12109375
0 0.583984375 0.7919921875 0.2109375 0.107421875
1 0.203125 0.873046875 0.3046875 0.078125
0 0.171875 0.8818359375 0.1171875 0.0390625
1 0.109375 0.7802734375 0.21875 0.240234375
1 0.509765625 0.62109375 0.1875 0.158203125
1 0.310546875 0.5205078125 0.32421875 0.083984375
1 0.318359375 0.728515625 0.28515625 0.119140625
1 0.1376953125 0.6201171875 0.193359375 0.154296875
0 0.330078125 0.6240234375 0.21875 0.158203125
1 0.419921875 0.458984375 0.1796875 0.115234375
0 0.58984375 0.466796875 0.18359375 0.109375
1 0.1376953125 0.4541015625 0.20703125 0.1484375
0 0.0224609375 0.458984375 0.04296875 0.087890625
1 0.0537109375 0.5498046875 0.107421875 0.08984375