4 0.4794921875 0.60546875 0.435546875 0.51171875
1 0.02734375 0.423828125 0.0546875 0.0546875
1 0.0732421875 0.4150390625 0.05859375 0.046875
1 0.130859375 0.40234375 0.0625 0.05078125
1 0.18359375 0.388671875 0.078125 0.052734375
1 0.2265625 0.375 0.0625 0.05078125
1 0.28125 0.3642578125 0.05859375 0.048828125
1 0.333984375 0.349609375 0.0703125 0.046875
1 0.38671875 0.337890625 0.06640625 0.05078125
1 0.44140625 0.3271484375 0.0703125 0.05078125
1 0.4970703125 0.314453125 0.0703125 0.05078125
1 0.5546875 0.3017578125 0.06640625 0.046875
1 0.611328125 0.287109375 0.05859375 0.052734375
1 0.6630859375 0.2763671875 0.05859375 0.05078125
1 0.7255859375 0.2607421875 0.076171875 0.046875
1 0.7880859375 0.2451171875 0.080078125 0.05859375
1 0.8427734375 0.2333984375 0.07421875 0.0546875
1 0.90234375 0.21875 0.064453125 0.046875
1 0.9423828125 0.1875 0.001953125 0.009765625
1 0.9677734375 0.2060546875 0.064453125 0.052734375
4 0.6494140625 0.18359375 0.13671875 0.11328125
4 0.4052734375 0.2373046875 0.13671875 0.08984375
4 0.51953125 0.1083984375 0.1484375 0.095703125