3 0.3564453125 0.7734375 0.0703125 0.1328125
3 0.421875 0.7646484375 0.0830078125 0.130859375
3 0.5078125 0.7626953125 0.0888671875 0.134765625
3 0.7880859375 0.7646484375 0.109375 0.1181640625
3 0.8505859375 0.7646484375 0.0732421875 0.125
3 0.2607421875 0.8173828125 0.068359375 0.1279296875
3 0.7607421875 0.607421875 0.05078125 0.0703125
3 0.70703125 0.6044921875 0.0517578125 0.0712890625
3 0.4990234375 0.6015625 0.05078125 0.0654296875
3 0.427734375 0.6044921875 0.044921875 0.068359375
3 0.3740234375 0.6103515625 0.046875 0.0703125
3 0.294921875 0.646484375 0.029296875 0.0634765625
1 0.6064453125 0.6015625 0.1337890625 0.0732421875
1 0.642578125 0.783203125 0.16796875 0.080078125
1 0.5400390625 0.88671875 0.0556640625 0.033203125
1 0.61328125 0.88671875 0.064453125 0.0380859375
1 0.71875 0.8857421875 0.048828125 0.041015625
1 0.4599609375 0.8876953125 0.05078125 0.0341796875
1 0.599609375 0.6669921875 0.0595703125 0.02734375
1 0.6826171875 0.6669921875 0.056640625 0.03125
1 0.525390625 0.6650390625 0.0615234375 0.0283203125
1 0.4609375 0.669921875 0.052734375 0.0302734375
1 0.751953125 0.6728515625 0.0361328125 0.0361328125
3 0.7041015625 0.453125 0.0537109375 0.06640625
3 0.6396484375 0.44140625 0.0419921875 0.07421875
3 0.51171875 0.443359375 0.0439453125 0.0751953125
3 0.4296875 0.4443359375 0.0478515625 0.0712890625
3 0.37109375 0.4521484375 0.046875 0.0751953125
3 0.3173828125 0.4794921875 0.0380859375 0.0576171875
0 0.5341796875 0.2314453125 0.0537109375 0.05859375
0 0.5458984375 0.302734375 0.0478515625 0.0517578125
0 0.509765625 0.3369140625 0.0517578125 0.0498046875
0 0.5546875 0.37109375 0.056640625 0.0556640625
0 0.5146484375 0.39453125 0.044921875 0.0283203125
0 0.4658203125 0.376953125 0.056640625 0.0498046875
0 0.427734375 0.3525390625 0.0390625 0.0498046875
0 0.4609375 0.3056640625 0.0546875 0.060546875
0 0.50390625 0.2705078125 0.052734375 0.0576171875
0 0.4638671875 0.2421875 0.052734375 0.0546875
0 0.4306640625 0.27734375 0.033203125 0.0537109375
0 0.5703125 0.2685546875 0.0458984375 0.0458984375
0 0.5966796875 0.310546875 0.037109375 0.037109375
0 0.5830078125 0.33984375 0.0458984375 0.0615234375
0 0.6015625 0.39453125 0.0302734375 0.03515625
0 0.619140625 0.3720703125 0.03125 0.0361328125
0 0.423828125 0.4013671875 0.0380859375 0.02734375
1 0.4716796875 0.1572265625 0.0322265625 0.029296875
1 0.5087890625 0.158203125 0.033203125 0.0341796875
1 0.54296875 0.158203125 0.0283203125 0.033203125
1 0.509765625 0.1875 0.033203125 0.0322265625
1 0.5439453125 0.1904296875 0.0302734375 0.029296875
1 0.5703125 0.1923828125 0.0234375 0.0322265625
1 0.47265625 0.1904296875 0.033203125 0.0322265625
1 0.4404296875 0.1591796875 0.02734375 0.033203125
1 0.4404296875 0.1943359375 0.0244140625 0.037109375
1 0.5517578125 0.5029296875 0.0478515625 0.0390625
1 0.591796875 0.5048828125 0.0390625 0.0390625
1 0.626953125 0.505859375 0.0400390625 0.033203125
1 0.4638671875 0.505859375 0.0400390625 0.033203125
1 0.337890625 0.533203125 0.025390625 0.0380859375