0 0.51171875 0.5244140625 0.095703125 0.14453125
1 0.509765625 0.2373046875 0.16796875 0.265625
1 0.35546875 0.30859375 0.1640625 0.2109375
1 0.3251953125 0.5400390625 0.166015625 0.2265625
1 0.3681640625 0.7529296875 0.1875 0.25390625
1 0.5048828125 0.7890625 0.16796875 0.2734375
1 0.654296875 0.73828125 0.181640625 0.26171875
1 0.6982421875 0.49609375 0.1640625 0.24609375
1 0.6572265625 0.2822265625 0.14453125 0.310546875
1 0.16015625 0.2412109375 0.3203125 0.4609375
1 0.1728515625 0.7294921875 0.345703125 0.51171875
1 0.8349609375 0.2646484375 0.330078125 0.478515625
1 0.8359375 0.7490234375 0.328125 0.501953125