4 0.326171875 0.6484375 0.171875 0.0546875
4 0.3349609375 0.583984375 0.1875 0.087890625
4 0.3388671875 0.4990234375 0.16796875 0.05859375
3 0.6845703125 0.95703125 0.30078125 0.0859375
1 0.17578125 0.98828125 0.12109375 0.0234375
1 0.3330078125 0.9501953125 0.20703125 0.068359375
1 0.44921875 0.888671875 0.16015625 0.068359375
1 0.548828125 0.8037109375 0.19921875 0.06640625
1 0.673828125 0.720703125 0.21875 0.0859375
1 0.759765625 0.6337890625 0.294921875 0.107421875
1 0.84375 0.5322265625 0.203125 0.10546875
1 0.791015625 0.4443359375 0.28125 0.083984375
1 0.71875 0.3720703125 0.291015625 0.07421875
1 0.6064453125 0.2939453125 0.2578125 0.080078125
1 0.5244140625 0.2421875 0.17578125 0.0625
1 0.421875 0.1923828125 0.16796875 0.0625
1 0.326171875 0.1572265625 0.16796875 0.0546875
1 0.2548828125 0.1025390625 0.15625 0.05859375
2 0.4619140625 0.685546875 0.08984375 0.05078125
2 0.4609375 0.4287109375 0.099609375 0.0546875
1 0.2724609375 0.802734375 0.15234375 0.19140625
1 0.3076171875 0.3515625 0.14453125 0.16015625
1 0.73046875 0.86328125 0.234375 0.046875
1 0.822265625 0.802734375 0.22265625 0.091796875
1 0.900390625 0.7294921875 0.19921875 0.080078125
1 0.96484375 0.2568359375 0.0703125 0.09375
1 0.912109375 0.1611328125 0.17578125 0.09765625
1 0.8603515625 0.0888671875 0.279296875 0.111328125
1 0.73828125 0.0400390625 0.2578125 0.078125