2 0.0888671875 0.5927734375 0.046875 0.05078125
2 0.126953125 0.625 0.0390625 0.04296875
2 0.1767578125 0.66015625 0.044921875 0.05859375
2 0.212890625 0.701171875 0.044921875 0.048828125
2 0.2578125 0.7373046875 0.041015625 0.052734375
2 0.3046875 0.7763671875 0.04296875 0.052734375
2 0.34765625 0.8251953125 0.03515625 0.052734375
2 0.3974609375 0.865234375 0.0390625 0.05859375
2 0.4462890625 0.912109375 0.041015625 0.060546875
2 0.498046875 0.953125 0.04296875 0.046875
2 0.109375 0.4248046875 0.0390625 0.05078125
2 0.1611328125 0.3837890625 0.041015625 0.048828125
2 0.21484375 0.337890625 0.0390625 0.048828125
2 0.2666015625 0.2919921875 0.04296875 0.05078125
2 0.3232421875 0.25 0.046875 0.0546875
2 0.375 0.203125 0.05078125 0.0546875
2 0.427734375 0.1552734375 0.0546875 0.052734375
2 0.482421875 0.109375 0.046875 0.05078125
2 0.5986328125 0.0205078125 0.052734375 0.041015625
2 0.984375 0.3603515625 0.03125 0.0625
2 0.98046875 0.4560546875 0.0390625 0.078125
2 0.9775390625 0.54296875 0.0390625 0.072265625
2 0.96875 0.6318359375 0.04296875 0.072265625
2 0.962890625 0.724609375 0.04296875 0.08203125
2 0.955078125 0.8134765625 0.046875 0.078125
2 0.947265625 0.9150390625 0.046875 0.076171875
2 0.939453125 0.9833984375 0.04296875 0.033203125
3 0.6533203125 0.3271484375 0.11328125 0.107421875
3 0.615234375 0.666015625 0.10546875 0.107421875
1 0.6875 0.7412109375 0.10546875 0.158203125
1 0.7333984375 0.248046875 0.09375 0.19140625
1 0.7900390625 0.1142578125 0.068359375 0.099609375
1 0.720703125 0.8623046875 0.064453125 0.099609375
1 0.353515625 0.5859375 0.087890625 0.083984375
1 0.3720703125 0.4609375 0.08984375 0.09765625
1 0.453125 0.41015625 0.0625 0.09375
1 0.4208984375 0.6376953125 0.05078125 0.126953125
1 0.501953125 0.6875 0.12109375 0.13671875
1 0.5361328125 0.3232421875 0.111328125 0.158203125
1 0.6435546875 0.2265625 0.05859375 0.1015625
1 0.5947265625 0.7705078125 0.06640625 0.0859375