4 0.533203125 0.453125 0.326171875 0.31640625
1 0.1494140625 0.931640625 0.228515625 0.13671875
1 0.3876953125 0.9404296875 0.22265625 0.119140625
1 0.68359375 0.935546875 0.2734375 0.12890625
1 0.900390625 0.9384765625 0.19921875 0.123046875
4 0.005859375 0.517578125 0.01171875 0.328125
1 0.53515625 0.7158203125 0.220703125 0.140625
1 0.330078125 0.6298828125 0.19140625 0.123046875
1 0.2197265625 0.513671875 0.12109375 0.14453125
1 0.2294921875 0.408203125 0.072265625 0.125
1 0.27734375 0.365234375 0.0859375 0.140625
1 0.326171875 0.3076171875 0.0859375 0.12890625
1 0.392578125 0.2587890625 0.0625 0.140625
1 0.4755859375 0.224609375 0.0703125 0.134765625
1 0.6201171875 0.2197265625 0.0859375 0.109375
1 0.677734375 0.24609375 0.1015625 0.123046875
1 0.7490234375 0.3046875 0.078125 0.1484375
1 0.791015625 0.35546875 0.091796875 0.134765625
1 0.841796875 0.3935546875 0.115234375 0.125
1 0.8544921875 0.5126953125 0.16796875 0.15625
1 0.7998046875 0.6083984375 0.140625 0.0859375
1 0.70703125 0.66796875 0.12890625 0.095703125