4 0.912109375 0.501953125 0.17578125 0.5859375
4 0.46484375 0.4833984375 0.27734375 0.4921875
4 0.0751953125 0.4736328125 0.150390625 0.5390625
1 0.9501953125 0.1220703125 0.099609375 0.11328125
1 0.9013671875 0.201171875 0.0859375 0.08203125
1 0.849609375 0.2607421875 0.09375 0.0625
1 0.80078125 0.3369140625 0.103515625 0.1015625
1 0.947265625 0.8466796875 0.10546875 0.0703125
1 0.8935546875 0.77734375 0.103515625 0.064453125
1 0.8427734375 0.71875 0.08984375 0.0625
1 0.79296875 0.6337890625 0.11328125 0.078125
1 0.6904296875 0.48828125 0.052734375 0.1015625
1 0.748046875 0.560546875 0.09375 0.09765625
1 0.7490234375 0.4150390625 0.078125 0.1015625
1 0.796875 0.4853515625 0.060546875 0.1484375
1 0.736328125 0.7763671875 0.296875 0.25390625
1 0.7265625 0.2294921875 0.28125 0.234375
1 0.5673828125 0.814453125 0.1171875 0.0859375
1 0.580078125 0.1455078125 0.1171875 0.078125
1 0.5205078125 0.1826171875 0.0625 0.111328125
1 0.5166015625 0.771484375 0.060546875 0.095703125
1 0.4384765625 0.80078125 0.091796875 0.05859375
1 0.390625 0.748046875 0.0859375 0.076171875
1 0.3515625 0.6826171875 0.083984375 0.0546875
1 0.4501953125 0.154296875 0.0859375 0.07421875
1 0.400390625 0.2197265625 0.083984375 0.076171875
1 0.3515625 0.2587890625 0.07421875 0.06640625
1 0.322265625 0.3359375 0.1015625 0.10546875
1 0.318359375 0.6123046875 0.091796875 0.0859375
1 0.232421875 0.474609375 0.0546875 0.11328125
1 0.27734375 0.408203125 0.068359375 0.08203125
1 0.3115234375 0.462890625 0.0546875 0.123046875
1 0.2734375 0.5361328125 0.06640625 0.06640625
1 0.2607421875 0.216796875 0.24609375 0.150390625
1 0.2314453125 0.3427734375 0.06640625 0.109375
1 0.189453125 0.408203125 0.05859375 0.0703125
1 0.18359375 0.5283203125 0.0546875 0.09765625
1 0.228515625 0.58984375 0.0546875 0.0859375
1 0.248046875 0.6533203125 0.078125 0.05078125
1 0.2490234375 0.7255859375 0.2421875 0.2109375
1 0.025390625 0.162109375 0.05078125 0.072265625
1 0.0732421875 0.1923828125 0.064453125 0.111328125
1 0.126953125 0.1552734375 0.09765625 0.072265625
1 0.0224609375 0.7607421875 0.044921875 0.0625
1 0.0751953125 0.7294921875 0.04296875 0.1171875
1 0.1201171875 0.7744140625 0.09375 0.06640625
1 0.0712890625 0.9619140625 0.142578125 0.076171875