0 0.1875 0.0244140625 0.11328125 0.048828125
1 0.3076171875 0.0263671875 0.1259765625 0.05078125
1 0.361328125 0.0205078125 0.1171875 0.041015625
0 0.501953125 0.0224609375 0.2216796875 0.0439453125
1 0.6455078125 0.0205078125 0.11328125 0.0400390625
1 0.732421875 0.02734375 0.1591796875 0.0439453125
0 0.8212890625 0.01953125 0.115234375 0.0390625
1 0.357421875 0.1611328125 0.3291015625 0.1982421875
1 0.671875 0.154296875 0.3271484375 0.1923828125
4 0.53515625 0.4228515625 0.478515625 0.1103515625
1 0.4150390625 0.5966796875 0.23828125 0.1044921875
1 0.6513671875 0.595703125 0.228515625 0.1083984375
1 0.2607421875 0.69140625 0.064453125 0.0712890625
0 0.322265625 0.6767578125 0.068359375 0.04296875
1 0.3876953125 0.6640625 0.0810546875 0.0185546875
1 0.396484375 0.6875 0.0869140625 0.0185546875
1 0.4462890625 0.673828125 0.0732421875 0.0400390625
0 0.5283203125 0.6748046875 0.1259765625 0.0400390625
0 0.6171875 0.673828125 0.0654296875 0.0390625
1 0.671875 0.65625 0.0908203125 0.013671875
1 0.6669921875 0.6826171875 0.1005859375 0.017578125
0 0.7421875 0.669921875 0.0908203125 0.0380859375
1 0.4306640625 0.7392578125 0.203125 0.0810546875
1 0.6337890625 0.7353515625 0.2080078125 0.0830078125
1 0.4560546875 0.8935546875 0.1845703125 0.0673828125
1 0.6318359375 0.8916015625 0.16796875 0.06640625
0 0.3740234375 0.94140625 0.0517578125 0.0302734375
1 0.4296875 0.931640625 0.0634765625 0.013671875
1 0.435546875 0.9482421875 0.0693359375 0.017578125
1 0.46875 0.94140625 0.0498046875 0.02734375
1 0.6064453125 0.9404296875 0.052734375 0.0244140625
1 0.6591796875 0.931640625 0.07421875 0.013671875
1 0.6591796875 0.947265625 0.056640625 0.0166015625
0 0.5400390625 0.9384765625 0.109375 0.0244140625
0 0.703125 0.94140625 0.060546875 0.0283203125
1 0.462890625 0.978515625 0.1591796875 0.0419921875
1 0.630859375 0.9765625 0.1689453125 0.046875