1 0.2900390625 0.009765625 0.08203125 0.01953125
1 0.291015625 0.044921875 0.07421875 0.044921875
1 0.29296875 0.0947265625 0.0703125 0.046875
1 0.294921875 0.146484375 0.076171875 0.05078125
1 0.2958984375 0.2001953125 0.08203125 0.0546875
1 0.2939453125 0.2548828125 0.0859375 0.0546875
1 0.2939453125 0.3056640625 0.078125 0.046875
1 0.298828125 0.35546875 0.078125 0.046875
1 0.30078125 0.40625 0.078125 0.05859375
1 0.30078125 0.4599609375 0.08203125 0.044921875
1 0.2978515625 0.5087890625 0.076171875 0.0546875
1 0.3037109375 0.5595703125 0.08203125 0.048828125
1 0.2978515625 0.6123046875 0.083984375 0.05859375
1 0.302734375 0.66796875 0.080078125 0.046875
1 0.3037109375 0.716796875 0.078125 0.05078125
1 0.3046875 0.767578125 0.07421875 0.04296875
1 0.3037109375 0.8173828125 0.078125 0.052734375
1 0.30859375 0.8720703125 0.072265625 0.05859375
1 0.306640625 0.9267578125 0.0859375 0.052734375
1 0.3095703125 0.9765625 0.083984375 0.046875
0 0.39453125 0.92578125 0.06640625 0.048828125
0 0.396484375 0.8212890625 0.0546875 0.05078125
0 0.3916015625 0.71875 0.05859375 0.046875
0 0.3876953125 0.568359375 0.05859375 0.05078125
0 0.388671875 0.4658203125 0.0625 0.04296875
0 0.388671875 0.3603515625 0.05859375 0.056640625
0 0.3828125 0.2578125 0.05078125 0.0390625
0 0.3818359375 0.150390625 0.0546875 0.056640625
0 0.3759765625 0.048828125 0.05859375 0.05078125
1 0.37890625 0.0126953125 0.05859375 0.025390625
1 0.3798828125 0.095703125 0.0625 0.041015625
1 0.3828125 0.2080078125 0.05078125 0.05859375
1 0.3828125 0.3037109375 0.060546875 0.0546875
1 0.384765625 0.416015625 0.056640625 0.05859375
1 0.3857421875 0.5126953125 0.060546875 0.05078125
1 0.3876953125 0.6455078125 0.056640625 0.1015625
1 0.3916015625 0.7666015625 0.06640625 0.05078125
1 0.3955078125 0.8759765625 0.05859375 0.0546875
1 0.396484375 0.974609375 0.0546875 0.05078125
1 0.515625 0.9228515625 0.140625 0.10546875
1 0.4755859375 0.8193359375 0.080078125 0.099609375
1 0.5185546875 0.7138671875 0.15234375 0.111328125
1 0.478515625 0.564453125 0.07421875 0.09765625
1 0.4814453125 0.462890625 0.087890625 0.1015625
1 0.4755859375 0.3623046875 0.078125 0.09765625
1 0.4951171875 0.25390625 0.12890625 0.12109375
1 0.46875 0.1484375 0.072265625 0.08984375
1 0.4775390625 0.0517578125 0.091796875 0.1015625
1 0.58984375 0.0439453125 0.142578125 0.0859375
1 0.5947265625 0.158203125 0.146484375 0.109375
1 0.6103515625 0.2890625 0.111328125 0.087890625
1 0.6005859375 0.4052734375 0.140625 0.09375
1 0.599609375 0.5302734375 0.15234375 0.08984375
1 0.625 0.716796875 0.1015625 0.0703125
1 0.615234375 0.84765625 0.1328125 0.08984375
1 0.6259765625 0.9599609375 0.1171875 0.080078125