2 0.509765625 0.0537109375 0.1328125 0.107421875
2 0.5537109375 0.16015625 0.11328125 0.140625
2 0.5947265625 0.267578125 0.109375 0.142578125
2 0.6318359375 0.3857421875 0.1171875 0.171875
2 0.67578125 0.5009765625 0.14453125 0.15234375
2 0.724609375 0.6220703125 0.109375 0.171875
2 0.7666015625 0.75 0.1171875 0.173828125
2 0.8154296875 0.8759765625 0.12109375 0.1640625
2 0.87109375 0.9619140625 0.123046875 0.07421875
2 0.2646484375 0.1064453125 0.10546875 0.150390625
2 0.15625 0.0986328125 0.103515625 0.1328125
2 0.048828125 0.2431640625 0.09765625 0.201171875
2 0.0205078125 0.3515625 0.041015625 0.1875
2 0.2705078125 0.24609375 0.154296875 0.1796875
2 0.310546875 0.35546875 0.1484375 0.16796875
2 0.328125 0.4716796875 0.18359375 0.20703125
2 0.375 0.583984375 0.1796875 0.18359375
2 0.408203125 0.6875 0.166015625 0.16796875
2 0.451171875 0.8046875 0.16015625 0.171875
2 0.4853515625 0.90234375 0.16796875 0.173828125
2 0.5263671875 0.966796875 0.1484375 0.06640625
2 0.1708984375 0.849609375 0.16796875 0.259765625
2 0.9794921875 0.1396484375 0.041015625 0.111328125
2 0.9560546875 0.0390625 0.087890625 0.078125