1 0.888671875 0.0888671875 0.22265625 0.177734375
1 0.7158203125 0.0478515625 0.2890625 0.095703125
1 0.6279296875 0.1513671875 0.1875 0.18359375
1 0.4853515625 0.0693359375 0.23046875 0.138671875
1 0.345703125 0.197265625 0.18359375 0.185546875
1 0.478515625 0.30859375 0.25390625 0.146484375
1 0.740234375 0.2353515625 0.22265625 0.16015625
1 0.91015625 0.365234375 0.1796875 0.208984375
1 0.3466796875 0.0380859375 0.15234375 0.07421875
1 0.109375 0.0625 0.140625 0.125
1 0.2236328125 0.1416015625 0.20703125 0.15234375
1 0.05859375 0.18359375 0.1171875 0.087890625
1 0.1279296875 0.2587890625 0.16015625 0.1640625
1 0.048828125 0.3876953125 0.09765625 0.11328125
1 0.2294921875 0.3369140625 0.19140625 0.138671875
1 0.341796875 0.4443359375 0.16015625 0.162109375
1 0.0888671875 0.4697265625 0.1484375 0.1640625
1 0.2099609375 0.583984375 0.19140625 0.150390625
1 0.576171875 0.40234375 0.173828125 0.17578125
1 0.7509765625 0.5166015625 0.234375 0.1640625
1 0.8935546875 0.611328125 0.20703125 0.19921875
1 0.7373046875 0.7705078125 0.24609375 0.17578125
1 0.9150390625 0.900390625 0.16796875 0.19921875
1 0.583984375 0.912109375 0.171875 0.17578125
1 0.4404296875 0.80078125 0.1953125 0.142578125
1 0.609375 0.6484375 0.171875 0.1796875
1 0.466796875 0.5400390625 0.22265625 0.1484375
1 0.3193359375 0.6728515625 0.15625 0.181640625
1 0.2080078125 0.798828125 0.15234375 0.130859375
1 0.11328125 0.6953125 0.15234375 0.154296875
1 0.33984375 0.9248046875 0.17578125 0.150390625
1 0.076171875 0.919921875 0.15234375 0.16015625
4 0.18359375 0.9189453125 0.14453125 0.162109375
4 0.7451171875 0.8994140625 0.1484375 0.19921875
4 0.455078125 0.6591796875 0.171875 0.16015625
4 0.2138671875 0.44921875 0.140625 0.15625
4 0.4794921875 0.1728515625 0.16015625 0.162109375
4 0.74609375 0.365234375 0.177734375 0.1796875
4 0.234375 0.041015625 0.11328125 0.08203125