3 0.51953125 0.494140625 0.576171875 0.91015625
2 0.9794921875 0.2900390625 0.0390625 0.140625
2 0.9609375 0.3818359375 0.078125 0.140625
2 0.919921875 0.4482421875 0.16015625 0.1640625
2 0.8525390625 0.537109375 0.15234375 0.13671875
2 0.8701171875 0.671875 0.1640625 0.14453125
2 0.8427734375 0.7841796875 0.109375 0.09765625
2 0.8369140625 0.8779296875 0.0703125 0.08203125
2 0.9765625 0.5869140625 0.046875 0.0703125
2 0.97265625 0.6455078125 0.03515625 0.0546875
2 0.962890625 0.70703125 0.037109375 0.0703125
2 0.9658203125 0.7724609375 0.04296875 0.05859375
2 0.9482421875 0.8359375 0.048828125 0.068359375
2 0.927734375 0.9033203125 0.0625 0.07421875
2 0.90625 0.9599609375 0.04296875 0.06640625
2 0.857421875 0.9609375 0.078125 0.056640625