0 0.1728515625 0.056640625 0.08984375 0.099609375
0 0.3955078125 0.04296875 0.12890625 0.0859375
0 0.6669921875 0.0546875 0.1328125 0.10546875
0 0.529296875 0.171875 0.166015625 0.099609375
0 0.24609375 0.181640625 0.1328125 0.095703125
0 0.1689453125 0.337890625 0.09375 0.09765625
0 0.359375 0.318359375 0.14453125 0.1015625
0 0.6484375 0.333984375 0.142578125 0.107421875
0 0.490234375 0.4638671875 0.1875 0.115234375
0 0.2294921875 0.4609375 0.1328125 0.095703125
0 0.154296875 0.6083984375 0.103515625 0.109375
0 0.359375 0.6162109375 0.1484375 0.109375
0 0.638671875 0.619140625 0.14453125 0.1171875
0 0.4892578125 0.751953125 0.171875 0.125
0 0.341796875 0.9013671875 0.1796875 0.119140625
0 0.23828125 0.765625 0.1796875 0.125
0 0.11328125 0.8876953125 0.119140625 0.109375
0 0.63671875 0.8984375 0.13671875 0.109375