1 0.0869140625 0.9716796875 0.173828125 0.056640625
1 0.0673828125 0.91015625 0.1328125 0.080078125
1 0.0390625 0.798828125 0.078125 0.080078125
1 0.044921875 0.8564453125 0.08984375 0.052734375
1 0.0185546875 0.7236328125 0.037109375 0.06640625
1 0.6162109375 0.9501953125 0.21875 0.099609375
1 0.55859375 0.8564453125 0.275390625 0.1640625
1 0.498046875 0.740234375 0.27734375 0.15234375
1 0.4619140625 0.6220703125 0.2734375 0.166015625
1 0.40625 0.50390625 0.28515625 0.16796875
1 0.3583984375 0.384765625 0.2890625 0.16796875
1 0.3076171875 0.265625 0.267578125 0.16015625
1 0.2548828125 0.140625 0.271484375 0.173828125
1 0.9384765625 0.6767578125 0.12109375 0.234375
1 0.890625 0.4326171875 0.21875 0.255859375
1 0.833984375 0.1689453125 0.33203125 0.26953125