1 0.1357421875 0.3896484375 0.271484375 0.4228515625
1 0.4521484375 0.3935546875 0.3564453125 0.38671875
1 0.826171875 0.3740234375 0.3466796875 0.4169921875
0 0.025390625 0.8154296875 0.05078125 0.21875
0 0.103515625 0.818359375 0.1279296875 0.2255859375
0 0.2255859375 0.822265625 0.134765625 0.2333984375
0 0.35546875 0.8369140625 0.1455078125 0.251953125
0 0.49609375 0.8486328125 0.1650390625 0.2470703125
0 0.6484375 0.8486328125 0.1630859375 0.2275390625
0 0.796875 0.85546875 0.146484375 0.2587890625
0 0.9365234375 0.853515625 0.126953125 0.2705078125