2 0.0361328125 0.2705078125 0.072265625 0.26953125
2 0.0908203125 0.4638671875 0.181640625 0.5712890625
2 0.1298828125 0.2734375 0.0966796875 0.2802734375
2 0.212890625 0.5068359375 0.2294921875 0.6435546875
2 0.279296875 0.28125 0.1171875 0.271484375
2 0.388671875 0.5458984375 0.2333984375 0.701171875
2 0.462890625 0.2919921875 0.130859375 0.3466796875
2 0.5703125 0.6015625 0.255859375 0.796875
2 0.6962890625 0.322265625 0.189453125 0.384765625
2 0.8486328125 0.619140625 0.2841796875 0.76171875
2 0.943359375 0.3349609375 0.1123046875 0.458984375