0 0.53125 0.9130859375 0.146484375 0.06640625
0 0.501953125 0.62109375 0.16015625 0.080078125
0 0.5009765625 0.4609375 0.15625 0.072265625
0 0.5078125 0.296875 0.1484375 0.07421875
0 0.5087890625 0.1376953125 0.142578125 0.076171875
1 0.5 0.724609375 0.14453125 0.13671875
1 0.5146484375 0.8486328125 0.162109375 0.064453125
1 0.5458984375 0.9716796875 0.158203125 0.056640625
1 0.5 0.53515625 0.1484375 0.0859375
1 0.5048828125 0.375 0.15234375 0.091796875
1 0.5087890625 0.2216796875 0.146484375 0.08203125
1 0.5068359375 0.0517578125 0.1484375 0.103515625