1 0.02734375 0.1162109375 0.041015625 0.05859375
1 0.0654296875 0.0625 0.0517578125 0.06640625
1 0.109375 0.05078125 0.037109375 0.0546875
0 0.1015625 0.111328125 0.0390625 0.052734375
1 0.052734375 0.1669921875 0.0419921875 0.0478515625
1 0.0224609375 0.228515625 0.044921875 0.1044921875
1 0.0771484375 0.236328125 0.041015625 0.0556640625
1 0.13671875 0.21484375 0.041015625 0.0458984375
1 0.0166015625 0.35546875 0.0322265625 0.0576171875
1 0.0576171875 0.4306640625 0.0673828125 0.078125
1 0.0791015625 0.3798828125 0.03515625 0.0703125
1 0.1181640625 0.400390625 0.0439453125 0.056640625
1 0.16796875 0.421875 0.029296875 0.0966796875
1 0.2060546875 0.421875 0.044921875 0.0888671875
1 0.244140625 0.404296875 0.0419921875 0.05078125
1 0.2900390625 0.3896484375 0.0400390625 0.0615234375
1 0.3154296875 0.4365234375 0.0634765625 0.0673828125
1 0.3681640625 0.4482421875 0.0419921875 0.05078125
1 0.48046875 0.4580078125 0.0361328125 0.0537109375
1 0.44921875 0.36328125 0.037109375 0.0615234375
0 0.396484375 0.2978515625 0.06640625 0.083984375
1 0.3505859375 0.25390625 0.0380859375 0.0927734375
1 0.3828125 0.234375 0.03125 0.08203125
1 0.30078125 0.2470703125 0.056640625 0.0556640625
1 0.244140625 0.2236328125 0.041015625 0.0517578125
0 0.2783203125 0.1181640625 0.0419921875 0.064453125
1 0.3193359375 0.171875 0.046875 0.05859375
1 0.3525390625 0.126953125 0.03515625 0.0732421875
1 0.318359375 0.0751953125 0.046875 0.0849609375
1 0.2744140625 0.052734375 0.0419921875 0.0595703125
1 0.29296875 0.02734375 0.046875 0.0537109375
1 0.23046875 0.0380859375 0.033203125 0.0634765625
1 0.158203125 0.037109375 0.041015625 0.0654296875
1 0.09765625 0.015625 0.0419921875 0.03125
1 0.015625 0.4970703125 0.03125 0.048828125
1 0.05078125 0.494140625 0.0361328125 0.044921875
1 0.0849609375 0.494140625 0.0341796875 0.056640625
1 0.12109375 0.4990234375 0.0439453125 0.0517578125
1 0.16015625 0.4990234375 0.041015625 0.0537109375
1 0.1953125 0.4970703125 0.037109375 0.048828125
1 0.2265625 0.5 0.0380859375 0.0498046875
1 0.265625 0.50390625 0.0419921875 0.0458984375
1 0.30078125 0.505859375 0.0361328125 0.048828125
1 0.3359375 0.509765625 0.0390625 0.044921875
1 0.37109375 0.5068359375 0.037109375 0.04296875
1 0.40625 0.5078125 0.033203125 0.04296875
1 0.439453125 0.5087890625 0.0390625 0.05078125
1 0.4765625 0.5087890625 0.0419921875 0.044921875
1 0.513671875 0.5126953125 0.0341796875 0.0400390625
1 0.341796875 0.02734375 0.0322265625 0.052734375
1 0.361328125 0.0634765625 0.0361328125 0.0537109375
1 0.3740234375 0.09375 0.03515625 0.0517578125
1 0.392578125 0.1279296875 0.0380859375 0.060546875
1 0.4072265625 0.16796875 0.03515625 0.044921875
1 0.421875 0.1923828125 0.041015625 0.0693359375
1 0.4365234375 0.2392578125 0.03515625 0.0537109375
1 0.45703125 0.271484375 0.0400390625 0.0654296875
1 0.4736328125 0.3125 0.037109375 0.05859375
1 0.4921875 0.3525390625 0.0380859375 0.0615234375
1 0.505859375 0.3876953125 0.041015625 0.052734375
1 0.5244140625 0.421875 0.04296875 0.0537109375
1 0.5400390625 0.4580078125 0.046875 0.060546875
1 0.431640625 0.021484375 0.0400390625 0.0419921875
2 0.48046875 0.02734375 0.037109375 0.0537109375
2 0.501953125 0.0625 0.0341796875 0.072265625
2 0.51953125 0.103515625 0.03515625 0.0751953125
2 0.5380859375 0.1416015625 0.03515625 0.0830078125
2 0.55859375 0.1884765625 0.0302734375 0.078125
2 0.5810546875 0.2236328125 0.037109375 0.0869140625
2 0.6025390625 0.263671875 0.0361328125 0.0751953125
2 0.623046875 0.3076171875 0.0390625 0.083984375
2 0.640625 0.3486328125 0.033203125 0.078125
2 0.662109375 0.384765625 0.033203125 0.072265625
3 0.7255859375 0.318359375 0.1064453125 0.2734375
1 0.439453125 0.03515625 0.0380859375 0.0498046875
1 0.447265625 0.0498046875 0.037109375 0.044921875
1 0.455078125 0.0693359375 0.04296875 0.041015625
1 0.4658203125 0.0888671875 0.04296875 0.041015625
1 0.4755859375 0.1123046875 0.0419921875 0.0498046875
1 0.4833984375 0.130859375 0.04296875 0.0458984375
1 0.4951171875 0.1513671875 0.0439453125 0.046875
1 0.5068359375 0.16796875 0.0380859375 0.052734375
1 0.5166015625 0.1962890625 0.0419921875 0.0498046875
1 0.521484375 0.2109375 0.0517578125 0.05078125
1 0.53125 0.236328125 0.0498046875 0.0478515625
1 0.544921875 0.259765625 0.0390625 0.046875
1 0.5576171875 0.2783203125 0.0439453125 0.052734375
1 0.5654296875 0.30078125 0.041015625 0.0537109375
1 0.576171875 0.3212890625 0.0439453125 0.048828125
1 0.58984375 0.3447265625 0.0439453125 0.0478515625
1 0.6015625 0.3671875 0.0439453125 0.0576171875
1 0.611328125 0.3876953125 0.044921875 0.052734375
1 0.62109375 0.404296875 0.0478515625 0.0595703125
1 0.6298828125 0.4306640625 0.0419921875 0.0625
2 0.798828125 0.6494140625 0.0419921875 0.0947265625
2 0.830078125 0.6494140625 0.0341796875 0.0859375
2 0.8662109375 0.6513671875 0.0390625 0.095703125
2 0.9091796875 0.6474609375 0.0390625 0.0888671875
2 0.9443359375 0.650390625 0.0361328125 0.08984375
2 0.9814453125 0.6435546875 0.037109375 0.095703125
0 0.0185546875 0.580078125 0.02734375 0.0322265625
0 0.0458984375 0.580078125 0.025390625 0.0283203125
0 0.0693359375 0.5791015625 0.02734375 0.029296875
0 0.0966796875 0.5859375 0.0263671875 0.02734375
0 0.1240234375 0.5859375 0.03125 0.03515625
0 0.1474609375 0.5849609375 0.0302734375 0.0302734375
0 0.1728515625 0.5869140625 0.0283203125 0.0341796875
0 0.2001953125 0.5888671875 0.0302734375 0.03125
0 0.2236328125 0.5859375 0.0234375 0.03125
0 0.248046875 0.5849609375 0.0283203125 0.0341796875
0 0.27734375 0.5888671875 0.02734375 0.0341796875
0 0.30078125 0.58984375 0.029296875 0.0302734375
0 0.3271484375 0.5927734375 0.02734375 0.0341796875
0 0.3515625 0.5908203125 0.0263671875 0.0322265625
0 0.3759765625 0.591796875 0.0283203125 0.0322265625
0 0.400390625 0.591796875 0.02734375 0.03125
0 0.42578125 0.595703125 0.02734375 0.0283203125
0 0.451171875 0.5966796875 0.0244140625 0.0322265625
0 0.474609375 0.5966796875 0.0263671875 0.03515625
0 0.4990234375 0.59375 0.0263671875 0.0341796875
0 0.5244140625 0.5947265625 0.0244140625 0.029296875
0 0.5478515625 0.5966796875 0.0263671875 0.029296875
0 0.57421875 0.5986328125 0.02734375 0.029296875
0 0.599609375 0.59765625 0.0283203125 0.0302734375
0 0.623046875 0.5966796875 0.0302734375 0.033203125
0 0.646484375 0.59765625 0.02734375 0.0341796875
0 0.6708984375 0.6025390625 0.0283203125 0.0322265625
0 0.693359375 0.6015625 0.0244140625 0.02734375
0 0.7177734375 0.607421875 0.025390625 0.0302734375
0 0.7431640625 0.6083984375 0.02734375 0.0283203125
0 0.0166015625 0.630859375 0.0322265625 0.0576171875
0 0.0380859375 0.6318359375 0.03515625 0.0615234375
0 0.0595703125 0.6318359375 0.0283203125 0.0634765625
0 0.08203125 0.6318359375 0.0302734375 0.0517578125
0 0.1015625 0.6328125 0.0302734375 0.0615234375
0 0.123046875 0.6337890625 0.0263671875 0.0625
0 0.1484375 0.6337890625 0.03125 0.0556640625
0 0.1689453125 0.6357421875 0.03125 0.0615234375
0 0.19140625 0.6376953125 0.0341796875 0.05859375
0 0.2080078125 0.638671875 0.033203125 0.0556640625
0 0.2294921875 0.638671875 0.0380859375 0.052734375
0 0.2529296875 0.6376953125 0.033203125 0.060546875
0 0.2734375 0.6416015625 0.037109375 0.0595703125
0 0.294921875 0.6435546875 0.033203125 0.05859375
0 0.3173828125 0.64453125 0.0302734375 0.0595703125
0 0.3359375 0.64453125 0.029296875 0.0654296875
0 0.357421875 0.64453125 0.03125 0.0625
0 0.376953125 0.64453125 0.0341796875 0.05859375
0 0.400390625 0.646484375 0.0322265625 0.0634765625
0 0.421875 0.6474609375 0.0380859375 0.060546875
0 0.4443359375 0.646484375 0.033203125 0.060546875
0 0.462890625 0.6494140625 0.0283203125 0.0625
0 0.4814453125 0.6455078125 0.0341796875 0.05859375
0 0.505859375 0.6474609375 0.0341796875 0.0625
0 0.5263671875 0.6474609375 0.029296875 0.0576171875
0 0.5478515625 0.64453125 0.0341796875 0.0615234375
0 0.56640625 0.650390625 0.025390625 0.0546875
0 0.5859375 0.6474609375 0.0341796875 0.0673828125
0 0.60546875 0.646484375 0.0283203125 0.060546875
0 0.62890625 0.6494140625 0.0322265625 0.0537109375
0 0.6494140625 0.650390625 0.02734375 0.0615234375
0 0.6689453125 0.65625 0.033203125 0.0634765625
0 0.6923828125 0.6552734375 0.03125 0.0693359375
0 0.7080078125 0.65234375 0.0224609375 0.0634765625
0 0.7265625 0.65625 0.033203125 0.0673828125
0 0.7470703125 0.6552734375 0.0322265625 0.048828125
1 0.0302734375 0.7490234375 0.0595703125 0.1044921875
1 0.095703125 0.7412109375 0.0849609375 0.109375
1 0.16796875 0.7421875 0.08203125 0.111328125
1 0.244140625 0.75 0.0859375 0.1142578125
1 0.318359375 0.7509765625 0.0849609375 0.1220703125
1 0.3916015625 0.751953125 0.0849609375 0.1123046875
1 0.462890625 0.7509765625 0.0830078125 0.1220703125
1 0.5322265625 0.7529296875 0.0859375 0.1044921875
1 0.611328125 0.7509765625 0.087890625 0.1220703125
1 0.6796875 0.75390625 0.0859375 0.1083984375
1 0.7490234375 0.755859375 0.08203125 0.1025390625
1 0.8193359375 0.7578125 0.0830078125 0.1123046875
1 0.8837890625 0.7646484375 0.0771484375 0.095703125
1 0.95703125 0.7646484375 0.0830078125 0.0947265625
0 0.017578125 0.8330078125 0.03515625 0.05859375
0 0.0576171875 0.8359375 0.052734375 0.05859375
0 0.1044921875 0.8359375 0.05078125 0.05859375
0 0.162109375 0.8369140625 0.0537109375 0.060546875
0 0.2099609375 0.8388671875 0.0439453125 0.0498046875
0 0.255859375 0.8359375 0.0400390625 0.05859375
0 0.306640625 0.8359375 0.0478515625 0.052734375
0 0.3603515625 0.8349609375 0.0498046875 0.048828125
0 0.404296875 0.8359375 0.044921875 0.052734375
0 0.453125 0.8388671875 0.0517578125 0.0517578125
0 0.501953125 0.833984375 0.0498046875 0.052734375
0 0.548828125 0.83203125 0.0546875 0.0693359375
0 0.595703125 0.8369140625 0.0478515625 0.060546875
0 0.642578125 0.84375 0.052734375 0.060546875
0 0.6904296875 0.84375 0.052734375 0.0625
0 0.734375 0.837890625 0.044921875 0.0654296875
0 0.78515625 0.845703125 0.056640625 0.0634765625
0 0.833984375 0.845703125 0.05078125 0.0615234375
0 0.8818359375 0.8466796875 0.052734375 0.0654296875
0 0.9267578125 0.84765625 0.05078125 0.0595703125
0 0.97265625 0.849609375 0.052734375 0.0478515625
0 0.021484375 0.931640625 0.0419921875 0.1279296875
0 0.0537109375 0.9296875 0.0615234375 0.1279296875
0 0.0966796875 0.931640625 0.0625 0.119140625
0 0.1396484375 0.9375 0.05859375 0.1181640625
0 0.1796875 0.9375 0.0595703125 0.1220703125
0 0.224609375 0.931640625 0.0595703125 0.115234375
0 0.2607421875 0.931640625 0.0693359375 0.126953125
0 0.3046875 0.931640625 0.0673828125 0.1162109375
0 0.349609375 0.931640625 0.06640625 0.13671875
0 0.390625 0.935546875 0.05859375 0.12890625
0 0.4306640625 0.9404296875 0.0517578125 0.119140625
0 0.46875 0.9326171875 0.0673828125 0.1337890625
0 0.5029296875 0.9306640625 0.0654296875 0.1318359375
0 0.548828125 0.9384765625 0.064453125 0.123046875
0 0.591796875 0.94140625 0.0751953125 0.1171875
0 0.6318359375 0.94140625 0.0634765625 0.1171875
0 0.66796875 0.939453125 0.0517578125 0.1171875
0 0.70703125 0.943359375 0.0693359375 0.11328125
0 0.748046875 0.935546875 0.05078125 0.12890625
0 0.7919921875 0.9404296875 0.05859375 0.119140625
0 0.8291015625 0.9443359375 0.052734375 0.111328125
0 0.8701171875 0.9423828125 0.0546875 0.1142578125
0 0.9052734375 0.94140625 0.0537109375 0.1171875
0 0.9482421875 0.939453125 0.0703125 0.1201171875
0 0.9765625 0.9443359375 0.046875 0.111328125