4 0.4716796875 0.552734375 0.244140625 0.89453125
1 0.04296875 0.0634765625 0.06640625 0.1259765625
1 0.1064453125 0.1103515625 0.072265625 0.2197265625
1 0.1669921875 0.19140625 0.060546875 0.201171875
1 0.2255859375 0.3134765625 0.0791015625 0.2431640625
1 0.2744140625 0.4873046875 0.05859375 0.2080078125
1 0.259765625 0.603515625 0.0556640625 0.12109375
1 0.3173828125 0.8134765625 0.0390625 0.1279296875
1 0.3076171875 0.6943359375 0.0439453125 0.1376953125
1 0.3046875 0.626953125 0.037109375 0.109375
1 0.3154296875 0.578125 0.0380859375 0.1044921875
1 0.35546875 0.5634765625 0.0498046875 0.0966796875
1 0.3642578125 0.6767578125 0.08203125 0.1337890625
1 0.3505859375 0.7587890625 0.060546875 0.1474609375
1 0.361328125 0.8623046875 0.052734375 0.103515625
1 0.2763671875 0.9521484375 0.1474609375 0.095703125
1 0.3740234375 0.9423828125 0.0556640625 0.1142578125
1 0.4892578125 0.8486328125 0.0361328125 0.1318359375
1 0.5146484375 0.9091796875 0.0302734375 0.1025390625
1 0.5439453125 0.935546875 0.0439453125 0.12890625
1 0.5712890625 0.921875 0.0517578125 0.1455078125
1 0.591796875 0.892578125 0.052734375 0.1357421875
1 0.61328125 0.8935546875 0.0400390625 0.1318359375
1 0.6435546875 0.90625 0.0380859375 0.130859375
1 0.669921875 0.9169921875 0.0361328125 0.119140625
1 0.720703125 0.9609375 0.0478515625 0.0771484375
1 0.4091796875 0.017578125 0.033203125 0.03515625
1 0.4345703125 0.0478515625 0.044921875 0.0751953125
1 0.462890625 0.095703125 0.02734375 0.05859375
1 0.486328125 0.1376953125 0.033203125 0.0703125
1 0.513671875 0.1796875 0.0390625 0.076171875
1 0.5380859375 0.2294921875 0.037109375 0.068359375
1 0.5595703125 0.2705078125 0.0263671875 0.0546875
1 0.580078125 0.3046875 0.0361328125 0.06640625
1 0.5986328125 0.34375 0.033203125 0.0625
1 0.6220703125 0.3828125 0.02734375 0.0615234375
1 0.64453125 0.4248046875 0.03125 0.0693359375
1 0.6630859375 0.458984375 0.0263671875 0.05859375
1 0.681640625 0.4912109375 0.0234375 0.056640625
1 0.705078125 0.52734375 0.03125 0.0810546875
1 0.7216796875 0.5625 0.025390625 0.060546875
1 0.7373046875 0.5927734375 0.02734375 0.05078125
1 0.7578125 0.6201171875 0.0322265625 0.056640625
1 0.77734375 0.662109375 0.02734375 0.0546875
1 0.79296875 0.6875 0.0244140625 0.0546875
1 0.8134765625 0.72265625 0.0234375 0.0537109375
1 0.8271484375 0.7529296875 0.0263671875 0.05078125
1 0.841796875 0.775390625 0.021484375 0.0439453125
1 0.8564453125 0.8056640625 0.0244140625 0.052734375
1 0.8740234375 0.833984375 0.0224609375 0.05078125
1 0.88671875 0.8603515625 0.02734375 0.0556640625
1 0.9033203125 0.8876953125 0.025390625 0.0537109375
1 0.91796875 0.9150390625 0.025390625 0.0537109375
1 0.93359375 0.9404296875 0.0224609375 0.0556640625
1 0.9453125 0.9599609375 0.0224609375 0.052734375
1 0.9638671875 0.9814453125 0.021484375 0.037109375
1 0.49609375 0.0966796875 0.0791015625 0.171875
1 0.5654296875 0.2333984375 0.0712890625 0.1474609375
1 0.626953125 0.3408203125 0.0654296875 0.1416015625
1 0.6865234375 0.455078125 0.056640625 0.1220703125
1 0.7421875 0.5478515625 0.0546875 0.146484375
1 0.796875 0.642578125 0.0517578125 0.138671875
1 0.853515625 0.7470703125 0.06640625 0.1552734375
1 0.921875 0.87109375 0.068359375 0.1513671875
1 0.978515625 0.9580078125 0.04296875 0.0830078125