4 0.443359375 0.5048828125 0.8515625 0.62109375
1 0.0166015625 0.935546875 0.033203125 0.1171875
1 0.017578125 0.81640625 0.03515625 0.12109375
1 0.017578125 0.70703125 0.03515625 0.111328125
1 0.0185546875 0.591796875 0.037109375 0.11328125
1 0.01953125 0.4775390625 0.0390625 0.115234375
1 0.0166015625 0.0419921875 0.03125 0.083984375
1 0.0166015625 0.1396484375 0.03125 0.111328125
1 0.0166015625 0.2548828125 0.03125 0.12109375
1 0.0185546875 0.369140625 0.037109375 0.111328125
1 0.5703125 0.9873046875 0.1328125 0.025390625
1 0.6572265625 0.9287109375 0.1640625 0.142578125
1 0.8544921875 0.8330078125 0.2109375 0.283203125
1 0.7353515625 0.875 0.095703125 0.123046875
1 0.6513671875 0.8037109375 0.083984375 0.1015625
1 0.6630859375 0.240234375 0.17578125 0.15234375
1 0.626953125 0.0205078125 0.0625 0.041015625