4 0.50390625 0.486328125 0.62109375 0.8515625
1 0.0078125 0.046875 0.015625 0.05078125
1 0.076171875 0.048828125 0.1171875 0.05859375
1 0.1943359375 0.0478515625 0.12109375 0.0625
1 0.3037109375 0.048828125 0.111328125 0.060546875
1 0.41796875 0.048828125 0.11328125 0.0625
1 0.5322265625 0.048828125 0.115234375 0.06640625
1 0.9619140625 0.044921875 0.07421875 0.060546875
1 0.869140625 0.044921875 0.109375 0.0625
1 0.755859375 0.044921875 0.12109375 0.0625
1 0.640625 0.0498046875 0.109375 0.0625
1 0.0166015625 0.61328125 0.033203125 0.1328125
1 0.0751953125 0.69921875 0.150390625 0.1640625
1 0.1748046875 0.8955078125 0.28125 0.208984375
1 0.1337890625 0.7783203125 0.123046875 0.095703125
1 0.205078125 0.6943359375 0.1015625 0.083984375
1 0.7685546875 0.7060546875 0.15234375 0.17578125
1 0.984375 0.6708984375 0.03125 0.0625