2 0.50390625 0.484375 0.6826171875 0.3369140625
2 0.05078125 0.3017578125 0.1015625 0.220703125
2 0.1181640625 0.1875 0.1669921875 0.2119140625
2 0.060546875 0.08984375 0.12109375 0.1796875
2 0.1337890625 0.033203125 0.115234375 0.06640625
2 0.21875 0.08984375 0.169921875 0.1787109375
2 0.314453125 0.0361328125 0.12109375 0.072265625
2 0.685546875 0.04296875 0.1123046875 0.0859375
2 0.7705078125 0.0869140625 0.171875 0.173828125
2 0.861328125 0.041015625 0.150390625 0.0810546875
2 0.87109375 0.1796875 0.16015625 0.2021484375
2 0.935546875 0.0966796875 0.12890625 0.193359375
2 0.9365234375 0.3212890625 0.126953125 0.2412109375
1 0.4951171875 0.1044921875 0.166015625 0.208984375
1 0.662109375 0.1376953125 0.1748046875 0.275390625
1 0.3447265625 0.1328125 0.166015625 0.265625
1 0.19140625 0.306640625 0.1552734375 0.2724609375
1 0.0849609375 0.4716796875 0.169921875 0.306640625
1 0.8134765625 0.3291015625 0.15234375 0.2802734375
1 0.916015625 0.50390625 0.1669921875 0.265625