1 0.1630859375 0.65625 0.1044921875 0.1240234375
1 0.2666015625 0.619140625 0.095703125 0.1123046875
1 0.37890625 0.5986328125 0.083984375 0.1025390625
1 0.470703125 0.5712890625 0.083984375 0.1015625
1 0.55078125 0.544921875 0.078125 0.1083984375
1 0.634765625 0.525390625 0.087890625 0.0927734375
1 0.70703125 0.494140625 0.0654296875 0.087890625
1 0.7724609375 0.474609375 0.060546875 0.0693359375
1 0.83203125 0.466796875 0.046875 0.080078125
1 0.8876953125 0.4501953125 0.0576171875 0.083984375
1 0.9423828125 0.4306640625 0.0673828125 0.078125