0 0.9033203125 0.0419921875 0.146484375 0.083984375
0 0.90625 0.1201171875 0.15625 0.09375
0 0.8984375 0.2041015625 0.15625 0.083984375
0 0.8876953125 0.2861328125 0.19921875 0.09375
0 0.8837890625 0.380859375 0.19140625 0.09375
0 0.8720703125 0.478515625 0.17578125 0.107421875
0 0.859375 0.568359375 0.1953125 0.095703125
0 0.8310546875 0.671875 0.1796875 0.099609375
0 0.8447265625 0.787109375 0.185546875 0.09375
0 0.833984375 0.9013671875 0.20703125 0.1015625
1 0.423828125 0.455078125 0.52734375 0.31640625
1 0.369140625 0.796875 0.591796875 0.40625