4 0.314453125 0.0966796875 0.1318359375 0.142578125
4 0.2880859375 0.1865234375 0.05859375 0.068359375
4 0.38671875 0.212890625 0.0595703125 0.0634765625
4 0.2568359375 0.2822265625 0.0771484375 0.07421875
4 0.3232421875 0.2880859375 0.0654296875 0.0654296875
4 0.390625 0.30859375 0.064453125 0.0830078125
4 0.455078125 0.322265625 0.0615234375 0.076171875
4 0.6142578125 0.8525390625 0.3759765625 0.294921875
1 0.017578125 0.4658203125 0.025390625 0.091796875
1 0.0927734375 0.470703125 0.0947265625 0.0859375
1 0.19140625 0.478515625 0.10546875 0.0859375
1 0.29296875 0.4931640625 0.0908203125 0.0888671875
1 0.3818359375 0.5029296875 0.0966796875 0.080078125
1 0.482421875 0.5107421875 0.0947265625 0.0703125
1 0.5712890625 0.517578125 0.0966796875 0.083984375
1 0.6591796875 0.53125 0.09765625 0.095703125
1 0.7490234375 0.53125 0.091796875 0.095703125
1 0.83984375 0.541015625 0.078125 0.0849609375
1 0.927734375 0.5517578125 0.09375 0.0830078125
0 0.0341796875 0.54296875 0.046875 0.0478515625
0 0.0810546875 0.5478515625 0.0517578125 0.0498046875
0 0.134765625 0.5517578125 0.0517578125 0.052734375
0 0.1845703125 0.556640625 0.0458984375 0.05078125
0 0.234375 0.5615234375 0.046875 0.0498046875
0 0.2822265625 0.5712890625 0.0498046875 0.0546875
0 0.3330078125 0.5751953125 0.0458984375 0.05078125
0 0.384765625 0.580078125 0.0439453125 0.048828125
0 0.431640625 0.580078125 0.0419921875 0.0478515625
0 0.4755859375 0.580078125 0.0458984375 0.052734375
0 0.5234375 0.599609375 0.0546875 0.048828125
0 0.578125 0.6015625 0.044921875 0.0498046875
0 0.626953125 0.6015625 0.048828125 0.056640625
0 0.6728515625 0.6123046875 0.046875 0.0595703125
0 0.7158203125 0.6123046875 0.0458984375 0.0673828125
0 0.763671875 0.62109375 0.0458984375 0.0625
0 0.8115234375 0.62890625 0.056640625 0.0556640625
0 0.8759765625 0.6298828125 0.056640625 0.0517578125
0 0.9208984375 0.6328125 0.0439453125 0.0576171875
0 0.9677734375 0.640625 0.0478515625 0.0546875
1 0.0546875 0.654296875 0.1083984375 0.158203125
1 0.15625 0.6591796875 0.115234375 0.15234375
1 0.265625 0.6728515625 0.1171875 0.1455078125
1 0.3701171875 0.6806640625 0.1005859375 0.142578125
1 0.46484375 0.6796875 0.0966796875 0.1376953125
1 0.5625 0.6923828125 0.0986328125 0.134765625
1 0.66796875 0.7177734375 0.091796875 0.12890625
1 0.7587890625 0.7177734375 0.087890625 0.1171875
1 0.8427734375 0.7275390625 0.078125 0.1298828125
1 0.921875 0.7275390625 0.07421875 0.140625
1 0.9814453125 0.7333984375 0.037109375 0.1181640625