1 0.7451171875 0.2724609375 0.47265625 0.3515625
1 0.2646484375 0.2734375 0.4609375 0.3515625
1 0.7041015625 0.7509765625 0.40625 0.265625
1 0.3134765625 0.7509765625 0.3828125 0.263671875
1 0.8017578125 0.49609375 0.234375 0.06640625
1 0.7744140625 0.5771484375 0.203125 0.0625
0 0.912109375 0.53515625 0.140625 0.1328125
1 0.6591796875 0.537109375 0.185546875 0.13671875
0 0.5244140625 0.53515625 0.228515625 0.125
1 0.3681640625 0.5341796875 0.14453125 0.125
1 0.23046875 0.48828125 0.27734375 0.046875
1 0.24609375 0.5810546875 0.203125 0.05859375
1 0.1123046875 0.5341796875 0.19140625 0.13671875