3 0.73828125 0.1962890625 0.099609375 0.21875
3 0.224609375 0.19140625 0.115234375 0.228515625
4 0.478515625 0.779296875 0.1328125 0.361328125
3 0.6044921875 0.59375 0.0703125 0.19921875
3 0.357421875 0.5810546875 0.076171875 0.19140625
1 0.2197265625 0.9716796875 0.02734375 0.0390625
1 0.248046875 0.9736328125 0.02734375 0.03515625
1 0.2724609375 0.9765625 0.029296875 0.04296875
1 0.326171875 0.98046875 0.01953125 0.02734375
1 0.3427734375 0.98046875 0.017578125 0.025390625
1 0.359375 0.9814453125 0.013671875 0.025390625
1 0.349609375 0.798828125 0.03125 0.0390625
1 0.3486328125 0.8447265625 0.03125 0.0546875
1 0.34765625 0.8955078125 0.03125 0.048828125
1 0.3642578125 0.728515625 0.015625 0.02734375
1 0.3466796875 0.7265625 0.021484375 0.029296875
1 0.328125 0.7255859375 0.015625 0.029296875
0 0.32421875 0.6962890625 0.013671875 0.015625
0 0.3388671875 0.6962890625 0.01171875 0.01953125
0 0.353515625 0.697265625 0.01171875 0.017578125
0 0.3662109375 0.697265625 0.01171875 0.017578125
0 0.560546875 0.9931640625 0.021484375 0.01171875
0 0.4990234375 0.9921875 0.021484375 0.015625
0 0.4375 0.9912109375 0.01953125 0.017578125
0 0.3779296875 0.9912109375 0.01953125 0.017578125
1 0.3984375 0.990234375 0.01953125 0.01953125
1 0.4189453125 0.9912109375 0.01953125 0.017578125
1 0.45703125 0.9921875 0.01953125 0.015625
1 0.4794921875 0.9921875 0.021484375 0.015625
1 0.5205078125 0.9921875 0.021484375 0.015625
1 0.541015625 0.9931640625 0.01953125 0.01171875
1 0.5791015625 0.9921875 0.015625 0.015625
1 0.595703125 0.986328125 0.015625 0.0234375
1 0.6123046875 0.986328125 0.015625 0.0234375
1 0.6298828125 0.9873046875 0.015625 0.0234375
1 0.6083984375 0.91015625 0.03125 0.0625
1 0.609375 0.8515625 0.033203125 0.05859375
1 0.6103515625 0.8076171875 0.03125 0.033203125
1 0.7314453125 0.982421875 0.02734375 0.03515625
1 0.70703125 0.98046875 0.02734375 0.037109375
1 0.6796875 0.98046875 0.02734375 0.0390625
1 0.703125 0.8974609375 0.0625 0.041015625
1 0.701171875 0.8427734375 0.04296875 0.068359375
1 0.7001953125 0.775390625 0.0625 0.0703125
1 0.7021484375 0.69921875 0.0625 0.08203125
1 0.701171875 0.6328125 0.0625 0.08203125
1 0.701171875 0.55859375 0.0625 0.078125
1 0.7041015625 0.486328125 0.0625 0.08984375
1 0.6318359375 0.7353515625 0.015625 0.0234375
1 0.6142578125 0.7353515625 0.01953125 0.02734375
1 0.5947265625 0.73828125 0.01953125 0.03125
0 0.5966796875 0.7041015625 0.01171875 0.01953125
0 0.6103515625 0.7041015625 0.01171875 0.015625
0 0.625 0.7060546875 0.01171875 0.015625
0 0.638671875 0.705078125 0.01171875 0.017578125
1 0.568359375 0.5712890625 0.01953125 0.0546875
1 0.611328125 0.5263671875 0.01953125 0.0390625
1 0.6005859375 0.5322265625 0.01171875 0.03125
1 0.5908203125 0.5458984375 0.01171875 0.0390625
1 0.5859375 0.560546875 0.01171875 0.01953125
1 0.5576171875 0.5458984375 0.0234375 0.060546875
1 0.54296875 0.5205078125 0.021484375 0.0546875
1 0.52734375 0.5048828125 0.0234375 0.05078125
1 0.5107421875 0.482421875 0.021484375 0.06640625
1 0.4873046875 0.470703125 0.03515625 0.0703125
1 0.4619140625 0.4833984375 0.01953125 0.06640625
1 0.4443359375 0.5009765625 0.01953125 0.05859375
1 0.4287109375 0.51953125 0.017578125 0.0625
1 0.4130859375 0.537109375 0.0234375 0.06640625
1 0.4013671875 0.560546875 0.01953125 0.064453125
1 0.3916015625 0.59765625 0.015625 0.0390625
1 0.3837890625 0.5517578125 0.01171875 0.0234375
1 0.3798828125 0.5380859375 0.01171875 0.02734375
1 0.37109375 0.52734375 0.01171875 0.03125
1 0.2646484375 0.470703125 0.06640625 0.099609375
1 0.265625 0.548828125 0.05859375 0.076171875
1 0.263671875 0.62109375 0.06640625 0.07421875
1 0.26171875 0.6875 0.064453125 0.07421875
1 0.2607421875 0.759765625 0.0625 0.07421875
1 0.259765625 0.83203125 0.064453125 0.07421875
1 0.2568359375 0.8857421875 0.064453125 0.046875
1 0.2431640625 0.38671875 0.03125 0.046875
1 0.275390625 0.38671875 0.02734375 0.044921875
1 0.330078125 0.39453125 0.03125 0.046875
1 0.3623046875 0.39453125 0.03125 0.048828125
1 0.3955078125 0.3935546875 0.029296875 0.046875
1 0.427734375 0.3955078125 0.029296875 0.04296875
1 0.4599609375 0.396484375 0.03125 0.05078125
1 0.4921875 0.396484375 0.03125 0.05078125
1 0.521484375 0.396484375 0.03515625 0.052734375
1 0.7392578125 0.3955078125 0.03515625 0.05078125
1 0.7080078125 0.3955078125 0.03125 0.046875
1 0.677734375 0.392578125 0.02734375 0.04296875
1 0.6513671875 0.3955078125 0.02734375 0.0546875
1 0.6201171875 0.396484375 0.03515625 0.046875
1 0.5869140625 0.396484375 0.03515625 0.048828125
1 0.5576171875 0.396484375 0.029296875 0.05078125
1 0.751953125 0.3349609375 0.01953125 0.0390625
1 0.716796875 0.3359375 0.021484375 0.02734375
1 0.6943359375 0.3359375 0.0234375 0.029296875
1 0.65625 0.337890625 0.0234375 0.03125
1 0.6171875 0.337890625 0.01953125 0.02734375
1 0.5947265625 0.33984375 0.021484375 0.03515625
1 0.5576171875 0.33984375 0.01953125 0.03125
1 0.5361328125 0.337890625 0.0234375 0.03125
1 0.49609375 0.3369140625 0.0234375 0.03125
1 0.4736328125 0.3349609375 0.01953125 0.03125
1 0.4375 0.3349609375 0.01953125 0.033203125
1 0.416015625 0.3349609375 0.0234375 0.033203125
1 0.376953125 0.3369140625 0.01953125 0.029296875
1 0.35546875 0.333984375 0.0234375 0.033203125
1 0.3193359375 0.3359375 0.01953125 0.02734375
1 0.2890625 0.3291015625 0.02734375 0.03125
1 0.263671875 0.328125 0.021484375 0.03125
1 0.224609375 0.3271484375 0.025390625 0.03125
0 0.244140625 0.3271484375 0.0234375 0.029296875
0 0.3369140625 0.3349609375 0.01953125 0.03125
0 0.3955078125 0.3349609375 0.01953125 0.03515625
0 0.4560546875 0.3369140625 0.01953125 0.029296875
0 0.5126953125 0.3369140625 0.01953125 0.029296875
0 0.5751953125 0.337890625 0.021484375 0.03125
0 0.6357421875 0.337890625 0.0234375 0.03125
0 0.6748046875 0.333984375 0.021484375 0.03125
0 0.7353515625 0.3359375 0.0234375 0.033203125
1 0.7001953125 0.27734375 0.03515625 0.056640625
1 0.6689453125 0.2822265625 0.03125 0.05078125
1 0.65234375 0.2607421875 0.03125 0.06640625
1 0.6337890625 0.2265625 0.0390625 0.078125
1 0.6220703125 0.18359375 0.041015625 0.08203125
1 0.6142578125 0.1357421875 0.04296875 0.09375
1 0.611328125 0.0810546875 0.044921875 0.08203125
1 0.6142578125 0.0390625 0.048828125 0.078125
1 0.3564453125 0.0263671875 0.05078125 0.052734375
1 0.3623046875 0.0654296875 0.048828125 0.07421875
1 0.3603515625 0.11328125 0.05078125 0.07421875
1 0.35546875 0.1689453125 0.046875 0.08984375
1 0.3486328125 0.2099609375 0.0390625 0.08203125
1 0.3310546875 0.2412109375 0.02734375 0.078125
1 0.3115234375 0.263671875 0.0234375 0.0703125
1 0.2822265625 0.26953125 0.02734375 0.0546875