0 0.1005859375 0.625 0.04296875 0.052734375
0 0.296875 0.6201171875 0.0361328125 0.0537109375
0 0.4931640625 0.6123046875 0.0419921875 0.0576171875
0 0.689453125 0.60546875 0.0458984375 0.0498046875
0 0.8916015625 0.599609375 0.044921875 0.05859375
1 0.044921875 0.701171875 0.0556640625 0.0673828125
1 0.09765625 0.705078125 0.0419921875 0.06640625
1 0.1416015625 0.703125 0.0439453125 0.0634765625
1 0.1943359375 0.701171875 0.0458984375 0.0673828125
1 0.2431640625 0.69921875 0.0458984375 0.0703125
1 0.29296875 0.701171875 0.0546875 0.0732421875
1 0.341796875 0.69921875 0.046875 0.068359375
1 0.3896484375 0.6953125 0.044921875 0.072265625
1 0.982421875 0.673828125 0.03515625 0.068359375
1 0.939453125 0.673828125 0.048828125 0.06640625
1 0.8935546875 0.677734375 0.04296875 0.0673828125
1 0.8408203125 0.6787109375 0.052734375 0.0732421875
1 0.7880859375 0.6806640625 0.0537109375 0.072265625
1 0.7373046875 0.6884765625 0.0458984375 0.0751953125
1 0.6884765625 0.6884765625 0.044921875 0.07421875
1 0.638671875 0.6923828125 0.0498046875 0.0712890625
1 0.5888671875 0.689453125 0.0478515625 0.0810546875
1 0.5380859375 0.689453125 0.0478515625 0.0703125
1 0.4892578125 0.69140625 0.0458984375 0.0751953125
1 0.4423828125 0.6923828125 0.0478515625 0.0771484375
0 0.787109375 0.6015625 0.046875 0.0556640625
0 0.9833984375 0.59375 0.033203125 0.05078125
0 0.58984375 0.6083984375 0.052734375 0.056640625
0 0.392578125 0.6123046875 0.05859375 0.05078125
0 0.1982421875 0.6240234375 0.052734375 0.044921875
0 0.0146484375 0.630859375 0.029296875 0.05078125
1 0.0537109375 0.6259765625 0.0498046875 0.0556640625
1 0.14453125 0.6220703125 0.0498046875 0.0576171875
1 0.2509765625 0.623046875 0.0537109375 0.048828125
1 0.3388671875 0.61328125 0.048828125 0.0517578125
1 0.4443359375 0.6123046875 0.048828125 0.05859375
1 0.541015625 0.607421875 0.05078125 0.052734375
1 0.642578125 0.6083984375 0.048828125 0.052734375
1 0.73828125 0.603515625 0.0498046875 0.0517578125
1 0.939453125 0.5986328125 0.052734375 0.056640625
1 0.8408203125 0.6005859375 0.0556640625 0.056640625
1 0.875 0.400390625 0.1064453125 0.1416015625
1 0.759765625 0.4033203125 0.0869140625 0.1484375
1 0.65234375 0.4091796875 0.08203125 0.140625
1 0.5302734375 0.400390625 0.076171875 0.125
1 0.4033203125 0.4169921875 0.0810546875 0.1376953125
1 0.2880859375 0.41015625 0.078125 0.1279296875
1 0.0439453125 0.4296875 0.087890625 0.140625
1 0.166015625 0.4248046875 0.087890625 0.1357421875
1 0.0556640625 0.5439453125 0.0927734375 0.0791015625
1 0.1533203125 0.541015625 0.1025390625 0.0810546875
1 0.2509765625 0.5341796875 0.091796875 0.083984375
1 0.3447265625 0.53515625 0.0888671875 0.07421875
1 0.4384765625 0.52734375 0.095703125 0.0810546875
1 0.537109375 0.525390625 0.091796875 0.0751953125
1 0.63671875 0.525390625 0.1083984375 0.0712890625
1 0.740234375 0.5234375 0.08984375 0.0703125
1 0.833984375 0.517578125 0.0986328125 0.078125
1 0.9462890625 0.5107421875 0.107421875 0.080078125