0 0.0419921875 0.0927734375 0.0830078125 0.1455078125
0 0.140625 0.0986328125 0.109375 0.150390625
0 0.259765625 0.08984375 0.0966796875 0.1435546875
0 0.3779296875 0.08984375 0.1015625 0.1396484375
0 0.4873046875 0.0810546875 0.0927734375 0.1328125
0 0.59375 0.080078125 0.0888671875 0.1396484375
0 0.705078125 0.0771484375 0.0849609375 0.130859375
0 0.8125 0.0751953125 0.0849609375 0.1298828125
0 0.9228515625 0.0693359375 0.1005859375 0.1328125
1 0.2353515625 0.498046875 0.466796875 0.498046875
1 0.732421875 0.48828125 0.53515625 0.48828125