3 0.666015625 0.525390625 0.66796875 0.34765625
1 0.0986328125 0.5390625 0.197265625 0.07421875
1 0.1904296875 0.47265625 0.18359375 0.07421875
1 0.2841796875 0.41796875 0.13671875 0.0546875
1 0.3974609375 0.3681640625 0.171875 0.0703125
1 0.56640625 0.3388671875 0.1953125 0.056640625
1 0.7626953125 0.328125 0.19140625 0.048828125
1 0.9248046875 0.349609375 0.150390625 0.07421875
1 0.265625 0.59765625 0.15625 0.037109375
1 0.5966796875 0.671875 0.1328125 0.04296875
1 0.7685546875 0.6845703125 0.158203125 0.04296875
1 0.92578125 0.67578125 0.1484375 0.048828125