0 0.056640625 0.3359375 0.11328125 0.1826171875
0 0.220703125 0.3203125 0.1162109375 0.1787109375
0 0.388671875 0.3173828125 0.1240234375 0.1845703125
0 0.5576171875 0.3154296875 0.1240234375 0.18359375
0 0.716796875 0.2958984375 0.1240234375 0.1845703125
0 0.896484375 0.2802734375 0.126953125 0.173828125
0 0.9619140625 0.40234375 0.0751953125 0.16796875
0 0.8837890625 0.5439453125 0.119140625 0.1640625
0 0.9619140625 0.6748046875 0.0751953125 0.1640625
0 0.7900390625 0.685546875 0.10546875 0.173828125
0 0.61328125 0.6953125 0.1103515625 0.1748046875
0 0.4423828125 0.7060546875 0.1025390625 0.17578125
0 0.2685546875 0.7158203125 0.11328125 0.1845703125
0 0.0830078125 0.7314453125 0.0966796875 0.189453125
0 0.0322265625 0.5947265625 0.064453125 0.181640625
0 0.193359375 0.5869140625 0.1181640625 0.171875
0 0.361328125 0.5830078125 0.12109375 0.171875
0 0.5390625 0.5654296875 0.1337890625 0.18359375
0 0.7080078125 0.5498046875 0.1220703125 0.1728515625
0 0.8017578125 0.419921875 0.1220703125 0.17578125
0 0.62890625 0.4248046875 0.126953125 0.18359375
0 0.4560546875 0.44140625 0.1220703125 0.1982421875
0 0.2880859375 0.447265625 0.1318359375 0.21484375
0 0.12890625 0.4560546875 0.1328125 0.1884765625
0 0.146484375 0.2451171875 0.1337890625 0.107421875
0 0.3173828125 0.2333984375 0.1396484375 0.111328125
0 0.4833984375 0.2265625 0.1474609375 0.1044921875
0 0.646484375 0.220703125 0.150390625 0.1201171875
0 0.818359375 0.2060546875 0.1416015625 0.1328125
0 0.9560546875 0.2021484375 0.0869140625 0.1142578125
0 0.162109375 0.796875 0.1044921875 0.0849609375
0 0.3447265625 0.787109375 0.11328125 0.09765625
0 0.517578125 0.7646484375 0.1083984375 0.091796875
0 0.7001953125 0.7529296875 0.107421875 0.0908203125
0 0.8828125 0.7490234375 0.10546875 0.0947265625