2 0.939453125 0.755859375 0.12109375 0.078125
2 0.861328125 0.77734375 0.140625 0.09765625
2 0.7685546875 0.8046875 0.140625 0.080078125
2 0.6669921875 0.833984375 0.138671875 0.099609375
2 0.5771484375 0.849609375 0.140625 0.091796875
2 0.470703125 0.8857421875 0.15234375 0.083984375
2 0.380859375 0.9130859375 0.158203125 0.08203125
2 0.2724609375 0.94140625 0.150390625 0.09375
2 0.1826171875 0.96484375 0.146484375 0.0703125
1 0.029296875 0.904296875 0.05859375 0.0625
1 0.0966796875 0.8818359375 0.09765625 0.08203125
1 0.2109375 0.8525390625 0.119140625 0.0859375
1 0.314453125 0.8154296875 0.10546875 0.087890625
1 0.408203125 0.791015625 0.103515625 0.078125
1 0.501953125 0.7626953125 0.0859375 0.064453125
1 0.5966796875 0.7353515625 0.103515625 0.078125
1 0.6953125 0.7099609375 0.1015625 0.08984375
1 0.79296875 0.6826171875 0.099609375 0.078125
1 0.89453125 0.654296875 0.0859375 0.083984375
1 0.9677734375 0.6396484375 0.0625 0.068359375
1 0.9326171875 0.3623046875 0.134765625 0.12890625
1 0.84765625 0.392578125 0.1640625 0.111328125
1 0.736328125 0.42578125 0.177734375 0.109375
1 0.6298828125 0.453125 0.1640625 0.099609375
1 0.5146484375 0.48046875 0.185546875 0.10546875
1 0.4033203125 0.5146484375 0.1953125 0.109375
1 0.234375 0.564453125 0.11328125 0.14453125
1 0.1240234375 0.5927734375 0.09375 0.14453125
1 0.029296875 0.6201171875 0.05859375 0.115234375
1 0.2373046875 0.328125 0.47265625 0.30859375
1 0.2333984375 0.087890625 0.46484375 0.17578125
1 0.6630859375 0.2646484375 0.37890625 0.1796875
1 0.6591796875 0.0859375 0.380859375 0.171875
1 0.9208984375 0.1767578125 0.15625 0.1171875