4 0.4716796875 0.5302734375 0.484375 0.390625
1 0.83203125 0.4423828125 0.1484375 0.1640625
1 0.771484375 0.318359375 0.140625 0.109375
1 0.705078125 0.2255859375 0.12109375 0.13671875
1 0.63671875 0.150390625 0.130859375 0.125
1 0.5595703125 0.083984375 0.107421875 0.109375
1 0.453125 0.0595703125 0.1328125 0.1171875
1 0.2490234375 0.2333984375 0.16015625 0.2265625
1 0.134765625 0.5068359375 0.19140625 0.2890625
1 0.8271484375 0.6318359375 0.154296875 0.12890625
1 0.7705078125 0.73828125 0.130859375 0.09765625
1 0.70703125 0.8173828125 0.15625 0.12890625
1 0.619140625 0.8896484375 0.12890625 0.10546875
1 0.546875 0.939453125 0.091796875 0.12109375
1 0.4287109375 0.9345703125 0.162109375 0.130859375
1 0.2294921875 0.7900390625 0.146484375 0.244140625