3 0.533203125 0.4599609375 0.865234375 0.60546875
2 0.3076171875 0.970703125 0.150390625 0.05859375
2 0.42578125 0.9384765625 0.16015625 0.123046875
2 0.501953125 0.88671875 0.169921875 0.2109375
2 0.62109375 0.8857421875 0.18359375 0.228515625
2 0.740234375 0.861328125 0.130859375 0.17578125
2 0.8291015625 0.8388671875 0.1015625 0.14453125
2 0.796875 0.990234375 0.0625 0.01953125
2 0.85546875 0.98046875 0.078125 0.0390625
2 0.912109375 0.9521484375 0.06640625 0.0625
3 0.9365234375 0.8251953125 0.126953125 0.22265625