3 0.220703125 0.1103515625 0.083984375 0.220703125
3 0.2705078125 0.078125 0.09375 0.15625
3 0.3623046875 0.0595703125 0.107421875 0.119140625
3 0.537109375 0.0693359375 0.1015625 0.138671875
3 0.6474609375 0.0673828125 0.09375 0.134765625
3 0.7119140625 0.078125 0.158203125 0.15625
0 0.2890625 0.2900390625 0.015625 0.05078125
0 0.30078125 0.2783203125 0.013671875 0.0390625
0 0.306640625 0.267578125 0.0078125 0.041015625
0 0.31640625 0.26171875 0.015625 0.044921875
0 0.3251953125 0.25390625 0.01171875 0.04296875
0 0.333984375 0.244140625 0.01171875 0.0390625
0 0.345703125 0.23828125 0.015625 0.04296875
0 0.37109375 0.2294921875 0.01953125 0.044921875
0 0.392578125 0.2265625 0.015625 0.048828125
0 0.41796875 0.2265625 0.0234375 0.041015625
0 0.4462890625 0.224609375 0.025390625 0.04296875
0 0.470703125 0.2236328125 0.0234375 0.04296875
0 0.4951171875 0.2275390625 0.0234375 0.048828125
0 0.517578125 0.234375 0.0234375 0.044921875
0 0.5439453125 0.2353515625 0.029296875 0.04296875
0 0.56640625 0.240234375 0.025390625 0.044921875
0 0.5888671875 0.244140625 0.0234375 0.04296875
0 0.61328125 0.25 0.021484375 0.04296875
0 0.630859375 0.2509765625 0.021484375 0.041015625
0 0.6533203125 0.2548828125 0.02734375 0.04296875
1 0.3896484375 0.283203125 0.04296875 0.05859375
1 0.466796875 0.287109375 0.04296875 0.0546875
1 0.505859375 0.29296875 0.0390625 0.05859375
1 0.5498046875 0.298828125 0.033203125 0.060546875
1 0.587890625 0.2998046875 0.03125 0.048828125
1 0.626953125 0.30859375 0.029296875 0.0546875
4 0.52734375 0.533203125 0.1484375 0.421875
0 0.431640625 0.3515625 0.046875 0.05078125
0 0.4306640625 0.4267578125 0.05078125 0.07421875
0 0.4619140625 0.4775390625 0.041015625 0.06640625
0 0.435546875 0.5234375 0.046875 0.06640625
0 0.431640625 0.611328125 0.044921875 0.08984375
0 0.4296875 0.69921875 0.048828125 0.07421875
0 0.6123046875 0.6279296875 0.05078125 0.07421875
0 0.611328125 0.7099609375 0.05859375 0.0625
0 0.6103515625 0.52734375 0.04296875 0.0859375
0 0.609375 0.4375 0.03515625 0.07421875
0 0.607421875 0.3662109375 0.046875 0.046875
1 0.40625 0.794921875 0.03515625 0.091796875
1 0.435546875 0.7919921875 0.0390625 0.08203125
1 0.48046875 0.791015625 0.0390625 0.087890625
1 0.5224609375 0.796875 0.041015625 0.09375
1 0.5537109375 0.7890625 0.03515625 0.0859375
1 0.5888671875 0.7890625 0.04296875 0.087890625
1 0.6318359375 0.7958984375 0.046875 0.08203125
0 0.4248046875 0.8603515625 0.02734375 0.02734375
0 0.4443359375 0.865234375 0.01953125 0.03515625
0 0.46875 0.8603515625 0.01953125 0.04296875
0 0.494140625 0.8623046875 0.02734375 0.0390625
0 0.51953125 0.86328125 0.02734375 0.0390625
0 0.5458984375 0.8642578125 0.01953125 0.041015625
0 0.57421875 0.8642578125 0.0234375 0.0390625
0 0.5986328125 0.86328125 0.02734375 0.03515625
0 0.625 0.861328125 0.01953125 0.037109375
0 0.6435546875 0.865234375 0.015625 0.03515625
0 0.6650390625 0.8681640625 0.0234375 0.03515625
0 0.0654296875 0.9580078125 0.01953125 0.03515625
0 0.0888671875 0.95703125 0.01953125 0.0390625
0 0.1123046875 0.9541015625 0.01953125 0.0390625
0 0.1337890625 0.9404296875 0.017578125 0.03125
0 0.150390625 0.94140625 0.013671875 0.04296875
0 0.1650390625 0.9365234375 0.015625 0.0390625
0 0.1796875 0.935546875 0.01171875 0.037109375
0 0.1875 0.9296875 0.015625 0.04296875
0 0.2080078125 0.9296875 0.01953125 0.0390625
0 0.2275390625 0.9267578125 0.0234375 0.041015625
0 0.255859375 0.923828125 0.02734375 0.0390625
0 0.2890625 0.9248046875 0.025390625 0.0390625
0 0.3212890625 0.9248046875 0.029296875 0.03515625
0 0.3525390625 0.92578125 0.015625 0.0390625
0 0.369140625 0.921875 0.015625 0.04296875
0 0.3837890625 0.921875 0.017578125 0.04296875
0 0.400390625 0.92578125 0.0234375 0.046875
0 0.4228515625 0.9326171875 0.025390625 0.041015625
0 0.4560546875 0.9248046875 0.0234375 0.0390625
0 0.4873046875 0.9306640625 0.0234375 0.04296875
0 0.5166015625 0.931640625 0.02734375 0.04296875
0 0.5458984375 0.927734375 0.02734375 0.037109375
0 0.5771484375 0.9296875 0.02734375 0.04296875
0 0.6064453125 0.9287109375 0.0234375 0.0390625
0 0.6328125 0.9287109375 0.0234375 0.037109375
0 0.6513671875 0.927734375 0.017578125 0.041015625
0 0.671875 0.927734375 0.015625 0.04296875
0 0.6875 0.9296875 0.01953125 0.04296875
0 0.705078125 0.927734375 0.01953125 0.046875
0 0.72265625 0.9287109375 0.01171875 0.04296875
0 0.7392578125 0.93359375 0.015625 0.046875
0 0.7646484375 0.93359375 0.01953125 0.037109375
0 0.7939453125 0.9326171875 0.01953125 0.0390625
0 0.822265625 0.93359375 0.021484375 0.04296875
0 0.853515625 0.9296875 0.021484375 0.044921875
0 0.8857421875 0.931640625 0.01953125 0.04296875
0 0.9033203125 0.9306640625 0.017578125 0.044921875
0 0.921875 0.9326171875 0.017578125 0.0390625
4 0.1552734375 0.697265625 0.1953125 0.453125
4 0.298828125 0.595703125 0.20703125 0.578125
4 0.81640625 0.6435546875 0.255859375 0.53515625