1 0.734375 0.7666015625 0.302734375 0.26171875
1 0.4384765625 0.77734375 0.2861328125 0.2734375
1 0.130859375 0.783203125 0.23828125 0.240234375
1 0.4384765625 0.4541015625 0.318359375 0.2470703125
1 0.740234375 0.4482421875 0.291015625 0.2548828125
1 0.1259765625 0.431640625 0.2509765625 0.2421875
1 0.7822265625 0.1181640625 0.16796875 0.23046875
1 0.6416015625 0.1201171875 0.11328125 0.23828125
1 0.5048828125 0.125 0.1591796875 0.2451171875
1 0.359375 0.1279296875 0.1328125 0.255859375
1 0.2763671875 0.134765625 0.1103515625 0.2421875
1 0.185546875 0.119140625 0.091796875 0.228515625
1 0.09765625 0.0986328125 0.09765625 0.197265625
1 0.0283203125 0.1025390625 0.0556640625 0.205078125