3 0.8603515625 0.52734375 0.044921875 0.06640625
3 0.6826171875 0.478515625 0.03515625 0.0546875
3 0.3837890625 0.48046875 0.046875 0.0546875
3 0.1923828125 0.537109375 0.052734375 0.0625
3 0.3798828125 0.7041015625 0.044921875 0.04296875
3 0.2568359375 0.7099609375 0.05859375 0.02734375
3 0.193359375 0.75390625 0.044921875 0.048828125
3 0.0615234375 0.6904296875 0.06640625 0.0546875
3 0.12109375 0.888671875 0.19921875 0.1171875
3 0.1103515625 0.83984375 0.0234375 0.05078125
3 0.6142578125 0.724609375 0.06640625 0.07421875
3 0.5390625 0.7236328125 0.03515625 0.080078125
3 0.48046875 0.724609375 0.083984375 0.07421875
3 0.685546875 0.703125 0.041015625 0.0390625
3 0.80859375 0.7001953125 0.060546875 0.03515625
3 0.921875 0.875 0.15625 0.11328125
3 0.9091796875 0.8369140625 0.0859375 0.072265625
4 0.0615234375 0.833984375 0.04296875 0.041015625
4 0.1162109375 0.8349609375 0.044921875 0.04296875
4 0.033203125 0.978515625 0.03125 0.04296875
4 0.267578125 0.791015625 0.05078125 0.09375
4 0.326171875 0.7890625 0.111328125 0.099609375
4 0.5390625 0.82421875 0.0703125 0.072265625
4 0.4765625 0.8271484375 0.03515625 0.068359375
4 0.61328125 0.82421875 0.0390625 0.064453125
4 0.74609375 0.7802734375 0.10546875 0.09375
4 0.796875 0.78125 0.05859375 0.091796875
4 0.8603515625 0.7373046875 0.056640625 0.06640625
4 0.1962890625 0.7392578125 0.046875 0.064453125
4 0.990234375 0.8232421875 0.01953125 0.041015625
4 0.95703125 0.8232421875 0.046875 0.04296875
4 0.9052734375 0.8232421875 0.05859375 0.04296875