0 0.8251953125 0.0556640625 0.173828125 0.111328125
0 0.6279296875 0.05078125 0.1953125 0.1015625
0 0.814453125 0.1708984375 0.171875 0.125
0 0.62890625 0.1650390625 0.173828125 0.126953125
0 0.8173828125 0.3076171875 0.193359375 0.13671875
0 0.6318359375 0.296875 0.212890625 0.15234375
0 0.8291015625 0.4296875 0.1796875 0.134765625
0 0.6337890625 0.4326171875 0.1796875 0.142578125
0 0.8232421875 0.583984375 0.197265625 0.150390625
0 0.63671875 0.576171875 0.18359375 0.146484375
0 0.822265625 0.7275390625 0.19921875 0.14453125
0 0.62890625 0.7216796875 0.2109375 0.16015625
0 0.8173828125 0.8857421875 0.1796875 0.15625
0 0.61328125 0.8857421875 0.224609375 0.15625
1 0.392578125 0.076171875 0.12890625 0.15234375
1 0.38671875 0.2314453125 0.1953125 0.181640625
1 0.37890625 0.3955078125 0.1640625 0.1875
1 0.376953125 0.56640625 0.16015625 0.18359375
1 0.3623046875 0.751953125 0.1875 0.21484375
1 0.3642578125 0.9140625 0.166015625 0.171875
1 0.126953125 0.900390625 0.25390625 0.19921875
1 0.1328125 0.53515625 0.265625 0.35546875
1 0.154296875 0.1572265625 0.30859375 0.314453125