3 0.0341796875 0.5859375 0.02734375 0.0458984375
3 0.21484375 0.53515625 0.0400390625 0.0595703125
3 0.375 0.490234375 0.0322265625 0.0498046875
3 0.646484375 0.4921875 0.04296875 0.05078125
3 0.8193359375 0.54296875 0.0478515625 0.0556640625
3 0.6494140625 0.6943359375 0.041015625 0.0380859375
3 0.76171875 0.7001953125 0.0517578125 0.025390625
3 0.818359375 0.7392578125 0.041015625 0.0439453125
3 0.9384765625 0.6826171875 0.060546875 0.0498046875
3 0.8837890625 0.861328125 0.1796875 0.1044921875
3 0.8935546875 0.8173828125 0.0224609375 0.046875
3 0.4375 0.7138671875 0.0595703125 0.0673828125
3 0.5048828125 0.7119140625 0.0322265625 0.072265625
3 0.55859375 0.712890625 0.076171875 0.0673828125
3 0.373046875 0.6943359375 0.037109375 0.0361328125
3 0.26171875 0.6904296875 0.0546875 0.033203125
3 0.140625 0.8505859375 0.1806640625 0.103515625
3 0.1708984375 0.8154296875 0.078125 0.0654296875
3 0.046875 0.7294921875 0.0595703125 0.041015625
4 0.9375 0.8115234375 0.0400390625 0.037109375
4 0.8876953125 0.8125 0.041015625 0.0400390625
4 0.9638671875 0.943359375 0.029296875 0.0400390625
4 0.7509765625 0.7734375 0.046875 0.0859375
4 0.6982421875 0.771484375 0.1005859375 0.08984375
4 0.505859375 0.8037109375 0.0634765625 0.0654296875
4 0.5625 0.8056640625 0.0322265625 0.0615234375
4 0.4384765625 0.8037109375 0.0361328125 0.05859375
4 0.318359375 0.763671875 0.095703125 0.0849609375
4 0.2724609375 0.7646484375 0.052734375 0.0830078125
4 0.21484375 0.724609375 0.05078125 0.060546875
4 0.8154296875 0.7265625 0.0419921875 0.05859375
4 0.0537109375 0.9306640625 0.0400390625 0.037109375
4 0.01953125 0.87890625 0.015625 0.0205078125
4 0.08203125 0.802734375 0.0498046875 0.037109375
4 0.1279296875 0.8017578125 0.04296875 0.0400390625
4 0.1748046875 0.802734375 0.0517578125 0.0380859375