3 0.83984375 0.7763671875 0.23046875 0.10546875
3 0.845703125 0.2353515625 0.2421875 0.12109375
4 0.2265625 0.5029296875 0.37890625 0.140625
3 0.421875 0.6357421875 0.208984375 0.07421875
3 0.435546875 0.375 0.19921875 0.080078125
1 0.0234375 0.23046875 0.04296875 0.03125
1 0.021484375 0.259765625 0.0390625 0.02734375
1 0.0205078125 0.2861328125 0.041015625 0.03125
1 0.0146484375 0.3427734375 0.02734375 0.01953125
1 0.0146484375 0.3603515625 0.02734375 0.01953125
1 0.013671875 0.3779296875 0.02734375 0.015625
1 0.2060546875 0.3671875 0.041015625 0.033203125
1 0.158203125 0.3662109375 0.056640625 0.03125
1 0.103515625 0.365234375 0.05078125 0.03125
1 0.2802734375 0.3828125 0.029296875 0.015625
1 0.2822265625 0.3642578125 0.03125 0.0234375
1 0.283203125 0.3447265625 0.03125 0.015625
0 0.314453125 0.3408203125 0.017578125 0.015625
0 0.3134765625 0.3564453125 0.021484375 0.01171875
0 0.3134765625 0.37109375 0.01953125 0.01171875
0 0.3125 0.384765625 0.01953125 0.013671875
0 0.00390625 0.58984375 0.0078125 0.0234375
0 0.0048828125 0.525390625 0.009765625 0.0234375
0 0.005859375 0.4599609375 0.01171875 0.01953125
0 0.0068359375 0.3974609375 0.01171875 0.01953125
1 0.0068359375 0.41796875 0.013671875 0.021484375
1 0.005859375 0.4404296875 0.01171875 0.0234375
1 0.005859375 0.4814453125 0.01171875 0.021484375
1 0.0048828125 0.50390625 0.009765625 0.021484375
1 0.0048828125 0.5458984375 0.0078125 0.0234375
1 0.00390625 0.5693359375 0.0078125 0.01953125
1 0.0048828125 0.609375 0.009765625 0.015625
1 0.0107421875 0.6279296875 0.021484375 0.017578125
1 0.0107421875 0.64453125 0.021484375 0.017578125
1 0.009765625 0.662109375 0.01953125 0.015625
1 0.0888671875 0.6396484375 0.06640625 0.03125
1 0.150390625 0.640625 0.060546875 0.03515625
1 0.1962890625 0.642578125 0.03515625 0.03125
1 0.015625 0.76953125 0.03125 0.02734375
1 0.017578125 0.744140625 0.03515625 0.02734375
1 0.017578125 0.71484375 0.03515625 0.029296875
1 0.1025390625 0.7392578125 0.04296875 0.06640625
1 0.1591796875 0.73828125 0.072265625 0.04296875
1 0.23046875 0.736328125 0.07421875 0.064453125
1 0.310546875 0.73828125 0.0859375 0.06640625
1 0.3798828125 0.73828125 0.0859375 0.06640625
1 0.4580078125 0.7373046875 0.08203125 0.06640625
1 0.53515625 0.7412109375 0.095703125 0.064453125
1 0.2724609375 0.6640625 0.025390625 0.015625
1 0.2724609375 0.646484375 0.02734375 0.01953125
1 0.26953125 0.6259765625 0.03125 0.01953125
0 0.3046875 0.626953125 0.01953125 0.01171875
0 0.3056640625 0.642578125 0.017578125 0.01171875
0 0.3037109375 0.6572265625 0.017578125 0.013671875
0 0.3046875 0.6708984375 0.01953125 0.01171875
1 0.4453125 0.59765625 0.05859375 0.021484375
1 0.4921875 0.6435546875 0.041015625 0.01953125
1 0.486328125 0.6318359375 0.033203125 0.01171875
1 0.4716796875 0.6220703125 0.04296875 0.01171875
1 0.45703125 0.6162109375 0.021484375 0.013671875
1 0.47265625 0.5869140625 0.0625 0.0234375
1 0.498046875 0.5703125 0.056640625 0.0234375
1 0.515625 0.5546875 0.0546875 0.0234375
1 0.5390625 0.537109375 0.0703125 0.0234375
1 0.55078125 0.51171875 0.07421875 0.0390625
1 0.5380859375 0.4853515625 0.0703125 0.021484375
1 0.51953125 0.4677734375 0.0625 0.01953125
1 0.5 0.4501953125 0.06640625 0.01953125
1 0.48046875 0.4345703125 0.0703125 0.0234375
1 0.45703125 0.421875 0.06640625 0.021484375
1 0.41796875 0.412109375 0.0390625 0.015625
1 0.4658203125 0.4033203125 0.02734375 0.01171875
1 0.48046875 0.3994140625 0.03125 0.01171875
1 0.4912109375 0.3896484375 0.03125 0.01171875
1 0.5517578125 0.2783203125 0.10546875 0.0703125
1 0.4697265625 0.2783203125 0.08203125 0.0625
1 0.392578125 0.2763671875 0.080078125 0.068359375
1 0.322265625 0.2744140625 0.078125 0.06640625
1 0.2470703125 0.2744140625 0.078125 0.06640625
1 0.1708984375 0.2724609375 0.078125 0.06640625
1 0.1142578125 0.26953125 0.048828125 0.068359375
1 0.6396484375 0.255859375 0.046875 0.03125
1 0.6396484375 0.2890625 0.046875 0.02734375
1 0.6318359375 0.3466796875 0.048828125 0.033203125
1 0.6318359375 0.380859375 0.05078125 0.033203125
1 0.6328125 0.416015625 0.05078125 0.03125
1 0.6298828125 0.44921875 0.046875 0.03125
1 0.62890625 0.4833984375 0.052734375 0.03125
1 0.62890625 0.5166015625 0.05078125 0.03515625
1 0.62890625 0.5478515625 0.0546875 0.03515625
1 0.6298828125 0.77734375 0.0546875 0.037109375
1 0.630859375 0.744140625 0.05078125 0.03125
1 0.6337890625 0.712890625 0.044921875 0.029296875
1 0.630859375 0.685546875 0.05859375 0.03125
1 0.6298828125 0.65234375 0.05078125 0.03515625
1 0.6298828125 0.6181640625 0.05078125 0.03515625
1 0.6298828125 0.5859375 0.052734375 0.03125
1 0.6943359375 0.791015625 0.041015625 0.01953125
1 0.693359375 0.75390625 0.029296875 0.0234375
1 0.693359375 0.73046875 0.03125 0.0234375
1 0.69140625 0.6904296875 0.03515625 0.025390625
1 0.69140625 0.6494140625 0.029296875 0.01953125
1 0.689453125 0.6259765625 0.037109375 0.0234375
1 0.6884765625 0.5869140625 0.033203125 0.021484375
1 0.69140625 0.5634765625 0.03125 0.0234375
1 0.6923828125 0.521484375 0.033203125 0.025390625
1 0.6943359375 0.498046875 0.03125 0.0234375
1 0.6943359375 0.458984375 0.03515625 0.021484375
1 0.6943359375 0.4375 0.03515625 0.025390625
1 0.6923828125 0.3955078125 0.03125 0.021484375
1 0.6953125 0.3740234375 0.03515625 0.025390625
1 0.6923828125 0.3349609375 0.029296875 0.01953125
1 0.7001953125 0.3037109375 0.03125 0.029296875
1 0.701171875 0.2763671875 0.03515625 0.0234375
1 0.7021484375 0.2353515625 0.03125 0.02734375
0 0.7021484375 0.255859375 0.03125 0.0234375
0 0.6943359375 0.353515625 0.03125 0.01953125
0 0.6943359375 0.4150390625 0.03515625 0.01953125
0 0.6923828125 0.4794921875 0.03125 0.0234375
0 0.6923828125 0.5390625 0.03125 0.01953125
0 0.69140625 0.60546875 0.03125 0.0234375
0 0.6904296875 0.6689453125 0.03125 0.0234375
0 0.6953125 0.7099609375 0.03125 0.0234375
0 0.693359375 0.7734375 0.03515625 0.0234375
1 0.7548828125 0.7373046875 0.060546875 0.0390625
1 0.7490234375 0.703125 0.052734375 0.033203125
1 0.7724609375 0.685546875 0.0703125 0.03515625
1 0.80859375 0.6669921875 0.08203125 0.041015625
1 0.853515625 0.654296875 0.0859375 0.04296875
1 0.9033203125 0.646484375 0.09765625 0.046875
1 0.9599609375 0.642578125 0.080078125 0.046875
1 0.982421875 0.6455078125 0.03515625 0.052734375
1 0.9697265625 0.3818359375 0.060546875 0.052734375
1 0.927734375 0.3779296875 0.078125 0.052734375
1 0.869140625 0.373046875 0.09375 0.048828125
1 0.826171875 0.3662109375 0.0859375 0.04296875
1 0.79296875 0.34765625 0.08203125 0.02734375
1 0.7685546875 0.3271484375 0.07421875 0.0234375
1 0.7626953125 0.2958984375 0.05859375 0.03125