4 0.587890625 0.7568359375 0.82421875 0.193359375
4 0.728515625 0.3525390625 0.54296875 0.119140625
4 0.82421875 0.091796875 0.3515625 0.09765625
1 0.0146484375 0.9736328125 0.029296875 0.03125
1 0.021484375 0.951171875 0.04296875 0.02734375
1 0.0322265625 0.9287109375 0.0546875 0.0234375
1 0.044921875 0.91015625 0.05859375 0.025390625
1 0.0595703125 0.8876953125 0.0546875 0.025390625
1 0.078125 0.86328125 0.0546875 0.0234375
1 0.0908203125 0.8427734375 0.05078125 0.0234375
1 0.1044921875 0.82421875 0.05078125 0.021484375
1 0.1201171875 0.806640625 0.044921875 0.01953125
1 0.1298828125 0.7890625 0.056640625 0.02734375
1 0.1513671875 0.7705078125 0.05078125 0.01953125
1 0.16015625 0.7548828125 0.04296875 0.017578125
1 0.173828125 0.7353515625 0.046875 0.01953125
1 0.18359375 0.7197265625 0.044921875 0.01953125
1 0.197265625 0.7021484375 0.05078125 0.01953125
1 0.2080078125 0.689453125 0.044921875 0.021484375
1 0.2177734375 0.6748046875 0.04296875 0.01953125
1 0.2294921875 0.6591796875 0.044921875 0.017578125
1 0.2412109375 0.6455078125 0.041015625 0.015625
1 0.25 0.6328125 0.04296875 0.015625
1 0.26171875 0.6181640625 0.046875 0.01953125
1 0.2744140625 0.6025390625 0.044921875 0.017578125
1 0.283203125 0.587890625 0.04296875 0.015625
1 0.2919921875 0.578125 0.04296875 0.015625
1 0.3037109375 0.56640625 0.04296875 0.015625
1 0.3115234375 0.5546875 0.04296875 0.015625
1 0.3203125 0.5419921875 0.0390625 0.015625
1 0.328125 0.529296875 0.0390625 0.015625
1 0.3369140625 0.5166015625 0.0390625 0.015625
1 0.3447265625 0.5048828125 0.0390625 0.015625
1 0.3544921875 0.4931640625 0.041015625 0.015625
1 0.3623046875 0.484375 0.0390625 0.013671875
1 0.369140625 0.4736328125 0.03515625 0.01171875
1 0.37890625 0.4638671875 0.03515625 0.013671875
1 0.3837890625 0.455078125 0.03515625 0.013671875
1 0.3916015625 0.4462890625 0.03515625 0.013671875
1 0.3984375 0.4345703125 0.03515625 0.01171875
1 0.4072265625 0.4248046875 0.03515625 0.01171875
1 0.4130859375 0.4150390625 0.03515625 0.01171875
1 0.4208984375 0.408203125 0.03515625 0.013671875
1 0.4248046875 0.4013671875 0.03515625 0.01171875
1 0.43359375 0.3916015625 0.03515625 0.013671875
1 0.4404296875 0.373046875 0.03515625 0.01171875
1 0.44921875 0.36328125 0.029296875 0.01171875
1 0.4560546875 0.353515625 0.03125 0.01171875
1 0.4619140625 0.345703125 0.02734375 0.009765625
1 0.466796875 0.33984375 0.03125 0.01171875
1 0.4736328125 0.33203125 0.03515625 0.01171875
1 0.4775390625 0.32421875 0.03515625 0.01171875
1 0.486328125 0.3125 0.037109375 0.01171875
1 0.4921875 0.302734375 0.03515625 0.013671875
1 0.498046875 0.29296875 0.03515625 0.01171875
0 0.02734375 0.83984375 0.0546875 0.041015625
1 0.0205078125 0.8681640625 0.041015625 0.029296875
1 0.017578125 0.7978515625 0.03515625 0.04296875
1 0.0576171875 0.798828125 0.060546875 0.044921875
0 0.0615234375 0.7685546875 0.1015625 0.041015625
1 0.0615234375 0.736328125 0.0625 0.048828125
1 0.119140625 0.732421875 0.06640625 0.048828125
0 0.115234375 0.703125 0.09765625 0.0390625
1 0.111328125 0.673828125 0.064453125 0.04296875
1 0.1630859375 0.669921875 0.060546875 0.0390625
0 0.162109375 0.6435546875 0.09765625 0.0390625
1 0.1611328125 0.6162109375 0.060546875 0.04296875
1 0.2119140625 0.6123046875 0.05859375 0.0390625
0 0.2060546875 0.5888671875 0.08984375 0.03515625
1 0.2021484375 0.5625 0.0625 0.0390625
1 0.251953125 0.560546875 0.052734375 0.037109375
0 0.2490234375 0.537109375 0.087890625 0.029296875
1 0.2451171875 0.5146484375 0.05078125 0.03125
1 0.29296875 0.51171875 0.0546875 0.033203125
0 0.2841796875 0.4931640625 0.080078125 0.03515625
1 0.279296875 0.470703125 0.05078125 0.03125
1 0.3212890625 0.46875 0.046875 0.02734375
0 0.318359375 0.451171875 0.078125 0.0234375
1 0.314453125 0.4326171875 0.046875 0.02734375
1 0.359375 0.4296875 0.046875 0.02734375
0 0.349609375 0.4140625 0.076171875 0.0234375
1 0.34375 0.396484375 0.037109375 0.0234375
1 0.384765625 0.3935546875 0.0390625 0.021484375
0 0.37890625 0.37890625 0.068359375 0.0234375
1 0.37109375 0.3623046875 0.041015625 0.0234375
1 0.4111328125 0.359375 0.04296875 0.02734375
0 0.404296875 0.345703125 0.064453125 0.0234375
1 0.3974609375 0.328125 0.04296875 0.0234375
1 0.43359375 0.3271484375 0.037109375 0.0234375
0 0.427734375 0.314453125 0.064453125 0.01953125
1 0.9755859375 0.671875 0.041015625 0.01953125
1 0.9775390625 0.654296875 0.041015625 0.01953125
1 0.9794921875 0.638671875 0.0390625 0.015625
1 0.9814453125 0.6220703125 0.03515625 0.01953125
1 0.982421875 0.6064453125 0.03515625 0.013671875
1 0.9833984375 0.5927734375 0.03125 0.015625
1 0.984375 0.5791015625 0.03125 0.015625
1 0.9853515625 0.5654296875 0.029296875 0.015625
1 0.9873046875 0.5517578125 0.025390625 0.013671875
1 0.986328125 0.5390625 0.02734375 0.01171875
1 0.9873046875 0.52734375 0.025390625 0.01171875
1 0.9873046875 0.515625 0.0234375 0.01171875