1 0.8349609375 0.7021484375 0.15625 0.154296875
1 0.8662109375 0.3203125 0.125 0.138671875
1 0.681640625 0.2744140625 0.23046875 0.150390625
1 0.64453125 0.7626953125 0.25390625 0.125
1 0.4091796875 0.8115234375 0.197265625 0.279296875
1 0.451171875 0.2802734375 0.21484375 0.22265625
1 0.1015625 0.7041015625 0.203125 0.2421875
1 0.1103515625 0.4033203125 0.220703125 0.26953125
1 0.12890625 0.931640625 0.2578125 0.13671875
1 0.1640625 0.1298828125 0.283203125 0.17578125
1 0.673828125 0.1123046875 0.060546875 0.0390625
1 0.73046875 0.1044921875 0.0546875 0.04296875
1 0.7822265625 0.107421875 0.06640625 0.03515625
1 0.8310546875 0.126953125 0.06640625 0.03125
1 0.8759765625 0.1484375 0.072265625 0.0390625
1 0.91015625 0.181640625 0.05859375 0.033203125
1 0.947265625 0.224609375 0.06640625 0.041015625
1 0.9736328125 0.2744140625 0.052734375 0.044921875
1 0.9873046875 0.3212890625 0.025390625 0.046875
1 0.96875 0.6728515625 0.0625 0.04296875
1 0.943359375 0.7275390625 0.060546875 0.0625
1 0.9111328125 0.78515625 0.06640625 0.04296875
1 0.8740234375 0.8291015625 0.05859375 0.037109375
1 0.8359375 0.8681640625 0.0546875 0.033203125
1 0.7919921875 0.89453125 0.06640625 0.03515625
1 0.7421875 0.9169921875 0.0625 0.03515625
1 0.6875 0.92578125 0.0546875 0.0390625
1 0.6357421875 0.9248046875 0.05859375 0.04296875
1 0.55859375 0.98046875 0.0625 0.0390625
1 0.8681640625 0.94921875 0.125 0.095703125
1 0.9423828125 0.876953125 0.115234375 0.076171875
1 0.7744140625 0.97265625 0.109375 0.0546875
1 0.9755859375 0.7919921875 0.048828125 0.078125
1 0.9609375 0.12109375 0.078125 0.09375
1 0.9326171875 0.0439453125 0.134765625 0.087890625
1 0.4912109375 0.125 0.07421875 0.029296875
1 0.41796875 0.11328125 0.078125 0.048828125
1 0.3447265625 0.1240234375 0.0703125 0.07421875
1 0.943359375 0.5029296875 0.0390625 0.041015625
1 0.919921875 0.4736328125 0.03515625 0.01953125
1 0.89453125 0.4521484375 0.041015625 0.025390625
1 0.84765625 0.42578125 0.0390625 0.0234375
1 0.8125 0.4228515625 0.03125 0.02734375
1 0.78125 0.4287109375 0.03125 0.03125
1 0.7548828125 0.4130859375 0.033203125 0.02734375
1 0.720703125 0.4111328125 0.033203125 0.02734375
1 0.69140625 0.4111328125 0.03515625 0.02734375
1 0.658203125 0.412109375 0.03515625 0.02734375
1 0.6259765625 0.412109375 0.03125 0.02734375
1 0.59765625 0.4130859375 0.03515625 0.02734375
1 0.564453125 0.4140625 0.02734375 0.03125
1 0.533203125 0.416015625 0.03515625 0.02734375
1 0.4990234375 0.41796875 0.03125 0.0234375
1 0.4697265625 0.4169921875 0.04296875 0.03515625
1 0.4345703125 0.419921875 0.0390625 0.03125
1 0.396484375 0.419921875 0.041015625 0.037109375
1 0.3525390625 0.4208984375 0.04296875 0.033203125
1 0.3447265625 0.658203125 0.056640625 0.03125
1 0.3935546875 0.654296875 0.05078125 0.033203125
1 0.4267578125 0.6494140625 0.048828125 0.03125
1 0.4599609375 0.64453125 0.04296875 0.03125
1 0.490234375 0.640625 0.04296875 0.03125
1 0.5205078125 0.638671875 0.0390625 0.03125
1 0.552734375 0.6337890625 0.04296875 0.03125
1 0.5849609375 0.630859375 0.03515625 0.02734375
1 0.6220703125 0.6279296875 0.041015625 0.03125
1 0.6552734375 0.6259765625 0.0390625 0.029296875
1 0.6865234375 0.6259765625 0.0390625 0.029296875
1 0.720703125 0.6220703125 0.04296875 0.02734375
1 0.7509765625 0.615234375 0.03515625 0.0234375
1 0.9140625 0.5361328125 0.02734375 0.025390625
1 0.8935546875 0.5556640625 0.03515625 0.021484375
1 0.87109375 0.57421875 0.03515625 0.0234375
1 0.841796875 0.5908203125 0.033203125 0.021484375
1 0.814453125 0.59765625 0.04296875 0.025390625
1 0.779296875 0.599609375 0.04296875 0.02734375
4 0.59765625 0.521484375 0.640625 0.17578125