1 0.22265625 0.2392578125 0.2626953125 0.1220703125
1 0.4541015625 0.2353515625 0.1865234375 0.1328125
1 0.662109375 0.2412109375 0.26171875 0.138671875
1 0.8603515625 0.2529296875 0.2451171875 0.123046875
1 0.140625 0.455078125 0.13671875 0.076171875
1 0.3095703125 0.45703125 0.2216796875 0.09375
1 0.716796875 0.4677734375 0.2373046875 0.078125
1 0.87890625 0.4677734375 0.16796875 0.109375
0 0.517578125 0.46484375 0.2119140625 0.126953125
1 0.2021484375 0.66015625 0.2001953125 0.1455078125
1 0.3876953125 0.66015625 0.2109375 0.1357421875
1 0.5947265625 0.68359375 0.2255859375 0.1435546875
1 0.8037109375 0.6728515625 0.244140625 0.154296875
0 0.0859375 0.84765625 0.1240234375 0.0791015625
0 0.4375 0.8564453125 0.1376953125 0.0869140625
0 0.7998046875 0.8671875 0.1044921875 0.080078125
1 0.1884765625 0.8486328125 0.125 0.08984375
1 0.3271484375 0.845703125 0.1328125 0.0869140625
1 0.55859375 0.8515625 0.1259765625 0.0810546875
1 0.6796875 0.8642578125 0.1259765625 0.0908203125
1 0.9169921875 0.8662109375 0.166015625 0.091796875