4 0.4052734375 0.4873046875 0.74609375 0.58984375
0 0.8671875 0.076171875 0.087890625 0.1171875
0 0.8701171875 0.392578125 0.08203125 0.111328125
0 0.8720703125 0.7294921875 0.08203125 0.10546875
1 0.8681640625 0.228515625 0.083984375 0.2109375
1 0.8720703125 0.5634765625 0.0859375 0.224609375
1 0.873046875 0.8896484375 0.080078125 0.21875
1 0.20703125 0.1708984375 0.224609375 0.341796875
1 0.1787109375 0.865234375 0.240234375 0.26953125
1 0.49609375 0.8681640625 0.39453125 0.26171875
1 0.501953125 0.150390625 0.36328125 0.30078125
1 0.740234375 0.1005859375 0.0859375 0.169921875
1 0.7333984375 0.9140625 0.078125 0.158203125