2 0.7724609375 0.0283203125 0.05859375 0.0546875
2 0.822265625 0.0830078125 0.072265625 0.05859375
2 0.873046875 0.13671875 0.0546875 0.0546875
2 0.9169921875 0.2041015625 0.05078125 0.048828125
2 0.9716796875 0.259765625 0.0546875 0.05859375
2 0.2822265625 0.025390625 0.05078125 0.05078125
2 0.2275390625 0.0966796875 0.05859375 0.05859375
2 0.173828125 0.1748046875 0.05078125 0.056640625
2 0.1220703125 0.2490234375 0.0546875 0.05859375
2 0.072265625 0.32421875 0.06640625 0.052734375
2 0.021484375 0.404296875 0.04296875 0.05859375
3 0.302734375 0.5986328125 0.111328125 0.162109375
3 0.693359375 0.51953125 0.13671875 0.1640625
1 0.615234375 0.171875 0.08984375 0.125
1 0.466796875 0.2138671875 0.125 0.1328125
1 0.7255859375 0.3173828125 0.140625 0.080078125
1 0.3984375 0.3271484375 0.13671875 0.080078125
1 0.3173828125 0.4169921875 0.1171875 0.078125
1 0.8017578125 0.416015625 0.12890625 0.12890625
1 0.8310546875 0.61328125 0.3125 0.134765625
1 0.17578125 0.7333984375 0.228515625 0.130859375
1 0.181640625 0.609375 0.1171875 0.07421875
1 0.8876953125 0.5146484375 0.109375 0.072265625
1 0.2421875 0.51171875 0.09765625 0.08203125