3 0.4072265625 0.9912109375 0.046875 0.017578125
3 0.4599609375 0.8056640625 0.0625 0.04296875
3 0.5068359375 0.6376953125 0.05078125 0.03515625
3 0.5048828125 0.353515625 0.052734375 0.044921875
3 0.451171875 0.171875 0.05859375 0.05078125
3 0.29296875 0.349609375 0.0390625 0.04296875
3 0.287109375 0.232421875 0.02734375 0.0546875
3 0.24609375 0.171875 0.046875 0.04296875
3 0.3056640625 0.046875 0.052734375 0.0625
3 0.1181640625 0.1044921875 0.109375 0.1875
3 0.1640625 0.09375 0.048828125 0.0234375
3 0.2724609375 0.572265625 0.0703125 0.0625
3 0.2744140625 0.5009765625 0.076171875 0.03515625
3 0.2734375 0.4453125 0.0703125 0.080078125
3 0.29296875 0.6396484375 0.0390625 0.0390625
3 0.296875 0.7568359375 0.03515625 0.05859375
3 0.1298828125 0.884765625 0.109375 0.189453125
3 0.166015625 0.8525390625 0.068359375 0.08203125
3 0.2578125 0.9755859375 0.04296875 0.048828125
4 0.169921875 0.0478515625 0.0390625 0.04296875
4 0.1689453125 0.099609375 0.04296875 0.04296875
4 0.0322265625 0.0205078125 0.04296875 0.03125
4 0.2099609375 0.2431640625 0.08984375 0.048828125
4 0.2119140625 0.298828125 0.09375 0.10546875
4 0.1787109375 0.5009765625 0.068359375 0.06640625
4 0.17578125 0.44140625 0.064453125 0.033203125
4 0.1787109375 0.5712890625 0.0625 0.0390625
4 0.220703125 0.6982421875 0.08984375 0.1015625
4 0.21875 0.7451171875 0.0859375 0.0546875
4 0.2607421875 0.806640625 0.0625 0.0546875
4 0.2587890625 0.17578125 0.0625 0.044921875
4 0.0458984375 0.974609375 0.0390625 0.04296875
4 0.1796875 0.9453125 0.0390625 0.05078125
4 0.1796875 0.8974609375 0.04296875 0.046875
4 0.1796875 0.8486328125 0.0390625 0.0546875