3 0.509765625 0.6767578125 0.33203125 0.6455078125
1 0.5224609375 0.1279296875 0.0693359375 0.1953125
1 0.458984375 0.21875 0.0712890625 0.1748046875
1 0.4072265625 0.3076171875 0.0537109375 0.1298828125
1 0.359375 0.416015625 0.068359375 0.1630859375
1 0.3310546875 0.578125 0.0546875 0.1865234375
1 0.3203125 0.765625 0.046875 0.18359375
1 0.341796875 0.9248046875 0.0712890625 0.1494140625
1 0.5791015625 0.291015625 0.0361328125 0.150390625
1 0.6494140625 0.607421875 0.0419921875 0.1279296875
1 0.662109375 0.771484375 0.0400390625 0.1513671875
1 0.654296875 0.9248046875 0.0458984375 0.146484375