3 0.46875 0.421875 0.029296875 0.013671875
3 0.4765625 0.4365234375 0.02734375 0.013671875
3 0.4873046875 0.4970703125 0.025390625 0.01171875
3 0.4375 0.5068359375 0.03125 0.017578125
3 0.482421875 0.51171875 0.0234375 0.013671875
3 0.4287109375 0.5234375 0.03515625 0.015625
3 0.474609375 0.5234375 0.01953125 0.01171875
3 0.4150390625 0.5400390625 0.033203125 0.015625
3 0.392578125 0.5224609375 0.0390625 0.01953125
3 0.3818359375 0.546875 0.04296875 0.015625
3 0.3662109375 0.5673828125 0.0390625 0.01953125
1 0.5869140625 0.01171875 0.083984375 0.0234375
2 0.6171875 0.005859375 0.03125 0.01171875
1 0.6484375 0.0380859375 0.07421875 0.029296875
1 0.705078125 0.060546875 0.078125 0.02734375
2 0.6767578125 0.03125 0.03125 0.013671875
2 0.65625 0.0146484375 0.05859375 0.021484375
2 0.7158203125 0.041015625 0.0546875 0.0234375
2 0.7705078125 0.0634765625 0.04296875 0.025390625
2 0.798828125 0.1328125 0.02734375 0.01953125
2 0.7919921875 0.14453125 0.0546875 0.02734375
2 0.7568359375 0.1474609375 0.02734375 0.01953125
2 0.75 0.1591796875 0.05859375 0.03125
1 0.7626953125 0.1220703125 0.029296875 0.01953125
1 0.720703125 0.12890625 0.07421875 0.03515625
1 0.67578125 0.140625 0.072265625 0.03125
2 0.708984375 0.154296875 0.02734375 0.01953125
2 0.7041015625 0.1689453125 0.0625 0.03125
2 0.66796875 0.1708984375 0.02734375 0.021484375
2 0.65625 0.18359375 0.05859375 0.03515625
1 0.6220703125 0.15234375 0.0625 0.033203125
1 0.572265625 0.1669921875 0.06640625 0.04296875
2 0.6171875 0.1865234375 0.0234375 0.015625
2 0.607421875 0.19921875 0.0546875 0.03125
2 0.5693359375 0.19921875 0.021484375 0.015625
2 0.552734375 0.212890625 0.0546875 0.033203125
1 0.5244140625 0.1767578125 0.068359375 0.03515625
1 0.470703125 0.1953125 0.06640625 0.0390625
2 0.5166015625 0.2138671875 0.02734375 0.015625
2 0.5029296875 0.2265625 0.05078125 0.03125
1 0.41796875 0.2080078125 0.0703125 0.0390625
1 0.3662109375 0.22265625 0.060546875 0.0390625
1 0.30078125 0.2392578125 0.0703125 0.0390625
1 0.2412109375 0.2548828125 0.0703125 0.0390625
2 0.451171875 0.2421875 0.0546875 0.03125
2 0.4091796875 0.244140625 0.02734375 0.017578125
2 0.3935546875 0.255859375 0.05859375 0.03515625
2 0.3515625 0.2587890625 0.02734375 0.01953125
2 0.3369140625 0.271484375 0.0625 0.033203125
2 0.294921875 0.2734375 0.03515625 0.02734375
2 0.283203125 0.2880859375 0.0625 0.033203125
1 0.548828125 0.080078125 0.0234375 0.01171875
1 0.5341796875 0.072265625 0.02734375 0.01171875
1 0.5185546875 0.0654296875 0.02734375 0.009765625
1 0.50390625 0.056640625 0.01953125 0.01171875
1 0.490234375 0.052734375 0.0234375 0.015625
1 0.47265625 0.0439453125 0.0234375 0.01171875
1 0.455078125 0.0361328125 0.01953125 0.01171875
1 0.4404296875 0.0283203125 0.025390625 0.015625
1 0.4228515625 0.0205078125 0.01953125 0.01171875
1 0.408203125 0.013671875 0.0234375 0.01171875
1 0.390625 0.0068359375 0.021484375 0.013671875
1 0.375 0.0029296875 0.021484375 0.005859375
3 0.19921875 0.0078125 0.19921875 0.015625
3 0.2216796875 0.1376953125 0.21875 0.0859375
1 0.3388671875 0.017578125 0.0703125 0.03515625
1 0.4423828125 0.13671875 0.046875 0.04296875
1 0.3564453125 0.1494140625 0.07421875 0.05078125
1 0.0908203125 0.2197265625 0.076171875 0.0546875
1 0.2431640625 0.19140625 0.05859375 0.0390625
1 0.005859375 0.2587890625 0.01171875 0.0234375
1 0.0087890625 0.2822265625 0.017578125 0.01953125
3 0.2001953125 0.359375 0.29296875 0.20703125
2 0.49609375 0.296875 0.0546875 0.02734375
2 0.462890625 0.2958984375 0.025390625 0.015625
2 0.451171875 0.3095703125 0.05078125 0.02734375
2 0.4189453125 0.3115234375 0.025390625 0.013671875
2 0.41015625 0.322265625 0.046875 0.02734375
2 0.373046875 0.3232421875 0.021484375 0.017578125
2 0.3603515625 0.3359375 0.05078125 0.02734375
1 0.3271484375 0.3408203125 0.01953125 0.0078125
2 0.3173828125 0.349609375 0.046875 0.02734375
1 0.4150390625 0.2802734375 0.0390625 0.02734375
1 0.369140625 0.2978515625 0.044921875 0.02734375
1 0.32421875 0.310546875 0.048828125 0.03125
1 0.275390625 0.32421875 0.048828125 0.03125
1 0.1259765625 0.3671875 0.04296875 0.02734375
1 0.0771484375 0.3837890625 0.037109375 0.03515625
1 0.1650390625 0.39453125 0.041015625 0.02734375
1 0.1259765625 0.3994140625 0.029296875 0.013671875
1 0.11328125 0.4111328125 0.046875 0.02734375
1 0.0732421875 0.416015625 0.02734375 0.01171875
1 0.1962890625 0.4287109375 0.037109375 0.0234375
1 0.212890625 0.4189453125 0.01953125 0.01171875
1 0.1669921875 0.4306640625 0.017578125 0.01171875
1 0.1513671875 0.443359375 0.03515625 0.021484375
1 0.119140625 0.447265625 0.015625 0.01953125
1 0.2548828125 0.4384765625 0.02734375 0.01171875
1 0.244140625 0.44921875 0.04296875 0.0234375
1 0.2099609375 0.4521484375 0.021484375 0.013671875
1 0.2041015625 0.462890625 0.046875 0.01953125
1 0.1708984375 0.466796875 0.01953125 0.01171875
1 0.1591796875 0.4775390625 0.052734375 0.01953125
1 0.2392578125 0.521484375 0.0234375 0.01171875
1 0.2509765625 0.5078125 0.025390625 0.015625
1 0.2451171875 0.4931640625 0.03125 0.013671875
1 0.2451171875 0.4794921875 0.02734375 0.015625
1 0.240234375 0.46484375 0.0234375 0.01171875
1 0.2783203125 0.544921875 0.0234375 0.01171875
1 0.287109375 0.5283203125 0.025390625 0.015625
1 0.298828125 0.5126953125 0.0234375 0.01171875
1 0.296875 0.501953125 0.02734375 0.009765625
1 0.2958984375 0.4921875 0.02734375 0.01171875
1 0.29296875 0.48046875 0.02734375 0.01171875
1 0.2880859375 0.46484375 0.02734375 0.01171875
1 0.2861328125 0.451171875 0.02734375 0.009765625
3 0.2275390625 0.556640625 0.41796875 0.1796875
3 0.216796875 0.7099609375 0.33984375 0.1640625
1 0.009765625 0.9375 0.01953125 0.046875
1 0.0576171875 0.935546875 0.06640625 0.04296875
1 0.0498046875 0.888671875 0.060546875 0.04296875
1 0.044921875 0.83203125 0.0703125 0.044921875
1 0.0322265625 0.7744140625 0.064453125 0.046875
1 0.0283203125 0.7294921875 0.056640625 0.041015625
1 0.0205078125 0.6689453125 0.041015625 0.05078125
1 0.0166015625 0.62109375 0.033203125 0.046875
1 0.009765625 0.5673828125 0.01953125 0.05078125
2 0.861328125 0.095703125 0.27734375 0.05078125
2 0.5654296875 0.251953125 0.25390625 0.05078125
2 0.732421875 0.0576171875 0.029296875 0.015625