1 0.658203125 0.5517578125 0.15234375 0.24609375
1 0.61328125 0.78515625 0.197265625 0.2890625
1 0.58203125 0.9326171875 0.14453125 0.134765625
1 0.5732421875 0.52734375 0.08203125 0.240234375
1 0.51953125 0.734375 0.078125 0.19921875
1 0.4833984375 0.9091796875 0.064453125 0.181640625
1 0.6162109375 0.310546875 0.103515625 0.1875
1 0.720703125 0.3642578125 0.16796875 0.203125
1 0.966796875 0.1220703125 0.06640625 0.130859375
1 0.9248046875 0.1826171875 0.0625 0.09375
1 0.8681640625 0.2021484375 0.0546875 0.1015625
1 0.818359375 0.2421875 0.048828125 0.083984375
1 0.7509765625 0.0625 0.06640625 0.125
1 0.716796875 0.1416015625 0.05078125 0.10546875
1 0.6826171875 0.0673828125 0.103515625 0.134765625
1 0.6533203125 0.171875 0.080078125 0.109375
1 0.6787109375 0.0341796875 0.095703125 0.068359375
4 0.505859375 0.1689453125 0.19921875 0.3359375
1 0.5 0.4208984375 0.14453125 0.08203125
1 0.5224609375 0.544921875 0.0625 0.1484375
1 0.46875 0.515625 0.0703125 0.13671875
1 0.4111328125 0.513671875 0.05078125 0.134765625
1 0.3486328125 0.5224609375 0.0859375 0.185546875
1 0.287109375 0.4970703125 0.0859375 0.17578125
1 0.458984375 0.70703125 0.05078125 0.0859375
0 0.4814453125 0.72265625 0.04296875 0.0703125
0 0.400390625 0.794921875 0.05078125 0.06640625
0 0.3759765625 0.693359375 0.037109375 0.068359375
0 0.4287109375 0.943359375 0.0390625 0.0703125
0 0.345703125 0.98828125 0.048828125 0.0234375
0 0.3232421875 0.896484375 0.0390625 0.0703125
1 0.3115234375 0.953125 0.03515625 0.06640625
1 0.361328125 0.9501953125 0.05078125 0.05859375
1 0.4072265625 0.91796875 0.05859375 0.1015625
1 0.3486328125 0.8916015625 0.037109375 0.09765625
1 0.3408203125 0.8330078125 0.04296875 0.05859375
1 0.390625 0.853515625 0.052734375 0.05859375
1 0.3662109375 0.7880859375 0.03125 0.08984375
1 0.4345703125 0.806640625 0.0234375 0.078125
1 0.412109375 0.7373046875 0.052734375 0.060546875
1 0.4677734375 0.787109375 0.0390625 0.068359375
1 0.4248046875 0.1015625 0.08203125 0.181640625
1 0.41015625 0.0625 0.072265625 0.125
1 0.3720703125 0.0615234375 0.068359375 0.12109375
1 0.3623046875 0.0078125 0.03515625 0.015625
1 0.31640625 0.06640625 0.08203125 0.1328125
1 0.2646484375 0.0908203125 0.08203125 0.1796875
1 0.197265625 0.1953125 0.05859375 0.15625
1 0.142578125 0.30078125 0.0703125 0.17578125
1 0.0556640625 0.42578125 0.109375 0.27734375
4 0.0537109375 0.298828125 0.107421875 0.59765625
1 0.044921875 0.7607421875 0.08984375 0.205078125