1 0.4501953125 0.00390625 0.091796875 0.0078125
1 0.453125 0.02734375 0.09765625 0.041015625
1 0.4541015625 0.068359375 0.099609375 0.0390625
1 0.4521484375 0.1083984375 0.09765625 0.041015625
1 0.44921875 0.1494140625 0.09765625 0.04296875
1 0.4453125 0.1875 0.08984375 0.037109375
1 0.443359375 0.2275390625 0.10546875 0.04296875
1 0.443359375 0.2724609375 0.10546875 0.04296875
1 0.439453125 0.310546875 0.1015625 0.04296875
1 0.4345703125 0.353515625 0.1015625 0.044921875
1 0.43359375 0.396484375 0.10546875 0.046875
1 0.431640625 0.435546875 0.09765625 0.04296875
1 0.4345703125 0.478515625 0.1015625 0.04296875
1 0.412109375 0.9765625 0.09765625 0.046875
1 0.412109375 0.9345703125 0.095703125 0.04296875
1 0.412109375 0.896484375 0.09765625 0.04296875
1 0.4140625 0.853515625 0.09765625 0.04296875
1 0.4140625 0.8095703125 0.09765625 0.0390625
1 0.41796875 0.76953125 0.09765625 0.05078125
1 0.4208984375 0.724609375 0.08984375 0.04296875
1 0.4228515625 0.6845703125 0.09765625 0.048828125
1 0.4267578125 0.642578125 0.09375 0.046875
1 0.42578125 0.5986328125 0.099609375 0.05078125
1 0.4287109375 0.5576171875 0.08984375 0.048828125
1 0.431640625 0.5185546875 0.09765625 0.0390625
4 0.1708984375 0.0615234375 0.13671875 0.07421875
4 0.1298828125 0.7119140625 0.125 0.083984375
0 0.05859375 0.90625 0.09375 0.0546875