0 0.841796875 0.35546875 0.30078125 0.203125
0 0.7978515625 0.693359375 0.2421875 0.158203125
0 0.7646484375 0.94140625 0.240234375 0.1171875
1 0.8505859375 0.8125 0.14453125 0.16015625
1 0.708984375 0.8212890625 0.13671875 0.1875
1 0.8876953125 0.5302734375 0.13671875 0.189453125
1 0.744140625 0.5283203125 0.138671875 0.1796875
1 0.931640625 0.12890625 0.123046875 0.234375
1 0.794921875 0.1279296875 0.154296875 0.255859375
1 0.4365234375 0.9794921875 0.205078125 0.041015625
1 0.4384765625 0.927734375 0.25390625 0.091796875
1 0.4423828125 0.857421875 0.22265625 0.07421875
1 0.4443359375 0.791015625 0.25 0.07421875
1 0.447265625 0.7216796875 0.2421875 0.07421875
1 0.44921875 0.6455078125 0.23828125 0.107421875
1 0.443359375 0.5615234375 0.22265625 0.09765625
1 0.44140625 0.4765625 0.26953125 0.123046875
1 0.455078125 0.376953125 0.2421875 0.12109375
1 0.4599609375 0.28515625 0.2890625 0.119140625
1 0.4521484375 0.177734375 0.26953125 0.103515625
1 0.4560546875 0.064453125 0.318359375 0.12890625
0 0.1171875 0.8037109375 0.234375 0.392578125
1 0.0888671875 0.2509765625 0.177734375 0.1171875
1 0.1025390625 0.1298828125 0.134765625 0.103515625
1 0.0947265625 0.38671875 0.17578125 0.12890625