4 0.0537109375 0.9716796875 0.107421875 0.056640625
4 0.13671875 0.9619140625 0.0849609375 0.0751953125
4 0.2109375 0.94921875 0.0869140625 0.1015625
4 0.28515625 0.9462890625 0.08203125 0.107421875
4 0.3486328125 0.947265625 0.0771484375 0.10546875
4 0.4013671875 0.939453125 0.05859375 0.12109375
4 0.451171875 0.9228515625 0.05859375 0.154296875
4 0.4951171875 0.9228515625 0.037109375 0.154296875
4 0.5283203125 0.916015625 0.0478515625 0.16796875
4 0.5654296875 0.9150390625 0.033203125 0.169921875
4 0.5908203125 0.9072265625 0.029296875 0.185546875
4 0.62109375 0.9072265625 0.037109375 0.185546875
4 0.64453125 0.90625 0.03125 0.1875
4 0.6669921875 0.904296875 0.029296875 0.1904296875
4 0.28515625 0.578125 0.02734375 0.1044921875
4 0.509765625 0.615234375 0.01953125 0.08984375
4 0.638671875 0.6552734375 0.0146484375 0.0703125
4 0.0361328125 0.283203125 0.0537109375 0.11328125
4 0.0810546875 0.2900390625 0.044921875 0.1005859375
4 0.3544921875 0.40234375 0.029296875 0.060546875
4 0.322265625 0.0615234375 0.0517578125 0.123046875
4 0.4208984375 0.099609375 0.0615234375 0.1982421875
4 0.501953125 0.142578125 0.0478515625 0.21875
4 0.560546875 0.19921875 0.0595703125 0.1875
4 0.61328125 0.2451171875 0.0478515625 0.1650390625
4 0.65234375 0.279296875 0.025390625 0.1533203125
4 0.689453125 0.310546875 0.02734375 0.1396484375
3 0.5986328125 0.0439453125 0.04296875 0.0869140625
3 0.7333984375 0.177734375 0.0595703125 0.1494140625