1 0.447265625 0.3447265625 0.41796875 0.3671875
1 0.6494140625 0.884765625 0.36328125 0.23046875
1 0.8857421875 0.033203125 0.20703125 0.06640625
1 0.8935546875 0.1064453125 0.2109375 0.10546875
1 0.89453125 0.2060546875 0.2109375 0.1171875
1 0.91015625 0.3095703125 0.1796875 0.099609375
1 0.9150390625 0.3857421875 0.169921875 0.12109375
1 0.9248046875 0.5009765625 0.140625 0.130859375
1 0.9365234375 0.6298828125 0.125 0.130859375
1 0.9560546875 0.728515625 0.087890625 0.072265625
1 0.212890625 0.9560546875 0.390625 0.087890625
1 0.1748046875 0.8740234375 0.349609375 0.083984375
1 0.1640625 0.8115234375 0.328125 0.123046875
1 0.1318359375 0.6572265625 0.263671875 0.162109375
1 0.1015625 0.4541015625 0.203125 0.23828125