0 0.1455078125 0.5166015625 0.1123046875 0.1611328125
0 0.2919921875 0.5166015625 0.1220703125 0.169921875
0 0.4248046875 0.5302734375 0.130859375 0.16015625
0 0.5712890625 0.5439453125 0.1181640625 0.1494140625
0 0.7099609375 0.55859375 0.111328125 0.1484375
0 0.849609375 0.564453125 0.119140625 0.1484375
0 0.970703125 0.5751953125 0.05859375 0.1494140625
0 0.033203125 0.4951171875 0.06640625 0.1455078125
1 0.1201171875 0.869140625 0.236328125 0.2607421875
1 0.357421875 0.8828125 0.2509765625 0.2333984375
1 0.568359375 0.892578125 0.2255859375 0.2138671875
1 0.7802734375 0.892578125 0.2294921875 0.2138671875