4 0.177734375 0.599609375 0.14453125 0.2744140625
4 0.5751953125 0.52734375 0.1484375 0.2890625
1 0.9794921875 0.1953125 0.0400390625 0.142578125
1 0.94140625 0.3037109375 0.078125 0.1357421875
1 0.8134765625 0.447265625 0.224609375 0.38671875
1 0.7001953125 0.36328125 0.080078125 0.1201171875
1 0.6611328125 0.2900390625 0.083984375 0.1591796875
1 0.5810546875 0.248046875 0.103515625 0.1318359375
1 0.5048828125 0.3193359375 0.0615234375 0.126953125
1 0.4619140625 0.41796875 0.056640625 0.11328125
1 0.365234375 0.53125 0.1533203125 0.3486328125
1 0.2822265625 0.4716796875 0.0654296875 0.125
1 0.2587890625 0.3955078125 0.0830078125 0.1318359375
1 0.19140625 0.3623046875 0.1025390625 0.1142578125
1 0.130859375 0.4208984375 0.064453125 0.1123046875
1 0.08984375 0.5205078125 0.0458984375 0.0888671875
1 0.033203125 0.6005859375 0.0634765625 0.2919921875
0 0.041015625 0.896484375 0.0810546875 0.2021484375
0 0.2529296875 0.8720703125 0.12109375 0.220703125
0 0.5166015625 0.841796875 0.1220703125 0.2353515625
1 0.9541015625 0.7373046875 0.091796875 0.138671875
1 0.9541015625 0.875 0.091796875 0.1494140625
1 0.416015625 0.791015625 0.072265625 0.1015625
1 0.4189453125 0.9140625 0.0673828125 0.1220703125
1 0.3515625 0.810546875 0.064453125 0.1162109375
1 0.3486328125 0.919921875 0.0634765625 0.103515625
4 0.134765625 0.828125 0.087890625 0.1162109375
4 0.130859375 0.943359375 0.0966796875 0.1123046875