0 0.052734375 0.6953125 0.09765625 0.2392578125
0 0.1708984375 0.6943359375 0.138671875 0.2421875
0 0.3046875 0.7001953125 0.1513671875 0.2451171875
0 0.4296875 0.7001953125 0.1474609375 0.2333984375
0 0.56640625 0.705078125 0.1494140625 0.2392578125
0 0.69140625 0.7021484375 0.1572265625 0.2333984375
0 0.8330078125 0.7021484375 0.1435546875 0.2490234375
0 0.9404296875 0.71875 0.119140625 0.255859375
1 0.224609375 0.3095703125 0.2900390625 0.3583984375
1 0.5576171875 0.3203125 0.3134765625 0.3740234375
1 0.8779296875 0.333984375 0.244140625 0.38671875