1 0.6943359375 0.0546875 0.142578125 0.109375
1 0.8232421875 0.0380859375 0.146484375 0.076171875
1 0.9462890625 0.0546875 0.09765625 0.109375
1 0.73828125 0.2626953125 0.10546875 0.5234375
1 0.8515625 0.259765625 0.13671875 0.5078125
2 0.3583984375 0.1474609375 0.30859375 0.294921875
1 0.3544921875 0.4140625 0.291015625 0.2578125
1 0.3359375 0.6484375 0.2578125 0.3359375
1 0.5537109375 0.658203125 0.224609375 0.33984375
1 0.9072265625 0.689453125 0.185546875 0.328125
2 0.7470703125 0.681640625 0.15625 0.296875
1 0.033203125 0.044921875 0.06640625 0.08984375
1 0.1025390625 0.0498046875 0.072265625 0.09765625
1 0.0361328125 0.1630859375 0.0625 0.1484375
1 0.11328125 0.1728515625 0.07421875 0.1484375
1 0.04296875 0.3671875 0.07421875 0.1484375
1 0.125 0.3671875 0.07421875 0.1484375
1 0.0546875 0.490234375 0.0546875 0.140625
1 0.123046875 0.4873046875 0.0625 0.15234375
1 0.0634765625 0.6748046875 0.05859375 0.12890625
1 0.1240234375 0.6708984375 0.0625 0.13671875
1 0.0693359375 0.7900390625 0.060546875 0.140625
1 0.1318359375 0.78125 0.064453125 0.1328125
1 0.072265625 0.9375 0.0390625 0.10546875
1 0.1064453125 0.9658203125 0.0546875 0.068359375
1 0.234375 0.8984375 0.09765625 0.0859375
1 0.23046875 0.962890625 0.09375 0.07421875
1 0.3310546875 0.8984375 0.11328125 0.0703125
1 0.3291015625 0.9697265625 0.087890625 0.060546875
1 0.4736328125 0.9111328125 0.10546875 0.0859375
1 0.4619140625 0.9755859375 0.095703125 0.048828125
1 0.560546875 0.90234375 0.107421875 0.0859375
1 0.5625 0.9697265625 0.0859375 0.060546875
1 0.70703125 0.912109375 0.11328125 0.080078125
1 0.71484375 0.9775390625 0.12109375 0.044921875
1 0.8583984375 0.9267578125 0.09765625 0.083984375
1 0.8525390625 0.9716796875 0.08203125 0.0546875
1 0.9541015625 0.9296875 0.091796875 0.064453125
1 0.94921875 0.9755859375 0.08984375 0.046875
0 0.9833984375 0.947265625 0.033203125 0.10546875
0 0.7998046875 0.939453125 0.10546875 0.12109375
0 0.634765625 0.9404296875 0.11328125 0.119140625
0 0.400390625 0.939453125 0.107421875 0.12109375
0 0.16015625 0.9345703125 0.099609375 0.130859375
0 0.099609375 0.869140625 0.126953125 0.14453125
0 0.091796875 0.5830078125 0.12890625 0.1796875
0 0.080078125 0.259765625 0.14453125 0.1953125