4 0.4951171875 0.5166015625 0.1875 0.181640625
1 0.1455078125 0.4912109375 0.291015625 0.20703125
1 0.84765625 0.4853515625 0.3046875 0.2265625
1 0.3125 0.431640625 0.09375 0.0703125
1 0.005859375 0.443359375 0.01171875 0.078125
1 0.375 0.3857421875 0.0859375 0.078125
1 0.490234375 0.3505859375 0.130859375 0.09375
1 0.6064453125 0.3798828125 0.0859375 0.09375
1 0.66796875 0.4345703125 0.078125 0.076171875
1 0.98828125 0.4306640625 0.0234375 0.072265625
0 0.2822265625 0.6923828125 0.21484375 0.138671875
0 0.734375 0.703125 0.208984375 0.14453125
1 0.9013671875 0.658203125 0.1484375 0.072265625
1 0.9052734375 0.732421875 0.158203125 0.0859375
1 0.1240234375 0.6611328125 0.134765625 0.06640625
1 0.1201171875 0.7255859375 0.12109375 0.0703125
1 0.0361328125 0.6572265625 0.072265625 0.07421875
1 0.0341796875 0.7294921875 0.068359375 0.078125
1 0.982421875 0.66015625 0.03515625 0.06640625
1 0.98046875 0.73046875 0.0390625 0.07421875
1 0.44921875 0.662109375 0.12109375 0.06640625
1 0.4443359375 0.7265625 0.1171875 0.0703125
1 0.5673828125 0.6591796875 0.1328125 0.078125
1 0.568359375 0.7333984375 0.12109375 0.078125
1 0.1533203125 0.8779296875 0.234375 0.12109375
1 0.359375 0.884765625 0.234375 0.119140625
1 0.6015625 0.8759765625 0.220703125 0.1015625
1 0.8349609375 0.8828125 0.1875 0.11328125