1 0.03515625 0.1416015625 0.0703125 0.126953125
1 0.05078125 0.2392578125 0.08203125 0.0625
1 0.1484375 0.2958984375 0.11328125 0.0703125
1 0.1103515625 0.162109375 0.07421875 0.072265625
1 0.1748046875 0.369140625 0.087890625 0.0703125
1 0.2470703125 0.47265625 0.09375 0.09765625
1 0.2451171875 0.58203125 0.08984375 0.09375
1 0.3369140625 0.646484375 0.11328125 0.068359375
1 0.33203125 0.486328125 0.09375 0.06640625
1 0.3359375 0.56640625 0.08984375 0.08203125
1 0.31640625 0.4091796875 0.09765625 0.07421875
1 0.2626953125 0.330078125 0.08984375 0.09375
1 0.2734375 0.7138671875 0.1171875 0.0859375
1 0.197265625 0.6884765625 0.09765625 0.046875
1 0.1826171875 0.76171875 0.1484375 0.064453125
1 0.0712890625 0.931640625 0.142578125 0.13671875
4 0.2392578125 0.9443359375 0.2109375 0.111328125
4 0.376953125 0.9912109375 0.1484375 0.017578125
4 0.48046875 0.9375 0.203125 0.125
4 0.369140625 0.8642578125 0.203125 0.15625
4 0.5859375 0.9775390625 0.1484375 0.044921875
4 0.69921875 0.92578125 0.17578125 0.14453125
4 0.7646484375 0.8349609375 0.123046875 0.1484375
4 0.8515625 0.7333984375 0.095703125 0.142578125
4 0.6875 0.751953125 0.2109375 0.171875
4 0.5654296875 0.67578125 0.205078125 0.14453125
4 0.458984375 0.7734375 0.21484375 0.177734375
4 0.7890625 0.6591796875 0.16796875 0.169921875
4 0.8388671875 0.576171875 0.095703125 0.14453125
4 0.82421875 0.4638671875 0.099609375 0.13671875
4 0.677734375 0.5849609375 0.15234375 0.11328125
4 0.6630859375 0.46484375 0.15625 0.123046875
4 0.755859375 0.3828125 0.1640625 0.14453125
4 0.8056640625 0.302734375 0.115234375 0.1484375
4 0.7333984375 0.2109375 0.169921875 0.15234375
4 0.6513671875 0.294921875 0.1875 0.142578125
4 0.541015625 0.38671875 0.17578125 0.140625
4 0.66796875 0.048828125 0.123046875 0.09765625
4 0.6240234375 0.1142578125 0.177734375 0.126953125
4 0.52734375 0.1953125 0.1796875 0.1328125
4 0.4248046875 0.28125 0.20703125 0.15234375
4 0.505859375 0.0458984375 0.21875 0.091796875
4 0.4208984375 0.1044921875 0.197265625 0.16796875
4 0.3154296875 0.1806640625 0.189453125 0.15625
4 0.283203125 0.0361328125 0.224609375 0.072265625
4 0.177734375 0.0751953125 0.21875 0.138671875
4 0.078125 0.0263671875 0.15625 0.052734375