1 0.974609375 0.240234375 0.05078125 0.109375
1 0.916015625 0.24609375 0.08984375 0.119140625
1 0.8369140625 0.2392578125 0.083984375 0.107421875
1 0.763671875 0.23828125 0.08203125 0.11328125
1 0.6875 0.236328125 0.08203125 0.1015625
1 0.61328125 0.23828125 0.08203125 0.11328125
1 0.541015625 0.2392578125 0.08984375 0.107421875
1 0.4638671875 0.2431640625 0.0859375 0.125
1 0.3837890625 0.2275390625 0.08984375 0.134765625
1 0.3046875 0.232421875 0.08984375 0.10546875
1 0.2275390625 0.236328125 0.09375 0.10546875
1 0.1455078125 0.2353515625 0.08203125 0.109375
1 0.07421875 0.2255859375 0.087890625 0.130859375
1 0.017578125 0.2353515625 0.03515625 0.109375
1 0.982421875 0.6083984375 0.03515625 0.08984375
1 0.931640625 0.6142578125 0.087890625 0.111328125
1 0.853515625 0.603515625 0.08984375 0.08984375
1 0.7724609375 0.6005859375 0.0859375 0.083984375
1 0.6953125 0.611328125 0.08203125 0.09375
1 0.6220703125 0.611328125 0.08984375 0.09375
1 0.541015625 0.607421875 0.091796875 0.078125
1 0.462890625 0.6123046875 0.087890625 0.09765625
1 0.380859375 0.6123046875 0.09375 0.09375
1 0.302734375 0.609375 0.08203125 0.1015625
1 0.2294921875 0.6064453125 0.08984375 0.07421875
1 0.1513671875 0.6064453125 0.08984375 0.08984375
1 0.0673828125 0.6103515625 0.08203125 0.087890625
1 0.01953125 0.6142578125 0.0390625 0.076171875
1 0.94140625 0.4208984375 0.1171875 0.216796875
1 0.787109375 0.435546875 0.22265625 0.21484375
1 0.6162109375 0.4267578125 0.16015625 0.20703125
1 0.4541015625 0.4169921875 0.23046875 0.181640625
1 0.2333984375 0.4306640625 0.220703125 0.20703125
1 0.0673828125 0.4150390625 0.134765625 0.216796875