0 0.94140625 0.7607421875 0.1171875 0.123046875
0 0.9326171875 0.37109375 0.1328125 0.115234375
0 0.9326171875 0.0224609375 0.1328125 0.04296875
1 0.931640625 0.1796875 0.13671875 0.26953125
1 0.939453125 0.9111328125 0.12109375 0.177734375
1 0.935546875 0.5654296875 0.12890625 0.271484375
1 0.4130859375 0.7783203125 0.69921875 0.265625
1 0.4150390625 0.4677734375 0.66796875 0.25390625
1 0.416015625 0.1689453125 0.681640625 0.28125
1 0.4150390625 0.3310546875 0.6953125 0.171875
1 0.4208984375 0.6337890625 0.6953125 0.177734375
1 0.435546875 0.9287109375 0.7109375 0.142578125
1 0.42578125 0.0556640625 0.7109375 0.111328125