1 0.03515625 0.5263671875 0.0703125 0.169921875
1 0.15234375 0.5361328125 0.17578125 0.193359375
1 0.3193359375 0.533203125 0.16015625 0.185546875
1 0.4794921875 0.537109375 0.169921875 0.1826171875
1 0.642578125 0.5419921875 0.169921875 0.193359375
1 0.8095703125 0.5419921875 0.1708984375 0.19921875
1 0.9462890625 0.54296875 0.1064453125 0.208984375
0 0.240234375 0.3095703125 0.19140625 0.228515625
0 0.71875 0.328125 0.2001953125 0.203125
1 0.9072265625 0.3193359375 0.1845703125 0.19921875
1 0.474609375 0.3193359375 0.2802734375 0.20703125
1 0.0732421875 0.3046875 0.1455078125 0.2138671875