0 0.2890625 0.0390625 0.24609375 0.078125
0 0.287109375 0.1484375 0.23828125 0.140625
0 0.2763671875 0.2763671875 0.24609375 0.1484375
0 0.2734375 0.3984375 0.2109375 0.126953125
0 0.279296875 0.509765625 0.21484375 0.109375
0 0.279296875 0.619140625 0.2265625 0.11328125
0 0.2705078125 0.71875 0.197265625 0.111328125
0 0.275390625 0.8154296875 0.203125 0.095703125
0 0.275390625 0.890625 0.19921875 0.087890625
0 0.267578125 0.966796875 0.18359375 0.06640625
1 0.734375 0.1865234375 0.427734375 0.35546875
1 0.6953125 0.5 0.373046875 0.27734375
1 0.650390625 0.7548828125 0.34765625 0.23828125
1 0.6162109375 0.947265625 0.30859375 0.10546875