2 0.0458984375 0.208984375 0.091796875 0.41796875
2 0.2109375 0.1923828125 0.25 0.384765625
2 0.46484375 0.177734375 0.265625 0.35546875
2 0.7021484375 0.15234375 0.228515625 0.3046875
2 0.9052734375 0.123046875 0.189453125 0.24609375
1 0.9619140625 0.4267578125 0.07421875 0.275390625
1 0.859375 0.4501953125 0.140625 0.283203125
1 0.732421875 0.4677734375 0.109375 0.275390625
1 0.6201171875 0.490234375 0.109375 0.29296875
1 0.50390625 0.5048828125 0.12109375 0.27734375
1 0.37109375 0.537109375 0.1484375 0.30859375
1 0.234375 0.5546875 0.125 0.3046875
1 0.0859375 0.5751953125 0.16015625 0.28125