0 0.517578125 0.423828125 0.16015625 0.08984375
1 0.2294921875 0.4267578125 0.26171875 0.12890625
1 0.294921875 0.5498046875 0.244140625 0.140625
1 0.5302734375 0.5859375 0.1875 0.142578125
1 0.7626953125 0.548828125 0.265625 0.14453125
1 0.802734375 0.4365234375 0.26953125 0.126953125
1 0.7333984375 0.3134765625 0.25 0.154296875
1 0.4609375 0.26953125 0.265625 0.13671875
1 0.263671875 0.3017578125 0.27734375 0.1328125
1 0.3017578125 0.794921875 0.537109375 0.41015625
1 0.7841796875 0.8017578125 0.431640625 0.396484375
1 0.2431640625 0.1494140625 0.45703125 0.298828125
1 0.7158203125 0.142578125 0.494140625 0.28515625