3 0.392578125 0.2626953125 0.59375 0.310546875
4 0.28515625 0.96484375 0.55859375 0.0703125
1 0.1572265625 0.8271484375 0.3046875 0.140625
1 0.3916015625 0.8212890625 0.18359375 0.208984375
1 0.626953125 0.9775390625 0.109375 0.044921875
1 0.60546875 0.9033203125 0.169921875 0.12890625
1 0.587890625 0.765625 0.18359375 0.125
1 0.0146484375 0.693359375 0.02734375 0.07421875
1 0.044921875 0.6494140625 0.08984375 0.091796875
1 0.08203125 0.626953125 0.1171875 0.09765625
1 0.15625 0.6240234375 0.09375 0.09375
1 0.240234375 0.6005859375 0.10546875 0.08984375
1 0.2822265625 0.564453125 0.134765625 0.1015625
1 0.376953125 0.5595703125 0.1328125 0.10546875
1 0.4599609375 0.560546875 0.12890625 0.078125
1 0.544921875 0.55078125 0.08203125 0.08984375
1 0.603515625 0.509765625 0.111328125 0.087890625
1 0.005859375 0.79296875 0.01171875 0.03515625
1 0.015625 0.7626953125 0.03125 0.02734375
1 0.0361328125 0.7294921875 0.044921875 0.037109375
1 0.064453125 0.7158203125 0.0390625 0.03125
1 0.0966796875 0.7041015625 0.0390625 0.029296875
1 0.14453125 0.693359375 0.0390625 0.03125
1 0.177734375 0.6953125 0.03515625 0.029296875
1 0.216796875 0.705078125 0.0390625 0.029296875
1 0.2685546875 0.7041015625 0.03515625 0.015625
1 0.2705078125 0.67578125 0.048828125 0.03125
1 0.3017578125 0.6435546875 0.0546875 0.02734375
1 0.341796875 0.6357421875 0.0546875 0.0390625
1 0.3896484375 0.6357421875 0.0546875 0.03515625
1 0.4404296875 0.63671875 0.05859375 0.0390625
1 0.4921875 0.6337890625 0.0625 0.03515625
1 0.5341796875 0.62109375 0.0703125 0.02734375
1 0.580078125 0.603515625 0.06640625 0.03515625
1 0.896484375 0.9853515625 0.01953125 0.02734375
1 0.91796875 0.986328125 0.015625 0.02734375
1 0.896484375 0.931640625 0.01953125 0.02734375
1 0.9140625 0.9345703125 0.017578125 0.02734375
1 0.89453125 0.876953125 0.017578125 0.02734375
1 0.9130859375 0.8759765625 0.01953125 0.02734375
1 0.8935546875 0.818359375 0.017578125 0.0390625
1 0.91015625 0.8193359375 0.01953125 0.037109375
1 0.896484375 0.7607421875 0.01953125 0.03125
1 0.912109375 0.7607421875 0.015625 0.033203125
1 0.8974609375 0.705078125 0.01953125 0.033203125
1 0.912109375 0.7060546875 0.015625 0.03125
1 0.896484375 0.6435546875 0.017578125 0.0390625
1 0.91015625 0.64453125 0.029296875 0.037109375
1 0.892578125 0.5908203125 0.021484375 0.033203125
1 0.9130859375 0.5927734375 0.01953125 0.03125
1 0.896484375 0.5283203125 0.015625 0.033203125
1 0.9111328125 0.5283203125 0.01953125 0.0234375
1 0.89453125 0.4775390625 0.0234375 0.03125
1 0.9130859375 0.4755859375 0.01953125 0.02734375
1 0.8955078125 0.4140625 0.01953125 0.03125
1 0.916015625 0.4130859375 0.01953125 0.0390625
1 0.8974609375 0.3623046875 0.021484375 0.03125
1 0.9150390625 0.3603515625 0.015625 0.02734375
1 0.8984375 0.30078125 0.0234375 0.03125
1 0.9140625 0.296875 0.021484375 0.037109375
0 0.9052734375 0.3310546875 0.03515625 0.03125
0 0.90625 0.388671875 0.033203125 0.03125
0 0.9052734375 0.4462890625 0.0390625 0.03125
0 0.9052734375 0.5029296875 0.0390625 0.029296875
0 0.904296875 0.560546875 0.0390625 0.02734375
0 0.9013671875 0.6171875 0.0390625 0.03125
0 0.9033203125 0.6748046875 0.03515625 0.03125
0 0.90234375 0.732421875 0.03515625 0.03515625
0 0.9033203125 0.7900390625 0.0390625 0.029296875
0 0.9052734375 0.849609375 0.0390625 0.03125
0 0.9033203125 0.9072265625 0.037109375 0.037109375
0 0.90234375 0.9599609375 0.037109375 0.0390625
1 0.7548828125 0.9609375 0.08984375 0.068359375
1 0.7568359375 0.8955078125 0.091796875 0.06640625
1 0.7548828125 0.830078125 0.095703125 0.068359375
1 0.7529296875 0.7646484375 0.09765625 0.0625
1 0.751953125 0.701171875 0.09765625 0.0625
1 0.7529296875 0.63671875 0.103515625 0.06640625
1 0.7529296875 0.5732421875 0.09765625 0.06640625
1 0.7529296875 0.5078125 0.10546875 0.068359375
1 0.751953125 0.44140625 0.1015625 0.06640625
1 0.7548828125 0.3759765625 0.1015625 0.06640625
1 0.7568359375 0.3115234375 0.10546875 0.06640625
1 0.9658203125 0.962890625 0.068359375 0.07421875
1 0.9658203125 0.8837890625 0.068359375 0.146484375
1 0.96484375 0.7646484375 0.0703125 0.140625
1 0.96484375 0.658203125 0.0703125 0.125
1 0.96484375 0.533203125 0.0703125 0.13671875
1 0.9658203125 0.421875 0.068359375 0.125
1 0.9677734375 0.318359375 0.064453125 0.10546875
1 0.9794921875 0.0205078125 0.041015625 0.041015625
1 0.9765625 0.07421875 0.046875 0.06640625
1 0.9755859375 0.1328125 0.046875 0.05859375
1 0.97265625 0.1826171875 0.0546875 0.0546875
1 0.9677734375 0.2333984375 0.064453125 0.052734375