3 0.3212890625 0.087890625 0.013671875 0.03125
3 0.3095703125 0.0869140625 0.01171875 0.02734375
3 0.2978515625 0.0849609375 0.013671875 0.03125
3 0.318359375 0.138671875 0.015625 0.03515625
3 0.3017578125 0.1357421875 0.015625 0.037109375
3 0.287109375 0.1337890625 0.013671875 0.037109375
3 0.314453125 0.1875 0.013671875 0.05078125
3 0.2958984375 0.18359375 0.017578125 0.044921875
3 0.2763671875 0.181640625 0.015625 0.05078125
2 0.4462890625 0.337890625 0.064453125 0.1796875
2 0.4130859375 0.296875 0.08203125 0.18359375
2 0.1640625 0.2548828125 0.05078125 0.181640625
2 0.115234375 0.3017578125 0.0546875 0.19921875
2 0.845703125 0.248046875 0.07421875 0.228515625
2 0.630859375 0.310546875 0.08984375 0.23046875
3 0.927734375 0.9169921875 0.05859375 0.1640625
3 0.650390625 0.6728515625 0.11328125 0.2421875
3 0.7138671875 0.8603515625 0.1015625 0.279296875
3 0.423828125 0.70703125 0.09765625 0.234375
3 0.318359375 0.8955078125 0.1484375 0.208984375
3 0.17578125 0.892578125 0.09765625 0.21484375
3 0.2548828125 0.556640625 0.06640625 0.193359375
3 0.2421875 0.7548828125 0.0859375 0.2265625
3 0.02734375 0.666015625 0.048828125 0.1328125
2 0.0048828125 0.6552734375 0.009765625 0.126953125
2 0.8955078125 0.78515625 0.021484375 0.046875
2 0.8837890625 0.6748046875 0.015625 0.04296875
2 0.876953125 0.6357421875 0.01953125 0.03515625
2 0.8720703125 0.5751953125 0.017578125 0.046875
2 0.8662109375 0.5205078125 0.015625 0.04296875
2 0.857421875 0.466796875 0.01953125 0.048828125
2 0.8515625 0.4189453125 0.01953125 0.048828125
2 0.8466796875 0.3603515625 0.01953125 0.04296875
2 0.8056640625 0.2685546875 0.01953125 0.04296875
2 0.7958984375 0.3056640625 0.01953125 0.046875
2 0.787109375 0.3408203125 0.01953125 0.046875
2 0.77734375 0.37109375 0.0234375 0.04296875
2 0.7666015625 0.4072265625 0.0234375 0.04296875
2 0.75390625 0.4423828125 0.0234375 0.048828125
2 0.7412109375 0.4765625 0.029296875 0.044921875
2 0.7294921875 0.515625 0.0234375 0.048828125
2 0.720703125 0.5595703125 0.0234375 0.056640625
2 0.7041015625 0.591796875 0.02734375 0.048828125
2 0.6904296875 0.6337890625 0.025390625 0.05078125
2 0.5888671875 0.322265625 0.0234375 0.0390625
2 0.5791015625 0.3525390625 0.0234375 0.037109375
2 0.568359375 0.3837890625 0.0234375 0.0390625
2 0.5556640625 0.4169921875 0.02734375 0.044921875
2 0.5439453125 0.453125 0.02734375 0.046875
2 0.5322265625 0.4892578125 0.0234375 0.04296875
2 0.51953125 0.5224609375 0.01953125 0.048828125
2 0.505859375 0.5546875 0.02734375 0.04296875
2 0.494140625 0.591796875 0.0234375 0.0390625
2 0.48046875 0.6259765625 0.0234375 0.044921875
2 0.4677734375 0.6611328125 0.0234375 0.046875
2 0.4052734375 0.3701171875 0.0234375 0.0546875
2 0.3896484375 0.400390625 0.017578125 0.044921875
2 0.37890625 0.431640625 0.021484375 0.046875
2 0.365234375 0.4609375 0.015625 0.041015625
2 0.3505859375 0.4921875 0.021484375 0.04296875
2 0.3388671875 0.52734375 0.0234375 0.044921875
2 0.32421875 0.556640625 0.025390625 0.05078125
2 0.310546875 0.595703125 0.01953125 0.04296875
2 0.2978515625 0.6240234375 0.0234375 0.046875
2 0.283203125 0.6591796875 0.01953125 0.044921875
2 0.267578125 0.69140625 0.01953125 0.04296875
2 0.3740234375 0.314453125 0.015625 0.0390625
2 0.36328125 0.33984375 0.017578125 0.04296875
2 0.34765625 0.3759765625 0.01953125 0.04296875
2 0.3359375 0.4072265625 0.01953125 0.04296875
2 0.32421875 0.435546875 0.0234375 0.04296875
2 0.3125 0.4658203125 0.0234375 0.037109375
2 0.2978515625 0.5009765625 0.025390625 0.0390625
2 0.28515625 0.533203125 0.01953125 0.04296875
2 0.2431640625 0.53125 0.0234375 0.046875
2 0.2353515625 0.494140625 0.01953125 0.0390625
2 0.228515625 0.4658203125 0.0234375 0.04296875
2 0.2236328125 0.427734375 0.01953125 0.05078125
2 0.2216796875 0.396484375 0.021484375 0.048828125
2 0.2109375 0.365234375 0.0234375 0.046875
2 0.205078125 0.33203125 0.01953125 0.046875
2 0.203125 0.296875 0.01953125 0.04296875
2 0.21484375 0.701171875 0.02734375 0.0390625
2 0.208984375 0.6630859375 0.0234375 0.044921875
2 0.2001953125 0.625 0.02734375 0.04296875
2 0.197265625 0.58984375 0.0234375 0.05078125
2 0.19140625 0.5537109375 0.025390625 0.048828125
2 0.1826171875 0.51953125 0.03125 0.046875
2 0.1796875 0.484375 0.01953125 0.048828125
2 0.1728515625 0.4482421875 0.02734375 0.04296875
2 0.16796875 0.4140625 0.02734375 0.03515625
2 0.158203125 0.37890625 0.03125 0.0390625
2 0.15625 0.3466796875 0.02734375 0.0390625
2 0.119140625 0.373046875 0.01953125 0.037109375
2 0.1064453125 0.416015625 0.01953125 0.046875
2 0.09765625 0.466796875 0.01953125 0.04296875
2 0.0859375 0.509765625 0.01953125 0.046875
2 0.0751953125 0.5498046875 0.01953125 0.041015625
2 0.064453125 0.5888671875 0.01953125 0.037109375
2 0.048828125 0.63671875 0.01953125 0.04296875
2 0.0263671875 0.7255859375 0.013671875 0.046875
2 0.0166015625 0.7744140625 0.01953125 0.04296875
2 0.0087890625 0.8154296875 0.017578125 0.03515625