4 0.51171875 0.609375 0.83203125 0.505859375
1 0.06640625 0.111328125 0.1328125 0.22265625
1 0.310546875 0.1142578125 0.37109375 0.228515625
1 0.5869140625 0.125 0.328125 0.25
1 0.1943359375 0.890625 0.22265625 0.21875
1 0.4775390625 0.9228515625 0.359375 0.154296875
2 0.009765625 0.376953125 0.01953125 0.05078125
2 0.0234375 0.3466796875 0.04296875 0.072265625
2 0.05859375 0.3173828125 0.044921875 0.064453125
2 0.1005859375 0.3125 0.03125 0.0625
2 0.14453125 0.322265625 0.03125 0.0546875
2 0.1767578125 0.310546875 0.052734375 0.064453125
2 0.2236328125 0.302734375 0.04296875 0.05859375
2 0.271484375 0.3076171875 0.046875 0.0625
2 0.3193359375 0.302734375 0.048828125 0.07421875
2 0.3681640625 0.3251953125 0.041015625 0.06640625
2 0.4111328125 0.328125 0.046875 0.05078125
2 0.458984375 0.337890625 0.044921875 0.0546875
2 0.5068359375 0.3486328125 0.046875 0.05859375
2 0.55859375 0.35546875 0.048828125 0.0625
2 0.607421875 0.3603515625 0.060546875 0.0625
2 0.6611328125 0.3701171875 0.041015625 0.0546875
2 0.7158203125 0.37890625 0.046875 0.056640625
2 0.7724609375 0.384765625 0.0546875 0.06640625
2 0.0166015625 0.5712890625 0.033203125 0.06640625
2 0.060546875 0.6337890625 0.04296875 0.044921875
2 0.10546875 0.6875 0.044921875 0.052734375
2 0.1533203125 0.728515625 0.04296875 0.0546875
2 0.203125 0.7548828125 0.04296875 0.056640625
2 0.24609375 0.755859375 0.0390625 0.07421875
2 0.296875 0.8056640625 0.05078125 0.068359375
2 0.3505859375 0.837890625 0.03515625 0.0703125
2 0.388671875 0.8330078125 0.0390625 0.08984375
2 0.44140625 0.8505859375 0.046875 0.0703125
2 0.4873046875 0.876953125 0.046875 0.0703125
2 0.5380859375 0.8759765625 0.048828125 0.08984375
2 0.5859375 0.8828125 0.052734375 0.09375
2 0.6337890625 0.9072265625 0.05078125 0.072265625
2 0.6806640625 0.9111328125 0.046875 0.07421875
2 0.728515625 0.9208984375 0.048828125 0.095703125
2 0.78125 0.9365234375 0.060546875 0.08984375
2 0.8408203125 0.9521484375 0.060546875 0.0703125
2 0.904296875 0.9599609375 0.048828125 0.080078125