0 0.5146484375 0.14453125 0.16796875 0.1171875
0 0.5146484375 0.2958984375 0.17578125 0.126953125
0 0.5283203125 0.43359375 0.16796875 0.13671875
0 0.5419921875 0.5849609375 0.15625 0.123046875
0 0.5576171875 0.7294921875 0.15234375 0.1171875
0 0.5634765625 0.875 0.15234375 0.123046875
0 0.5732421875 0.984375 0.154296875 0.03125
0 0.4912109375 0.03125 0.150390625 0.0625
1 0.8720703125 0.1201171875 0.255859375 0.240234375
1 0.8857421875 0.3642578125 0.2265625 0.259765625
1 0.896484375 0.5830078125 0.20703125 0.234375
1 0.896484375 0.8017578125 0.20703125 0.23828125