4 0.330078125 0.109375 0.2734375 0.21484375
4 0.4609375 0.0830078125 0.19140625 0.166015625
1 0.0546875 0.0302734375 0.03125 0.05859375
1 0.05859375 0.09375 0.02734375 0.07421875
1 0.0576171875 0.1650390625 0.02734375 0.0703125
1 0.060546875 0.23828125 0.03125 0.06640625
1 0.0625 0.3095703125 0.03515625 0.07421875
1 0.0634765625 0.3818359375 0.03125 0.072265625
1 0.0673828125 0.453125 0.03125 0.078125
1 0.068359375 0.521484375 0.03125 0.06640625
1 0.0693359375 0.5927734375 0.03515625 0.068359375
1 0.072265625 0.662109375 0.033203125 0.07421875
1 0.072265625 0.7294921875 0.03515625 0.0703125
1 0.0751953125 0.796875 0.03515625 0.068359375
1 0.0732421875 0.8662109375 0.0390625 0.0625
1 0.0751953125 0.9267578125 0.033203125 0.064453125
1 0.080078125 0.9775390625 0.02734375 0.044921875
0 0.1005859375 0.01171875 0.02734375 0.0234375
0 0.1005859375 0.0556640625 0.02734375 0.05078125
0 0.1005859375 0.1162109375 0.02734375 0.05078125
0 0.1044921875 0.171875 0.03515625 0.060546875
0 0.10546875 0.23046875 0.029296875 0.046875
0 0.10546875 0.2900390625 0.03125 0.0546875
0 0.10546875 0.345703125 0.03125 0.0546875
0 0.109375 0.40234375 0.03125 0.048828125
0 0.111328125 0.4619140625 0.03125 0.056640625
0 0.111328125 0.5185546875 0.03125 0.048828125
0 0.11328125 0.5703125 0.03125 0.05078125
0 0.1142578125 0.6298828125 0.03125 0.052734375
0 0.119140625 0.6826171875 0.029296875 0.046875
0 0.1201171875 0.7412109375 0.033203125 0.046875
0 0.119140625 0.7978515625 0.033203125 0.05859375
0 0.1201171875 0.853515625 0.03515625 0.048828125
0 0.1201171875 0.908203125 0.03125 0.046875
0 0.1220703125 0.962890625 0.02734375 0.0390625
0 0.1240234375 0.9951171875 0.03515625 0.009765625
1 0.1435546875 0.0126953125 0.037109375 0.025390625
1 0.146484375 0.0576171875 0.04296875 0.064453125
1 0.14453125 0.1162109375 0.033203125 0.05078125
1 0.1484375 0.1728515625 0.04296875 0.0625
1 0.146484375 0.2314453125 0.037109375 0.05859375
1 0.150390625 0.29296875 0.041015625 0.05859375
1 0.1484375 0.3447265625 0.0390625 0.052734375
1 0.15234375 0.400390625 0.04296875 0.0703125
1 0.1513671875 0.4599609375 0.0390625 0.0546875
1 0.15625 0.51953125 0.044921875 0.0625
1 0.1572265625 0.5703125 0.03515625 0.04296875
1 0.162109375 0.6279296875 0.03515625 0.064453125
1 0.16015625 0.6884765625 0.0390625 0.05078125
1 0.1640625 0.744140625 0.0390625 0.056640625
1 0.1591796875 0.7958984375 0.03515625 0.046875
1 0.166015625 0.8505859375 0.04296875 0.0625
1 0.1650390625 0.91015625 0.033203125 0.056640625
1 0.1669921875 0.962890625 0.037109375 0.0546875
1 0.220703125 0.1728515625 0.04296875 0.0390625
1 0.224609375 0.2158203125 0.04296875 0.04296875
1 0.2099609375 0.2509765625 0.0390625 0.037109375
1 0.2109375 0.2900390625 0.04296875 0.05078125
1 0.2001953125 0.376953125 0.0390625 0.07421875
1 0.201171875 0.4716796875 0.0390625 0.076171875
1 0.2109375 0.59375 0.04296875 0.064453125
1 0.2119140625 0.6826171875 0.0390625 0.0625
1 0.224609375 0.775390625 0.048828125 0.06640625
1 0.224609375 0.8720703125 0.0390625 0.068359375
1 0.2255859375 0.962890625 0.0390625 0.0546875
0 0.2998046875 0.228515625 0.046875 0.0546875
0 0.2900390625 0.3046875 0.046875 0.0625
0 0.3515625 0.224609375 0.05078125 0.0546875
0 0.345703125 0.2978515625 0.05078125 0.0625
0 0.39453125 0.298828125 0.052734375 0.05859375
0 0.404296875 0.2275390625 0.046875 0.05859375
0 0.4560546875 0.2216796875 0.052734375 0.0625
0 0.4501953125 0.2998046875 0.0546875 0.05078125
0 0.509765625 0.3017578125 0.0546875 0.0546875
0 0.5126953125 0.2236328125 0.05078125 0.05859375
0 0.5634765625 0.22265625 0.0546875 0.0625
0 0.5595703125 0.2998046875 0.0546875 0.05859375
0 0.6201171875 0.220703125 0.056640625 0.0546875
0 0.61328125 0.2998046875 0.0546875 0.05859375
0 0.671875 0.224609375 0.0546875 0.05859375
0 0.6728515625 0.2958984375 0.048828125 0.05859375
0 0.7314453125 0.2236328125 0.0546875 0.05859375
0 0.7255859375 0.2958984375 0.05078125 0.05078125
0 0.78125 0.21875 0.052734375 0.0546875
0 0.7802734375 0.296875 0.052734375 0.0625
0 0.8408203125 0.2216796875 0.0546875 0.056640625
0 0.837890625 0.296875 0.056640625 0.06640625
0 0.8935546875 0.21875 0.056640625 0.052734375
0 0.947265625 0.212890625 0.046875 0.06640625
0 0.8916015625 0.2919921875 0.0546875 0.05078125
0 0.94921875 0.2900390625 0.046875 0.044921875
0 0.2998046875 0.5380859375 0.0390625 0.060546875
0 0.36328125 0.4296875 0.037109375 0.0625
0 0.37109375 0.640625 0.03515625 0.064453125
0 0.4345703125 0.53515625 0.033203125 0.046875
0 0.5029296875 0.4287109375 0.03515625 0.05859375
0 0.505859375 0.630859375 0.03515625 0.056640625
0 0.57421875 0.533203125 0.0390625 0.06640625
0 0.6435546875 0.42578125 0.04296875 0.056640625
0 0.6474609375 0.6328125 0.0390625 0.05859375
0 0.7138671875 0.5283203125 0.041015625 0.0625
0 0.310546875 0.7802734375 0.0390625 0.05859375
0 0.3173828125 0.9736328125 0.037109375 0.052734375
0 0.3828125 0.8759765625 0.04296875 0.056640625
0 0.44921875 0.9775390625 0.0390625 0.044921875
0 0.44140625 0.78515625 0.04296875 0.05859375
0 0.5146484375 0.880859375 0.046875 0.056640625
0 0.5830078125 0.978515625 0.03515625 0.04296875
0 0.6494140625 0.8818359375 0.04296875 0.05859375
0 0.5830078125 0.779296875 0.0390625 0.056640625
0 0.716796875 0.7822265625 0.04296875 0.060546875
0 0.7177734375 0.9755859375 0.0390625 0.048828125
1 0.263671875 0.193359375 0.033203125 0.04296875
1 0.2607421875 0.2265625 0.03515625 0.044921875
1 0.25 0.2666015625 0.03125 0.04296875
1 0.2529296875 0.2998046875 0.03125 0.04296875
1 0.24609375 0.3388671875 0.029296875 0.044921875
1 0.2451171875 0.38671875 0.03515625 0.04296875
1 0.2451171875 0.423828125 0.03125 0.04296875
1 0.24609375 0.4638671875 0.03515625 0.04296875
1 0.25 0.505859375 0.033203125 0.0390625
1 0.2490234375 0.5458984375 0.02734375 0.044921875
1 0.2529296875 0.5859375 0.03515625 0.0390625
1 0.2509765625 0.62890625 0.03125 0.046875
1 0.2509765625 0.6689453125 0.029296875 0.0390625
1 0.251953125 0.70703125 0.03515625 0.0390625
1 0.2626953125 0.7587890625 0.02734375 0.044921875
1 0.2626953125 0.80078125 0.033203125 0.044921875
1 0.2646484375 0.8408203125 0.03125 0.04296875
1 0.267578125 0.8837890625 0.033203125 0.048828125
1 0.2646484375 0.916015625 0.029296875 0.0390625
1 0.26953125 0.955078125 0.03515625 0.04296875
1 0.267578125 0.986328125 0.03125 0.02734375
1 0.2744140625 0.44140625 0.03125 0.06640625
1 0.291015625 0.388671875 0.0625 0.0625
1 0.3251953125 0.42578125 0.044921875 0.09375
1 0.3583984375 0.375 0.0546875 0.05078125
1 0.3623046875 0.4912109375 0.0546875 0.06640625
1 0.4013671875 0.4287109375 0.04296875 0.099609375
1 0.296875 0.4814453125 0.0546875 0.0625
1 0.26953125 0.54296875 0.02734375 0.0703125
1 0.2998046875 0.5986328125 0.05078125 0.07421875
1 0.3359375 0.541015625 0.046875 0.11328125
1 0.28125 0.634765625 0.03125 0.0703125
1 0.3095703125 0.68359375 0.05859375 0.0625
1 0.33203125 0.63671875 0.04296875 0.087890625
1 0.3681640625 0.69140625 0.056640625 0.05859375
1 0.4091796875 0.642578125 0.04296875 0.076171875
1 0.3681640625 0.578125 0.052734375 0.064453125
1 0.3955078125 0.52734375 0.046875 0.078125
1 0.43359375 0.5966796875 0.05078125 0.0625
1 0.435546875 0.4755859375 0.05078125 0.06640625
1 0.474609375 0.529296875 0.052734375 0.080078125
1 0.4619140625 0.4296875 0.052734375 0.07421875
1 0.427734375 0.384765625 0.064453125 0.060546875
1 0.50390625 0.3798828125 0.06640625 0.052734375
1 0.54296875 0.4326171875 0.0546875 0.08203125
1 0.498046875 0.48828125 0.0703125 0.056640625
1 0.5078125 0.576171875 0.05859375 0.068359375
1 0.4658203125 0.6298828125 0.046875 0.08203125
1 0.5048828125 0.6875 0.05859375 0.052734375
1 0.5478515625 0.634765625 0.046875 0.09765625
1 0.5361328125 0.5361328125 0.044921875 0.083984375
1 0.5751953125 0.4736328125 0.0546875 0.05859375
1 0.5712890625 0.5947265625 0.0546875 0.07421875
1 0.61328125 0.5302734375 0.041015625 0.09375
1 0.5703125 0.388671875 0.0703125 0.06640625
1 0.599609375 0.4296875 0.04296875 0.08984375
1 0.6396484375 0.3740234375 0.06640625 0.046875
1 0.6376953125 0.48828125 0.0546875 0.072265625
1 0.681640625 0.423828125 0.04296875 0.111328125
1 0.669921875 0.5166015625 0.046875 0.0859375
1 0.712890625 0.5966796875 0.0625 0.060546875
1 0.71484375 0.4638671875 0.052734375 0.07421875
1 0.6484375 0.572265625 0.0546875 0.0625
1 0.6083984375 0.638671875 0.046875 0.0703125
1 0.5771484375 0.6796875 0.07421875 0.06640625
1 0.64453125 0.6875 0.052734375 0.0546875
1 0.685546875 0.626953125 0.048828125 0.09375
1 0.7255859375 0.6796875 0.0703125 0.06640625
1 0.2734375 0.77734375 0.04296875 0.07421875
1 0.30859375 0.736328125 0.0546875 0.03515625
1 0.30859375 0.8359375 0.0546875 0.06640625
1 0.3486328125 0.7763671875 0.041015625 0.072265625
1 0.296875 0.87890625 0.033203125 0.0546875
1 0.31640625 0.92578125 0.0625 0.05859375
1 0.28515625 0.9716796875 0.029296875 0.0546875
1 0.357421875 0.970703125 0.04296875 0.05859375
1 0.341796875 0.876953125 0.0390625 0.091796875
1 0.380859375 0.82421875 0.0546875 0.05859375
1 0.3798828125 0.94140625 0.0546875 0.072265625
1 0.4228515625 0.8818359375 0.044921875 0.09765625
1 0.4091796875 0.9677734375 0.04296875 0.0625
1 0.4052734375 0.77734375 0.04296875 0.08203125
1 0.4462890625 0.7421875 0.056640625 0.033203125
1 0.4423828125 0.8427734375 0.05859375 0.0703125
1 0.4814453125 0.7763671875 0.048828125 0.08984375
1 0.474609375 0.875 0.04296875 0.087890625
1 0.513671875 0.822265625 0.0546875 0.0546875
1 0.5107421875 0.939453125 0.05859375 0.0625
1 0.4853515625 0.9736328125 0.05078125 0.052734375
1 0.5517578125 0.8740234375 0.04296875 0.109375
1 0.5390625 0.779296875 0.046875 0.07421875
1 0.5732421875 0.833984375 0.05859375 0.0625
1 0.619140625 0.7841796875 0.041015625 0.1015625
1 0.5830078125 0.9228515625 0.05078125 0.0625
1 0.54296875 0.9697265625 0.041015625 0.060546875
1 0.6220703125 0.966796875 0.041015625 0.06640625
1 0.6533203125 0.9931640625 0.05859375 0.013671875
1 0.607421875 0.8837890625 0.0546875 0.08984375
1 0.650390625 0.8193359375 0.05859375 0.0546875
1 0.64453125 0.9423828125 0.05859375 0.05859375
1 0.6875 0.87890625 0.0390625 0.08984375
1 0.6806640625 0.9765625 0.048828125 0.046875
1 0.7177734375 0.9267578125 0.05859375 0.05078125
1 0.755859375 0.9677734375 0.04296875 0.064453125
1 0.71484375 0.84375 0.060546875 0.064453125
1 0.6748046875 0.7900390625 0.044921875 0.0703125
1 0.71875 0.3798828125 0.078125 0.06640625
1 0.7470703125 0.4267578125 0.04296875 0.08984375
1 0.787109375 0.3720703125 0.0546875 0.060546875
1 0.7900390625 0.48828125 0.056640625 0.0625
1 0.826171875 0.4208984375 0.0390625 0.09375
1 0.8583984375 0.3779296875 0.0703125 0.07421875
1 0.892578125 0.419921875 0.05078125 0.09375
1 0.9345703125 0.3623046875 0.0625 0.0703125
1 0.9697265625 0.419921875 0.04296875 0.07421875
1 0.93359375 0.486328125 0.068359375 0.05859375
1 0.8623046875 0.47265625 0.060546875 0.05859375
1 0.8203125 0.5224609375 0.05078125 0.078125
1 0.8583984375 0.59375 0.06640625 0.064453125
1 0.90234375 0.525390625 0.048828125 0.078125
1 0.9345703125 0.5791015625 0.0625 0.064453125
1 0.8896484375 0.62890625 0.05078125 0.083984375
1 0.9267578125 0.6875 0.05859375 0.06640625
1 0.9736328125 0.6318359375 0.04296875 0.103515625
1 0.96484375 0.5283203125 0.046875 0.099609375
1 0.7880859375 0.57421875 0.05859375 0.06640625
1 0.7470703125 0.6259765625 0.048828125 0.091796875
1 0.783203125 0.689453125 0.0546875 0.05859375
1 0.826171875 0.630859375 0.05078125 0.087890625
1 0.8583984375 0.6826171875 0.06640625 0.06640625
0 0.787109375 0.6337890625 0.044921875 0.06640625
0 0.787109375 0.4228515625 0.046875 0.0703125
0 0.857421875 0.5302734375 0.05078125 0.0703125
0 0.93359375 0.6357421875 0.046875 0.0703125
0 0.935546875 0.4267578125 0.046875 0.0703125
1 0.7548828125 0.52734375 0.0390625 0.09375
1 0.7548828125 0.7802734375 0.04296875 0.072265625
1 0.751953125 0.8837890625 0.048828125 0.095703125
1 0.7861328125 0.943359375 0.056640625 0.07421875
1 0.8251953125 0.88671875 0.046875 0.083984375
1 0.787109375 0.8251953125 0.0546875 0.076171875
1 0.814453125 0.78125 0.041015625 0.087890625
1 0.8544921875 0.841796875 0.0625 0.072265625
1 0.890625 0.7783203125 0.048828125 0.0859375
1 0.9267578125 0.822265625 0.068359375 0.078125
1 0.88671875 0.876953125 0.0546875 0.08984375
1 0.853515625 0.92578125 0.0703125 0.076171875
1 0.8232421875 0.9697265625 0.048828125 0.060546875
1 0.8984375 0.9697265625 0.04296875 0.060546875
1 0.9560546875 0.9619140625 0.0546875 0.076171875
1 0.921875 0.94140625 0.0546875 0.0703125
1 0.9638671875 0.8798828125 0.041015625 0.06640625
1 0.9541015625 0.7861328125 0.04296875 0.08984375
0 0.853515625 0.7802734375 0.05078125 0.05859375
0 0.7841796875 0.880859375 0.046875 0.06640625
0 0.857421875 0.9775390625 0.04296875 0.044921875
0 0.9287109375 0.8828125 0.04296875 0.06640625