1 0.1142578125 0.115234375 0.095703125 0.23046875
1 0.0869140625 0.3125 0.1220703125 0.201171875
1 0.2744140625 0.1328125 0.09765625 0.2646484375
1 0.2587890625 0.3583984375 0.109375 0.21484375
1 0.041015625 0.6533203125 0.0810546875 0.2099609375
1 0.146484375 0.6240234375 0.126953125 0.19921875
1 0.2529296875 0.6435546875 0.0849609375 0.16015625
1 0.3212890625 0.6611328125 0.0673828125 0.1708984375
1 0.3779296875 0.6708984375 0.05859375 0.1435546875
1 0.033203125 0.8828125 0.046875 0.072265625
1 0.064453125 0.9130859375 0.0517578125 0.060546875
1 0.09765625 0.962890625 0.037109375 0.07421875
1 0.177734375 0.884765625 0.0537109375 0.056640625
1 0.2138671875 0.908203125 0.044921875 0.0712890625
1 0.25390625 0.9306640625 0.0439453125 0.060546875
1 0.201171875 0.982421875 0.06640625 0.03515625
1 0.2939453125 0.8720703125 0.0751953125 0.0576171875
1 0.2939453125 0.9736328125 0.041015625 0.0498046875
1 0.3251953125 0.91796875 0.0400390625 0.0634765625
1 0.3623046875 0.8701171875 0.0478515625 0.056640625
0 0.3876953125 0.9384765625 0.0791015625 0.123046875
0 0.5087890625 0.8994140625 0.0537109375 0.1025390625
0 0.9052734375 0.0224609375 0.052734375 0.044921875
0 0.8740234375 0.0615234375 0.041015625 0.0654296875
0 0.9091796875 0.078125 0.052734375 0.0712890625
0 0.8828125 0.142578125 0.0400390625 0.0693359375
0 0.9208984375 0.166015625 0.052734375 0.0703125
0 0.888671875 0.2216796875 0.0400390625 0.07421875
0 0.92578125 0.244140625 0.0478515625 0.072265625
0 0.9521484375 0.1943359375 0.037109375 0.0556640625
0 0.96484375 0.2900390625 0.037109375 0.0751953125
0 0.9072265625 0.302734375 0.046875 0.0693359375
0 0.9404296875 0.33984375 0.05859375 0.0712890625
0 0.9091796875 0.400390625 0.0517578125 0.0673828125
0 0.943359375 0.4326171875 0.052734375 0.0791015625
0 0.9775390625 0.38671875 0.04296875 0.083984375
0 0.982421875 0.48046875 0.0341796875 0.078125
0 0.9267578125 0.4921875 0.048828125 0.0712890625
0 0.962890625 0.5322265625 0.060546875 0.078125
0 0.9306640625 0.5927734375 0.0546875 0.0849609375
0 0.97265625 0.65625 0.0546875 0.08203125
0 0.94140625 0.693359375 0.048828125 0.0576171875