4 0.328125 0.216796875 0.47265625 0.2109375
4 0.2919921875 0.53125 0.49609375 0.28515625
4 0.2685546875 0.7978515625 0.482421875 0.203125
0 0.1689453125 0.015625 0.03515625 0.03125
0 0.169921875 0.083984375 0.0390625 0.0390625
0 0.171875 0.15234375 0.033203125 0.0234375
1 0.1240234375 0.017578125 0.0390625 0.03515625
1 0.1240234375 0.0498046875 0.0390625 0.03515625
1 0.1259765625 0.0859375 0.04296875 0.03515625
1 0.1279296875 0.1181640625 0.03515625 0.03515625
1 0.126953125 0.15234375 0.03515625 0.03125
0 0.0849609375 0.2470703125 0.064453125 0.02734375
0 0.0927734375 0.2822265625 0.068359375 0.05078125
1 0.02734375 0.087890625 0.0546875 0.0546875
1 0.03125 0.1708984375 0.0625 0.0625
1 0.03515625 0.25390625 0.0703125 0.076171875
1 0.033203125 0.349609375 0.06640625 0.068359375
1 0.0341796875 0.4306640625 0.068359375 0.068359375
1 0.0361328125 0.5205078125 0.072265625 0.080078125
1 0.0361328125 0.61328125 0.072265625 0.07421875
1 0.037109375 0.701171875 0.07421875 0.0703125
1 0.0390625 0.783203125 0.078125 0.0703125
1 0.0341796875 0.8681640625 0.068359375 0.072265625
1 0.037109375 0.9541015625 0.07421875 0.05859375
4 0.03125 0.9853515625 0.0625 0.029296875
4 0.03125 0.91015625 0.0625 0.05078125
4 0.0322265625 0.8232421875 0.0625 0.056640625
4 0.03125 0.7412109375 0.0625 0.056640625
4 0.0341796875 0.650390625 0.068359375 0.046875
4 0.033203125 0.568359375 0.06640625 0.05078125
4 0.0341796875 0.4794921875 0.068359375 0.056640625
4 0.03125 0.392578125 0.0625 0.048828125
4 0.03125 0.3046875 0.0625 0.05859375
4 0.029296875 0.2119140625 0.05859375 0.060546875
4 0.029296875 0.125 0.05859375 0.05078125
1 0.11328125 0.8466796875 0.05078125 0.02734375
1 0.119140625 0.8779296875 0.037109375 0.03125
1 0.1171875 0.9130859375 0.044921875 0.03515625
1 0.1220703125 0.9423828125 0.0390625 0.03515625
1 0.119140625 0.9775390625 0.046875 0.02734375
0 0.162109375 0.9775390625 0.03125 0.041015625
0 0.1640625 0.91015625 0.0390625 0.03515625