3 0.4501953125 0.72265625 0.37109375 0.5546875
0 0.73046875 0.9521484375 0.07421875 0.095703125
0 0.6640625 0.9296875 0.07421875 0.09765625
0 0.6708984375 0.8408203125 0.05859375 0.1015625
0 0.6083984375 0.806640625 0.0703125 0.10546875
0 0.6171875 0.7216796875 0.05859375 0.109375
0 0.5576171875 0.6845703125 0.0625 0.103515625
0 0.560546875 0.6005859375 0.046875 0.080078125
1 0.9091796875 0.4130859375 0.03515625 0.080078125
1 0.9873046875 0.4189453125 0.0234375 0.07421875
1 0.9677734375 0.4169921875 0.03515625 0.07421875
1 0.94140625 0.4189453125 0.0390625 0.08203125
1 0.888671875 0.4091796875 0.0390625 0.0703125
1 0.8603515625 0.4091796875 0.033203125 0.078125
1 0.8310546875 0.4091796875 0.03515625 0.076171875
1 0.7958984375 0.400390625 0.037109375 0.076171875
1 0.767578125 0.40234375 0.025390625 0.080078125
1 0.66015625 0.3896484375 0.037109375 0.08203125
1 0.6240234375 0.3837890625 0.033203125 0.08984375
1 0.5859375 0.3876953125 0.04296875 0.08984375
1 0.5439453125 0.3837890625 0.05078125 0.091796875
1 0.4990234375 0.3798828125 0.05078125 0.09375
1 0.4521484375 0.373046875 0.05078125 0.08203125
1 0.404296875 0.369140625 0.046875 0.087890625
1 0.353515625 0.3662109375 0.060546875 0.09375
1 0.2998046875 0.3623046875 0.05859375 0.09765625
1 0.2421875 0.3583984375 0.0625 0.115234375
1 0.18359375 0.353515625 0.06640625 0.107421875
1 0.12109375 0.3466796875 0.0703125 0.10546875
1 0.048828125 0.3408203125 0.068359375 0.1015625
1 0.0078125 0.333984375 0.015625 0.11328125
1 0.0166015625 0.0595703125 0.033203125 0.1171875
1 0.087890625 0.064453125 0.072265625 0.125
1 0.1650390625 0.08203125 0.08203125 0.12890625
1 0.2421875 0.095703125 0.07421875 0.125
1 0.3154296875 0.11328125 0.064453125 0.1171875
1 0.3779296875 0.1259765625 0.0703125 0.109375
1 0.4462890625 0.140625 0.07421875 0.107421875
1 0.5087890625 0.1513671875 0.056640625 0.12109375
1 0.5576171875 0.1630859375 0.05859375 0.09765625
1 0.6142578125 0.1689453125 0.0625 0.1015625
1 0.6611328125 0.1826171875 0.05078125 0.103515625