1 0.3603515625 0.7548828125 0.126953125 0.20703125
1 0.35546875 0.5380859375 0.109375 0.21875
1 0.35546875 0.3408203125 0.1171875 0.1796875
1 0.3642578125 0.1474609375 0.1171875 0.15234375
0 0.4853515625 0.6396484375 0.12109375 0.265625
0 0.5595703125 0.7509765625 0.2109375 0.134765625
0 0.5595703125 0.47265625 0.19140625 0.27734375
0 0.48828125 0.3662109375 0.11328125 0.1328125
0 0.6904296875 0.63671875 0.19921875 0.302734375
0 0.8115234375 0.775390625 0.21484375 0.1796875
0 0.9287109375 0.6474609375 0.142578125 0.25390625
0 0.9833984375 0.4833984375 0.03125 0.1875
0 0.92578125 0.3671875 0.1484375 0.17578125
0 0.8212890625 0.474609375 0.23046875 0.28515625
0 0.6875 0.3671875 0.19921875 0.13671875