3 0.32421875 0.072265625 0.09765625 0.10546875
4 0.5302734375 0.154296875 0.15234375 0.08984375
4 0.5341796875 0.33984375 0.1328125 0.080078125
4 0.6025390625 0.7578125 0.12109375 0.0703125
4 0.619140625 0.8681640625 0.087890625 0.060546875
4 0.73046875 0.9150390625 0.095703125 0.0546875
4 0.861328125 0.1494140625 0.06640625 0.0546875
4 0.85546875 0.220703125 0.0703125 0.06640625
4 0.33203125 0.5078125 0.11328125 0.09765625
2 0.146484375 0.5078125 0.03125 0.029296875
2 0.1572265625 0.4833984375 0.02734375 0.02734375
2 0.173828125 0.45703125 0.02734375 0.02734375
2 0.185546875 0.431640625 0.02734375 0.0234375
2 0.197265625 0.41015625 0.02734375 0.03125
2 0.208984375 0.38671875 0.0234375 0.02734375
2 0.220703125 0.36328125 0.025390625 0.03125
2 0.232421875 0.337890625 0.0234375 0.03125
2 0.24609375 0.318359375 0.03125 0.03125
2 0.2587890625 0.29296875 0.03125 0.029296875
2 0.271484375 0.2685546875 0.03125 0.03125
2 0.28515625 0.2421875 0.03125 0.03125
2 0.2978515625 0.2177734375 0.03125 0.033203125
2 0.3115234375 0.1904296875 0.02734375 0.029296875
2 0.326171875 0.166015625 0.029296875 0.02734375
2 0.341796875 0.1396484375 0.03515625 0.03125
2 0.30078125 0.013671875 0.0234375 0.025390625
2 0.263671875 0.087890625 0.0234375 0.02734375
2 0.2548828125 0.111328125 0.02734375 0.02734375
2 0.2412109375 0.134765625 0.02734375 0.0234375
2 0.2314453125 0.15625 0.02734375 0.025390625
2 0.2197265625 0.1787109375 0.025390625 0.02734375
2 0.2080078125 0.2001953125 0.0234375 0.0234375
2 0.1962890625 0.2216796875 0.02734375 0.025390625
2 0.162109375 0.5712890625 0.029296875 0.0234375
2 0.1865234375 0.5947265625 0.029296875 0.021484375
2 0.2080078125 0.6162109375 0.02734375 0.021484375
2 0.2294921875 0.6357421875 0.03125 0.021484375
2 0.2529296875 0.658203125 0.02734375 0.01953125
2 0.2744140625 0.6796875 0.029296875 0.01953125
2 0.2958984375 0.69921875 0.02734375 0.0234375
2 0.3193359375 0.7197265625 0.02734375 0.01953125
2 0.3388671875 0.7412109375 0.02734375 0.01953125
2 0.361328125 0.76171875 0.03125 0.01953125
2 0.3837890625 0.7822265625 0.02734375 0.01953125
2 0.40234375 0.802734375 0.02734375 0.015625
2 0.4248046875 0.8203125 0.02734375 0.01953125
2 0.4462890625 0.841796875 0.03125 0.01953125
2 0.466796875 0.86328125 0.025390625 0.01953125
2 0.4697265625 0.951171875 0.015625 0.01171875
2 0.4775390625 0.9658203125 0.015625 0.01171875
2 0.486328125 0.9794921875 0.017578125 0.013671875
2 0.494140625 0.9931640625 0.017578125 0.01171875
3 0.470703125 0.9150390625 0.087890625 0.0625
0 0.3701171875 0.2470703125 0.015625 0.021484375
0 0.375 0.2685546875 0.015625 0.01953125
0 0.37890625 0.2890625 0.015625 0.01953125
0 0.3828125 0.310546875 0.017578125 0.0234375
0 0.38671875 0.33203125 0.017578125 0.021484375
0 0.3916015625 0.353515625 0.015625 0.021484375
0 0.3955078125 0.375 0.015625 0.01953125
0 0.3994140625 0.3935546875 0.017578125 0.01953125
0 0.4033203125 0.4140625 0.015625 0.01953125
0 0.40625 0.435546875 0.015625 0.021484375
0 0.4111328125 0.455078125 0.015625 0.01953125
0 0.4150390625 0.474609375 0.017578125 0.021484375
0 0.4189453125 0.494140625 0.015625 0.017578125
0 0.4228515625 0.5146484375 0.015625 0.0234375
0 0.42578125 0.533203125 0.015625 0.015625
0 0.4296875 0.5517578125 0.013671875 0.021484375
0 0.4326171875 0.5712890625 0.01171875 0.015625
0 0.4384765625 0.5888671875 0.013671875 0.021484375
0 0.44140625 0.6083984375 0.015625 0.015625
0 0.4443359375 0.626953125 0.013671875 0.01953125
0 0.447265625 0.64453125 0.01171875 0.015625
0 0.4501953125 0.6630859375 0.01171875 0.01953125
0 0.455078125 0.681640625 0.01171875 0.015625
0 0.4580078125 0.6982421875 0.013671875 0.01953125
0 0.4609375 0.7158203125 0.01171875 0.015625
0 0.46484375 0.7314453125 0.013671875 0.01953125
0 0.4345703125 0.0078125 0.017578125 0.015625
0 0.4287109375 0.02734375 0.017578125 0.021484375
0 0.421875 0.048828125 0.015625 0.01953125
0 0.4150390625 0.0703125 0.015625 0.01953125
0 0.408203125 0.08984375 0.017578125 0.01953125
0 0.4013671875 0.1103515625 0.01953125 0.01953125
0 0.39453125 0.1337890625 0.015625 0.02734375
0 0.396484375 0.16015625 0.01953125 0.025390625
0 0.400390625 0.185546875 0.01953125 0.025390625
0 0.4072265625 0.2119140625 0.017578125 0.025390625
0 0.4111328125 0.2373046875 0.017578125 0.0234375
0 0.416015625 0.26171875 0.017578125 0.0234375
0 0.4208984375 0.2880859375 0.015625 0.0234375
0 0.42578125 0.3125 0.017578125 0.025390625
0 0.4306640625 0.3359375 0.01953125 0.0234375
0 0.4345703125 0.359375 0.015625 0.0234375
0 0.439453125 0.3828125 0.015625 0.0234375
0 0.4443359375 0.40625 0.017578125 0.0234375
0 0.4482421875 0.4296875 0.015625 0.021484375
0 0.453125 0.451171875 0.015625 0.021484375
0 0.45703125 0.4736328125 0.017578125 0.0234375
0 0.4609375 0.4970703125 0.015625 0.0234375
0 0.46484375 0.51953125 0.015625 0.01953125
0 0.46875 0.5400390625 0.015625 0.021484375
0 0.4736328125 0.5615234375 0.017578125 0.01953125
0 0.4775390625 0.583984375 0.015625 0.021484375
0 0.48046875 0.60546875 0.015625 0.021484375
0 0.484375 0.6259765625 0.01953125 0.01953125
0 0.48828125 0.6455078125 0.015625 0.01953125
0 0.4921875 0.6669921875 0.015625 0.01953125
0 0.49609375 0.6875 0.015625 0.01953125
0 0.5 0.7080078125 0.015625 0.01953125
0 0.50390625 0.7275390625 0.015625 0.01953125
0 0.5078125 0.748046875 0.015625 0.01953125
0 0.5107421875 0.7666015625 0.013671875 0.01953125
0 0.5146484375 0.7861328125 0.01171875 0.01953125
0 0.517578125 0.8046875 0.013671875 0.01953125
0 0.521484375 0.82421875 0.015625 0.01953125
0 0.5244140625 0.8427734375 0.015625 0.017578125
0 0.52734375 0.8603515625 0.013671875 0.017578125
0 0.53125 0.87890625 0.015625 0.01953125
0 0.53515625 0.8974609375 0.015625 0.017578125
0 0.5380859375 0.9140625 0.013671875 0.015625
0 0.541015625 0.9326171875 0.015625 0.017578125
0 0.5439453125 0.9482421875 0.01171875 0.01171875
1 0.4619140625 0.001953125 0.0234375 0.00390625
1 0.4580078125 0.0166015625 0.03515625 0.02734375
1 0.447265625 0.0400390625 0.02734375 0.01953125
1 0.4443359375 0.0595703125 0.0390625 0.02734375
1 0.4345703125 0.0791015625 0.02734375 0.02734375
1 0.4306640625 0.0986328125 0.03515625 0.037109375
1 0.421875 0.1181640625 0.02734375 0.03515625
1 0.4208984375 0.142578125 0.02734375 0.04296875
1 0.4189453125 0.1669921875 0.025390625 0.0390625
1 0.427734375 0.193359375 0.0390625 0.04296875
1 0.4287109375 0.21875 0.02734375 0.0390625
1 0.4365234375 0.2431640625 0.037109375 0.044921875
1 0.4365234375 0.267578125 0.02734375 0.037109375
1 0.447265625 0.29296875 0.0390625 0.044921875
1 0.447265625 0.3173828125 0.025390625 0.0390625
1 0.4541015625 0.341796875 0.033203125 0.04296875
1 0.455078125 0.365234375 0.0234375 0.037109375
1 0.4638671875 0.388671875 0.03515625 0.04296875
1 0.462890625 0.412109375 0.0234375 0.0390625
1 0.470703125 0.435546875 0.03125 0.041015625
1 0.4716796875 0.4580078125 0.0234375 0.03515625
1 0.4814453125 0.48046875 0.03515625 0.04296875
1 0.48046875 0.501953125 0.0234375 0.03515625
1 0.4892578125 0.5244140625 0.03125 0.0390625
1 0.48828125 0.5458984375 0.0234375 0.03515625
1 0.498046875 0.5673828125 0.033203125 0.037109375
1 0.4970703125 0.58984375 0.0234375 0.03515625
1 0.5029296875 0.6103515625 0.03125 0.037109375
1 0.5029296875 0.630859375 0.025390625 0.033203125
1 0.5126953125 0.650390625 0.03125 0.0390625
1 0.51171875 0.6728515625 0.0234375 0.03125
1 0.5185546875 0.693359375 0.02734375 0.03515625
1 0.517578125 0.7119140625 0.01953125 0.03125
1 0.52734375 0.7333984375 0.03125 0.03515625
1 0.5244140625 0.75390625 0.021484375 0.02734375
1 0.533203125 0.7724609375 0.02734375 0.03515625
1 0.5322265625 0.7919921875 0.0234375 0.029296875
1 0.5390625 0.80859375 0.03125 0.03515625
1 0.5400390625 0.8291015625 0.01953125 0.03125
1 0.5458984375 0.8466796875 0.029296875 0.03125
1 0.544921875 0.8662109375 0.01953125 0.02734375
1 0.5537109375 0.884765625 0.03125 0.033203125
1 0.552734375 0.90234375 0.0234375 0.03125
1 0.55859375 0.919921875 0.02734375 0.03125
1 0.5595703125 0.9375 0.0234375 0.02734375
4 0.525390625 0.2587890625 0.0546875 0.06640625
0 0.357421875 0.26171875 0.013671875 0.02734375
0 0.349609375 0.275390625 0.01171875 0.01953125
0 0.341796875 0.29296875 0.01171875 0.0234375
0 0.3330078125 0.3056640625 0.01171875 0.01953125
0 0.3251953125 0.322265625 0.0078125 0.0234375
0 0.31640625 0.3349609375 0.01171875 0.0234375
0 0.306640625 0.34765625 0.015625 0.017578125
0 0.298828125 0.3623046875 0.01953125 0.01953125
0 0.2900390625 0.37890625 0.015625 0.017578125
0 0.283203125 0.3896484375 0.017578125 0.013671875
0 0.275390625 0.404296875 0.017578125 0.015625
0 0.267578125 0.41796875 0.01953125 0.015625
0 0.259765625 0.431640625 0.015625 0.015625
0 0.251953125 0.4443359375 0.017578125 0.015625
0 0.2451171875 0.4580078125 0.015625 0.01953125
0 0.23828125 0.4716796875 0.015625 0.015625
0 0.2314453125 0.4833984375 0.015625 0.015625
0 0.234375 0.498046875 0.017578125 0.01171875
0 0.244140625 0.51171875 0.0234375 0.015625
0 0.2587890625 0.52734375 0.01953125 0.015625
0 0.2724609375 0.5419921875 0.01953125 0.015625
0 0.4677734375 0.75 0.015625 0.01953125
0 0.4501953125 0.734375 0.015625 0.015625
0 0.4365234375 0.7197265625 0.015625 0.015625
0 0.4228515625 0.7041015625 0.015625 0.01171875
0 0.412109375 0.6923828125 0.013671875 0.013671875
0 0.396484375 0.67578125 0.015625 0.013671875
0 0.3837890625 0.662109375 0.01171875 0.01171875
0 0.3701171875 0.6474609375 0.01171875 0.01171875
0 0.3564453125 0.6337890625 0.013671875 0.013671875
0 0.341796875 0.6162109375 0.015625 0.01171875
0 0.3291015625 0.6025390625 0.01171875 0.01171875
0 0.3173828125 0.5888671875 0.013671875 0.015625
0 0.2861328125 0.556640625 0.017578125 0.01171875
0 0.3017578125 0.5732421875 0.013671875 0.015625
1 0.3564453125 0.349609375 0.064453125 0.09765625
1 0.390625 0.5908203125 0.0703125 0.05859375
1 0.4169921875 0.6650390625 0.0703125 0.08984375
1 0.359375 0.421875 0.07421875 0.0703125
1 0.3154296875 0.3828125 0.01953125 0.01953125
1 0.30859375 0.4072265625 0.0234375 0.02734375
1 0.294921875 0.4287109375 0.02734375 0.0234375
1 0.345703125 0.5947265625 0.03125 0.029296875
1 0.3232421875 0.56640625 0.0234375 0.0234375
1 0.3291015625 0.546875 0.080078125 0.04296875
1 0.3017578125 0.451171875 0.060546875 0.03125
4 0.91015625 0.8828125 0.05859375 0.0390625
1 0.8447265625 0.0087890625 0.01171875 0.015625
1 0.841796875 0.025390625 0.01171875 0.01953125
1 0.837890625 0.0439453125 0.009765625 0.01953125
1 0.833984375 0.060546875 0.01171875 0.015625
1 0.8310546875 0.078125 0.009765625 0.01953125
1 0.826171875 0.095703125 0.01171875 0.015625
1 0.81640625 0.1162109375 0.009765625 0.0234375
1 0.8125 0.13671875 0.009765625 0.01953125
1 0.80859375 0.1572265625 0.01171875 0.01953125
1 0.8046875 0.1787109375 0.013671875 0.0234375
1 0.8056640625 0.2001953125 0.015625 0.01953125
1 0.806640625 0.2216796875 0.015625 0.0234375
1 0.8095703125 0.2431640625 0.015625 0.01953125
1 0.8115234375 0.255859375 0.015625 0.0078125
1 0.81640625 0.2724609375 0.013671875 0.0234375
1 0.8173828125 0.294921875 0.015625 0.021484375
1 0.8203125 0.31640625 0.015625 0.01953125
1 0.8212890625 0.3369140625 0.015625 0.021484375
1 0.8232421875 0.357421875 0.015625 0.01953125
1 0.82421875 0.3779296875 0.015625 0.01953125
1 0.826171875 0.3974609375 0.015625 0.021484375
1 0.8291015625 0.41796875 0.015625 0.01953125
1 0.8310546875 0.4365234375 0.013671875 0.01953125
1 0.8330078125 0.45703125 0.015625 0.01953125
1 0.833984375 0.474609375 0.015625 0.01953125
1 0.8359375 0.494140625 0.015625 0.021484375
1 0.837890625 0.513671875 0.015625 0.017578125
1 0.83984375 0.5322265625 0.015625 0.01953125
1 0.8408203125 0.55078125 0.015625 0.01953125
1 0.8427734375 0.5703125 0.015625 0.015625
1 0.845703125 0.587890625 0.01171875 0.01953125
1 0.8466796875 0.6064453125 0.01171875 0.015625
1 0.8486328125 0.623046875 0.01171875 0.01953125
1 0.8505859375 0.6416015625 0.013671875 0.01953125
1 0.8515625 0.66015625 0.01171875 0.01953125
1 0.8525390625 0.6767578125 0.013671875 0.015625
1 0.85546875 0.6943359375 0.01171875 0.01953125
1 0.8564453125 0.7119140625 0.015625 0.015625
1 0.8583984375 0.7294921875 0.013671875 0.01953125
1 0.859375 0.7470703125 0.013671875 0.013671875
1 0.861328125 0.7626953125 0.01171875 0.015625
1 0.86328125 0.7783203125 0.01171875 0.015625
1 0.8642578125 0.794921875 0.01171875 0.015625
1 0.8662109375 0.810546875 0.015625 0.015625
1 0.869140625 0.826171875 0.01171875 0.015625
1 0.8681640625 0.837890625 0.013671875 0.01171875
1 0.8671875 0.8564453125 0.015625 0.021484375
1 0.869140625 0.876953125 0.01171875 0.01953125
1 0.869140625 0.8935546875 0.01171875 0.015625
1 0.87109375 0.9052734375 0.01171875 0.0078125
1 0.875 0.7626953125 0.01171875 0.01953125
1 0.8857421875 0.7666015625 0.015625 0.015625
1 0.908203125 0.7685546875 0.015625 0.017578125
1 0.9248046875 0.771484375 0.017578125 0.015625
1 0.8974609375 0.767578125 0.0078125 0.015625
1 0.970703125 0.0068359375 0.03125 0.013671875
1 0.9697265625 0.021484375 0.033203125 0.01953125
1 0.9658203125 0.0390625 0.033203125 0.0234375
1 0.9619140625 0.05859375 0.03515625 0.017578125
1 0.958984375 0.072265625 0.033203125 0.021484375
1 0.9560546875 0.08984375 0.03515625 0.0234375
1 0.953125 0.1083984375 0.033203125 0.01953125
1 0.9501953125 0.1240234375 0.03515625 0.0234375
1 0.9462890625 0.140625 0.0390625 0.0234375
1 0.943359375 0.16015625 0.0390625 0.015625
1 0.94140625 0.177734375 0.03515625 0.02734375
1 0.9423828125 0.2001953125 0.0390625 0.01953125
1 0.9423828125 0.21875 0.0390625 0.025390625
1 0.9423828125 0.240234375 0.0390625 0.02734375
1 0.9443359375 0.26171875 0.037109375 0.02734375
1 0.9462890625 0.2822265625 0.0390625 0.029296875
1 0.9462890625 0.3017578125 0.03515625 0.02734375
1 0.9482421875 0.3212890625 0.03515625 0.0234375
1 0.94921875 0.341796875 0.0390625 0.025390625
1 0.951171875 0.3603515625 0.0390625 0.02734375
1 0.9521484375 0.380859375 0.0390625 0.025390625
1 0.953125 0.3994140625 0.0390625 0.02734375
1 0.9541015625 0.4169921875 0.03515625 0.02734375
1 0.955078125 0.4375 0.0390625 0.025390625
1 0.9560546875 0.453125 0.037109375 0.02734375
1 0.95703125 0.47265625 0.03515625 0.0234375
1 0.958984375 0.4931640625 0.037109375 0.0234375
1 0.9599609375 0.509765625 0.03515625 0.0234375
1 0.9609375 0.52734375 0.03515625 0.025390625
1 0.962890625 0.546875 0.0390625 0.02734375
1 0.9638671875 0.564453125 0.0390625 0.025390625
1 0.9638671875 0.58203125 0.037109375 0.025390625
1 0.96484375 0.599609375 0.037109375 0.0234375
1 0.9658203125 0.6171875 0.037109375 0.025390625
1 0.9677734375 0.6337890625 0.037109375 0.025390625
1 0.96875 0.6494140625 0.03515625 0.0234375
1 0.96875 0.6669921875 0.03515625 0.029296875
1 0.9716796875 0.6845703125 0.03515625 0.021484375
1 0.9716796875 0.69921875 0.03515625 0.021484375
1 0.97265625 0.7177734375 0.03515625 0.01953125
1 0.9736328125 0.734375 0.03515625 0.01953125
1 0.974609375 0.7470703125 0.037109375 0.015625
1 0.9775390625 0.763671875 0.03515625 0.01953125
1 0.9775390625 0.779296875 0.03515625 0.025390625
1 0.978515625 0.7939453125 0.03125 0.021484375
1 0.9794921875 0.8115234375 0.033203125 0.0234375
1 0.98046875 0.826171875 0.033203125 0.01953125
1 0.9814453125 0.8408203125 0.03515625 0.01953125
1 0.9814453125 0.857421875 0.033203125 0.015625
1 0.982421875 0.873046875 0.03515625 0.015625
1 0.9833984375 0.8857421875 0.033203125 0.017578125
1 0.9833984375 0.90234375 0.03125 0.015625
1 0.984375 0.9150390625 0.03125 0.015625
1 0.986328125 0.9306640625 0.02734375 0.01953125
1 0.986328125 0.947265625 0.02734375 0.015625
1 0.9853515625 0.9619140625 0.02734375 0.015625
1 0.986328125 0.974609375 0.02734375 0.015625
1 0.986328125 0.9912109375 0.02734375 0.01171875
1 0.9970703125 0.033203125 0.005859375 0.01171875
1 0.9951171875 0.0458984375 0.009765625 0.017578125
1 0.9951171875 0.0595703125 0.009765625 0.009765625
1 0.9931640625 0.0732421875 0.01171875 0.017578125
1 0.9921875 0.0869140625 0.015625 0.01171875
1 0.9912109375 0.099609375 0.017578125 0.015625
1 0.9892578125 0.1142578125 0.021484375 0.013671875
1 0.9892578125 0.1298828125 0.021484375 0.01953125
1 0.986328125 0.142578125 0.02734375 0.015625
1 0.986328125 0.15625 0.02734375 0.01953125
1 0.9833984375 0.1708984375 0.0234375 0.01171875
1 0.9814453125 0.19140625 0.03125 0.02734375
1 0.9794921875 0.208984375 0.02734375 0.0078125
1 0.9814453125 0.2275390625 0.029296875 0.01953125
1 0.9814453125 0.2431640625 0.025390625 0.009765625
1 0.9833984375 0.2587890625 0.02734375 0.021484375
1 0.9853515625 0.275390625 0.029296875 0.01171875
1 0.9853515625 0.2919921875 0.02734375 0.01953125
1 0.986328125 0.306640625 0.02734375 0.0078125
1 0.98828125 0.3251953125 0.0234375 0.021484375
1 0.9873046875 0.33984375 0.0234375 0.01171875
1 0.9873046875 0.353515625 0.025390625 0.01953125
1 0.98828125 0.3701171875 0.0234375 0.013671875
1 0.98828125 0.3857421875 0.0234375 0.015625
1 0.98828125 0.400390625 0.0234375 0.0078125
1 0.9892578125 0.4169921875 0.021484375 0.01953125
1 0.9892578125 0.431640625 0.021484375 0.015625
1 0.990234375 0.4482421875 0.01953125 0.015625
1 0.9892578125 0.4609375 0.021484375 0.015625
1 0.990234375 0.4775390625 0.01953125 0.017578125
1 0.9912109375 0.4921875 0.017578125 0.01171875
1 0.9912109375 0.505859375 0.017578125 0.015625
1 0.9921875 0.5205078125 0.015625 0.0078125
1 0.9931640625 0.5341796875 0.01171875 0.017578125
1 0.9931640625 0.548828125 0.013671875 0.009765625
1 0.9931640625 0.5625 0.013671875 0.015625
1 0.9921875 0.5771484375 0.015625 0.013671875
1 0.994140625 0.5927734375 0.01171875 0.015625
1 0.994140625 0.60546875 0.01171875 0.01171875
1 0.9951171875 0.6201171875 0.009765625 0.015625
1 0.9951171875 0.6318359375 0.009765625 0.009765625
1 0.99609375 0.646484375 0.0078125 0.015625
1 0.99609375 0.66015625 0.0078125 0.009765625
1 0.9970703125 0.6728515625 0.005859375 0.015625
1 0.9970703125 0.6865234375 0.005859375 0.01171875
1 0.9970703125 0.7021484375 0.005859375 0.015625
1 0.9970703125 0.7119140625 0.005859375 0.009765625
1 0.9443359375 0.9150390625 0.0078125 0.015625
1 0.9462890625 0.9287109375 0.01171875 0.01171875
1 0.9482421875 0.94140625 0.009765625 0.013671875
1 0.94921875 0.9560546875 0.009765625 0.01171875
1 0.9541015625 0.96875 0.009765625 0.0078125
1 0.9541015625 0.9794921875 0.009765625 0.009765625
1 0.9541015625 0.9921875 0.01171875 0.01171875
0 0.61328125 0.810546875 0.0234375 0.0234375
0 0.6279296875 0.80078125 0.015625 0.013671875
0 0.638671875 0.814453125 0.0234375 0.0234375
0 0.6259765625 0.8251953125 0.01953125 0.015625
0 0.65234375 0.7998046875 0.01953125 0.0234375
0 0.6630859375 0.818359375 0.0234375 0.02734375
0 0.65234375 0.8310546875 0.017578125 0.015625
0 0.669921875 0.7880859375 0.017578125 0.015625
0 0.6796875 0.802734375 0.0234375 0.02734375
0 0.6787109375 0.8359375 0.021484375 0.017578125
0 0.69140625 0.822265625 0.0234375 0.03125
0 0.6982421875 0.7919921875 0.021484375 0.013671875
0 0.70703125 0.806640625 0.0234375 0.02734375
0 0.7060546875 0.8408203125 0.01953125 0.015625
0 0.71875 0.8271484375 0.0234375 0.03125
0 0.724609375 0.7958984375 0.021484375 0.015625
0 0.7333984375 0.8134765625 0.0234375 0.033203125
0 0.7470703125 0.83203125 0.0234375 0.02734375
0 0.7333984375 0.8447265625 0.021484375 0.017578125
0 0.751953125 0.8017578125 0.0234375 0.017578125
0 0.76171875 0.818359375 0.0234375 0.029296875
0 0.7607421875 0.8486328125 0.025390625 0.017578125
0 0.775390625 0.8369140625 0.025390625 0.03125
0 0.7802734375 0.8056640625 0.02734375 0.017578125
0 0.791015625 0.8232421875 0.02734375 0.029296875
0 0.791015625 0.8564453125 0.0234375 0.01953125
0 0.8046875 0.845703125 0.021484375 0.02734375
0 0.8095703125 0.810546875 0.0234375 0.015625
0 0.8203125 0.828125 0.0234375 0.029296875
0 0.833984375 0.8505859375 0.02734375 0.03125
0 0.8193359375 0.8603515625 0.0234375 0.01953125
0 0.837890625 0.8134765625 0.025390625 0.015625
0 0.84375 0.8349609375 0.015625 0.02734375
0 0.8447265625 0.8642578125 0.01171875 0.01171875
0 0.7216796875 0.87109375 0.013671875 0.01953125
0 0.728515625 0.8828125 0.013671875 0.013671875
0 0.744140625 0.8740234375 0.01953125 0.01953125
0 0.75390625 0.8828125 0.01171875 0.009765625
0 0.767578125 0.8779296875 0.021484375 0.017578125
0 0.7822265625 0.865234375 0.015625 0.013671875
0 0.7900390625 0.880859375 0.021484375 0.0234375
0 0.8037109375 0.87109375 0.021484375 0.015625
0 0.8046875 0.896484375 0.01953125 0.01953125
0 0.8154296875 0.88671875 0.01953125 0.02734375
0 0.830078125 0.8740234375 0.01953125 0.017578125
0 0.8271484375 0.900390625 0.01953125 0.015625
0 0.83984375 0.890625 0.01953125 0.0234375
0 0.8515625 0.8798828125 0.01171875 0.01953125
0 0.8525390625 0.90625 0.01953125 0.0234375
0 0.8388671875 0.91015625 0.01171875 0.0078125
0 0.857421875 0.892578125 0.0078125 0.013671875
2 0.7255859375 0.9931640625 0.017578125 0.013671875
2 0.7236328125 0.978515625 0.017578125 0.013671875
2 0.7216796875 0.9638671875 0.017578125 0.01953125
2 0.7255859375 0.9482421875 0.021484375 0.01953125
2 0.736328125 0.939453125 0.017578125 0.015625
2 0.7412109375 0.923828125 0.015625 0.01171875
2 0.759765625 0.9169921875 0.01953125 0.01171875
2 0.6953125 0.7568359375 0.015625 0.01171875
2 0.6943359375 0.7685546875 0.01953125 0.01953125
2 0.6962890625 0.7802734375 0.01953125 0.01171875
1 0.66015625 0.8583984375 0.015625 0.015625
1 0.6611328125 0.869140625 0.01953125 0.015625
1 0.6689453125 0.8857421875 0.025390625 0.0234375
1 0.6669921875 0.900390625 0.01953125 0.0234375
1 0.671875 0.916015625 0.0234375 0.025390625
1 0.671875 0.9306640625 0.021484375 0.0234375
1 0.6787109375 0.9453125 0.025390625 0.02734375
1 0.6767578125 0.9609375 0.01953125 0.021484375
1 0.6826171875 0.974609375 0.025390625 0.029296875
1 0.6796875 0.98828125 0.01953125 0.0234375
1 0.6875 0.99609375 0.02734375 0.0078125
0 0.6474609375 0.8681640625 0.0078125 0.01171875
0 0.6494140625 0.8837890625 0.0078125 0.015625
0 0.6533203125 0.900390625 0.01171875 0.015625
0 0.65625 0.9150390625 0.01171875 0.01953125
0 0.6572265625 0.931640625 0.01171875 0.013671875
0 0.6611328125 0.9462890625 0.013671875 0.015625
0 0.662109375 0.9609375 0.013671875 0.017578125
0 0.666015625 0.9794921875 0.013671875 0.015625
0 0.66796875 0.990234375 0.01171875 0.01171875
0 0.6689453125 0.9970703125 0.01171875 0.00390625
1 0.6708984375 0.7060546875 0.025390625 0.01953125
1 0.7021484375 0.7109375 0.03125 0.01953125
1 0.7373046875 0.71484375 0.03515625 0.021484375
1 0.7734375 0.7197265625 0.02734375 0.01953125
1 0.8046875 0.7255859375 0.03125 0.017578125
1 0.8330078125 0.728515625 0.02734375 0.017578125
1 0.7021484375 0.740234375 0.02734375 0.017578125
1 0.7333984375 0.744140625 0.03515625 0.015625
1 0.7705078125 0.75 0.029296875 0.01953125
1 0.8076171875 0.7548828125 0.02734375 0.015625
1 0.8388671875 0.76171875 0.0234375 0.015625
2 0.6845703125 0.6123046875 0.015625 0.015625
2 0.67578125 0.626953125 0.01953125 0.017578125
2 0.67578125 0.6455078125 0.01953125 0.013671875
2 0.6787109375 0.662109375 0.021484375 0.015625
2 0.681640625 0.68359375 0.01953125 0.01953125
1 0.6474609375 0.3115234375 0.03125 0.0234375
1 0.681640625 0.314453125 0.03515625 0.01953125
1 0.7177734375 0.318359375 0.037109375 0.01953125
1 0.7548828125 0.3212890625 0.0390625 0.017578125
1 0.7900390625 0.3232421875 0.03515625 0.01953125
1 0.6103515625 0.2783203125 0.0234375 0.021484375
1 0.640625 0.279296875 0.037109375 0.01953125
1 0.681640625 0.28125 0.033203125 0.01953125
1 0.71875 0.2841796875 0.03515625 0.021484375
1 0.759765625 0.2880859375 0.033203125 0.01953125
1 0.7919921875 0.2900390625 0.02734375 0.01953125
0 0.544921875 0.1337890625 0.01171875 0.009765625
0 0.5341796875 0.138671875 0.015625 0.013671875
0 0.560546875 0.142578125 0.0234375 0.015625
0 0.55859375 0.1884765625 0.0234375 0.015625
0 0.529296875 0.1884765625 0.015625 0.0078125
0 0.546875 0.1982421875 0.015625 0.01171875
0 0.5810546875 0.13671875 0.01953125 0.0078125
0 0.5927734375 0.1474609375 0.025390625 0.015625
0 0.591796875 0.19140625 0.029296875 0.0234375
0 0.5751953125 0.19921875 0.01171875 0.0078125
0 0.625 0.1533203125 0.02734375 0.03515625
0 0.6083984375 0.169921875 0.0234375 0.0390625
0 0.625 0.19140625 0.02734375 0.0234375
0 0.640625 0.17578125 0.02734375 0.0390625
0 0.6494140625 0.140625 0.0234375 0.0078125
0 0.6591796875 0.154296875 0.02734375 0.0234375
0 0.6572265625 0.19140625 0.03125 0.02734375
0 0.6728515625 0.1748046875 0.03125 0.0390625
0 0.681640625 0.142578125 0.02734375 0.005859375
0 0.6923828125 0.158203125 0.029296875 0.02734375
0 0.689453125 0.1953125 0.02734375 0.0234375
0 0.7060546875 0.177734375 0.029296875 0.03515625
0 0.71484375 0.14453125 0.025390625 0.0078125
0 0.7255859375 0.16015625 0.02734375 0.03125
0 0.72265625 0.2001953125 0.02734375 0.0234375
0 0.740234375 0.1806640625 0.029296875 0.037109375
0 0.74609375 0.1484375 0.02734375 0.013671875
0 0.7607421875 0.16015625 0.02734375 0.02734375
0 0.7587890625 0.201171875 0.033203125 0.029296875
0 0.7724609375 0.1845703125 0.0234375 0.04296875
0 0.77734375 0.212890625 0.015625 0.009765625
0 0.77734375 0.1513671875 0.0234375 0.01171875
2 0.529296875 0.0068359375 0.0234375 0.013671875
2 0.5244140625 0.025390625 0.0234375 0.025390625
2 0.521484375 0.046875 0.025390625 0.0234375
2 0.5234375 0.0673828125 0.03125 0.015625
2 0.53125 0.0849609375 0.02734375 0.0234375
2 0.5361328125 0.107421875 0.025390625 0.015625
1 0.720703125 0.03125 0.05078125 0.046875
1 0.728515625 0.07421875 0.04296875 0.0390625
1 0.7333984375 0.11328125 0.03125 0.0390625
4 0.76953125 0.4541015625 0.04296875 0.033203125
1 0.7685546875 0.4072265625 0.03515625 0.05859375
1 0.765625 0.3603515625 0.03125 0.02734375
1 0.7744140625 0.482421875 0.0390625 0.01953125
1 0.7841796875 0.568359375 0.03125 0.03125
1 0.7646484375 0.6455078125 0.015625 0.02734375
1 0.783203125 0.6474609375 0.021484375 0.01953125
1 0.8046875 0.6494140625 0.0234375 0.0234375
1 0.826171875 0.6513671875 0.0234375 0.0234375
1 0.7666015625 0.6171875 0.01953125 0.015625
1 0.78515625 0.619140625 0.01953125 0.01171875
1 0.8037109375 0.62109375 0.017578125 0.01171875
1 0.8251953125 0.625 0.0234375 0.01953125
1 0.421875 0.00390625 0.0078125 0.0078125
1 0.41796875 0.013671875 0.0078125 0.01171875
1 0.4140625 0.025390625 0.0078125 0.01171875
1 0.4111328125 0.0361328125 0.0078125 0.01171875
1 0.408203125 0.0458984375 0.0078125 0.01171875
1 0.404296875 0.0556640625 0.0078125 0.01171875
1 0.40234375 0.0654296875 0.01171875 0.01171875
1 0.3974609375 0.076171875 0.01171875 0.009765625
1 0.3935546875 0.0869140625 0.0078125 0.0078125
1 0.390625 0.09375 0.009765625 0.0078125
1 0.3896484375 0.1005859375 0.009765625 0.0078125
1 0.38671875 0.109375 0.0078125 0.015625
1 0.3828125 0.1201171875 0.0078125 0.01171875
1 0.3798828125 0.1279296875 0.009765625 0.01171875
1 0.3798828125 0.1484375 0.01171875 0.0078125
1 0.3798828125 0.1552734375 0.01171875 0.0078125
1 0.3828125 0.166015625 0.01171875 0.013671875
1 0.3857421875 0.1787109375 0.01171875 0.017578125
1 0.388671875 0.1923828125 0.01171875 0.015625
1 0.3916015625 0.2080078125 0.01171875 0.015625
1 0.39453125 0.2216796875 0.01171875 0.0078125
1 0.396484375 0.2314453125 0.01171875 0.01171875
1 0.3984375 0.24609375 0.009765625 0.015625
1 0.4013671875 0.2607421875 0.01171875 0.01171875
1 0.404296875 0.2724609375 0.01171875 0.009765625
1 0.40625 0.283203125 0.009765625 0.01171875
1 0.408203125 0.2958984375 0.01171875 0.013671875
1 0.4111328125 0.30859375 0.01171875 0.01171875
1 0.4130859375 0.322265625 0.01171875 0.01171875
1 0.4169921875 0.3349609375 0.01171875 0.015625
1 0.41796875 0.3466796875 0.009765625 0.01171875
1 0.4208984375 0.357421875 0.01171875 0.01171875
1 0.4228515625 0.3701171875 0.01171875 0.01171875
1 0.4248046875 0.3828125 0.01171875 0.015625
1 0.427734375 0.3974609375 0.01171875 0.01171875
1 0.4306640625 0.4091796875 0.01171875 0.01171875
1 0.431640625 0.419921875 0.009765625 0.009765625
1 0.4345703125 0.4306640625 0.009765625 0.009765625
1 0.435546875 0.4423828125 0.01171875 0.015625
1 0.4384765625 0.4541015625 0.009765625 0.01171875
1 0.4404296875 0.466796875 0.009765625 0.01171875
1 0.443359375 0.4775390625 0.01171875 0.0078125
1 0.4443359375 0.48828125 0.009765625 0.013671875
1 0.4462890625 0.5009765625 0.01171875 0.009765625
1 0.44921875 0.5126953125 0.01171875 0.01171875
1 0.451171875 0.5234375 0.01171875 0.01171875
1 0.4541015625 0.5361328125 0.01171875 0.01171875
1 0.455078125 0.5458984375 0.009765625 0.009765625
1 0.4580078125 0.556640625 0.01171875 0.009765625
1 0.4599609375 0.5673828125 0.0078125 0.015625
1 0.4619140625 0.578125 0.01171875 0.0078125
1 0.46484375 0.587890625 0.0078125 0.0078125
1 0.4658203125 0.59765625 0.01171875 0.01171875
1 0.4677734375 0.6083984375 0.01171875 0.009765625
1 0.46875 0.619140625 0.01171875 0.01171875
1 0.4716796875 0.630859375 0.01171875 0.01171875
1 0.4736328125 0.640625 0.01171875 0.01171875
1 0.4755859375 0.6513671875 0.01171875 0.009765625
1 0.4775390625 0.6611328125 0.01171875 0.0078125
1 0.4794921875 0.671875 0.009765625 0.009765625
1 0.482421875 0.6826171875 0.01171875 0.01171875
1 0.4833984375 0.6923828125 0.0078125 0.01171875
1 0.486328125 0.705078125 0.009765625 0.01171875
1 0.48828125 0.716796875 0.009765625 0.01171875
1 0.4892578125 0.7265625 0.01171875 0.01171875
1 0.4921875 0.736328125 0.01171875 0.01171875
1 0.4931640625 0.7470703125 0.0078125 0.01171875
1 0.49609375 0.7587890625 0.01171875 0.01171875
1 0.498046875 0.7705078125 0.0078125 0.013671875
1 0.5009765625 0.7822265625 0.009765625 0.01171875
1 0.501953125 0.7939453125 0.0078125 0.01171875
1 0.50390625 0.8037109375 0.01171875 0.01171875
1 0.5068359375 0.8115234375 0.01171875 0.01171875
1 0.5078125 0.8232421875 0.009765625 0.01171875
1 0.509765625 0.83203125 0.01171875 0.0078125
1 0.51171875 0.8408203125 0.01171875 0.009765625
1 0.513671875 0.8505859375 0.0078125 0.01171875
1 0.515625 0.861328125 0.009765625 0.0078125
1 0.5166015625 0.87109375 0.0078125 0.009765625
1 0.5185546875 0.8798828125 0.01171875 0.0078125
1 0.5205078125 0.8896484375 0.009765625 0.009765625
1 0.521484375 0.8974609375 0.0078125 0.0078125
1 0.5244140625 0.9072265625 0.0078125 0.009765625
1 0.525390625 0.91796875 0.0078125 0.0078125
1 0.52734375 0.9248046875 0.009765625 0.005859375
1 0.5283203125 0.9326171875 0.0078125 0.0078125
1 0.5302734375 0.943359375 0.0078125 0.00390625
1 0.5322265625 0.9501953125 0.0078125 0.01171875