4 0.1171875 0.7333984375 0.234375 0.408203125
4 0.2734375 0.7099609375 0.125 0.09765625
4 0.34375 0.76953125 0.0546875 0.056640625
4 0.3916015625 0.7646484375 0.0634765625 0.0673828125
4 0.4990234375 0.7646484375 0.1591796875 0.1376953125
4 0.41015625 0.8544921875 0.0732421875 0.07421875
4 0.50390625 0.853515625 0.0732421875 0.0830078125
4 0.5908203125 0.857421875 0.0732421875 0.08984375
4 0.6123046875 0.76953125 0.0673828125 0.0693359375
4 0.640625 0.783203125 0.080078125 0.072265625
4 0.7314453125 0.748046875 0.134765625 0.146484375
4 0.857421875 0.7568359375 0.2529296875 0.40234375
4 0.3056640625 0.5595703125 0.1923828125 0.359375
4 0.7294921875 0.5947265625 0.2158203125 0.40234375
4 0.498046875 0.4140625 0.3193359375 0.3994140625