4 0.4970703125 0.5361328125 0.177734375 0.171875
1 0.162109375 0.5126953125 0.28515625 0.1953125
1 0.8349609375 0.5068359375 0.2978515625 0.2138671875
1 0.3251953125 0.4560546875 0.0888671875 0.0654296875
1 0.0205078125 0.4677734375 0.041015625 0.07421875
1 0.3828125 0.4130859375 0.0810546875 0.07421875
1 0.4921875 0.37890625 0.123046875 0.087890625
1 0.6025390625 0.4072265625 0.080078125 0.0888671875
1 0.6591796875 0.458984375 0.072265625 0.072265625
1 0.9755859375 0.4560546875 0.048828125 0.068359375
0 0.2958984375 0.7021484375 0.203125 0.130859375
0 0.72265625 0.7119140625 0.197265625 0.1357421875
1 0.8798828125 0.669921875 0.140625 0.0673828125
1 0.8837890625 0.740234375 0.1494140625 0.08203125
1 0.146484375 0.6728515625 0.126953125 0.0625
1 0.1435546875 0.732421875 0.1142578125 0.06640625
1 0.048828125 0.66796875 0.09765625 0.0703125
1 0.0478515625 0.736328125 0.0947265625 0.0732421875
1 0.9697265625 0.671875 0.060546875 0.0615234375
1 0.9677734375 0.7373046875 0.064453125 0.068359375
1 0.4541015625 0.6728515625 0.11328125 0.0615234375
1 0.44921875 0.734375 0.109375 0.06640625
1 0.564453125 0.6708984375 0.1240234375 0.07421875
1 0.5654296875 0.740234375 0.115234375 0.0732421875
1 0.1748046875 0.876953125 0.220703125 0.115234375
1 0.369140625 0.8828125 0.22265625 0.1123046875
1 0.59765625 0.875 0.2080078125 0.095703125
1 0.8173828125 0.8818359375 0.1767578125 0.107421875