3 0.32421875 0.5107421875 0.6484375 0.333984375
1 0.8759765625 0.5234375 0.1953125 0.0703125
1 0.7841796875 0.4599609375 0.17578125 0.0703125
1 0.6943359375 0.4072265625 0.130859375 0.0546875
1 0.5849609375 0.359375 0.1640625 0.068359375
1 0.421875 0.3310546875 0.1875 0.0546875
1 0.2333984375 0.3203125 0.18359375 0.046875
1 0.07421875 0.341796875 0.1484375 0.0703125
1 0.7119140625 0.580078125 0.15234375 0.03515625
1 0.392578125 0.6513671875 0.12890625 0.04296875
1 0.2275390625 0.6640625 0.15234375 0.0390625
1 0.07421875 0.654296875 0.1484375 0.046875