4 0.482421875 0.541015625 0.611328125 0.91796875
1 0.02734375 0.0341796875 0.0546875 0.06640625
1 0.095703125 0.0380859375 0.08203125 0.07421875
1 0.1806640625 0.0537109375 0.080078125 0.080078125
1 0.265625 0.0625 0.087890625 0.07421875
1 0.3544921875 0.0830078125 0.095703125 0.080078125
1 0.4384765625 0.1005859375 0.076171875 0.072265625
1 0.5185546875 0.109375 0.083984375 0.078125
1 0.6044921875 0.1201171875 0.0859375 0.068359375
1 0.6875 0.1376953125 0.078125 0.068359375
1 0.765625 0.1494140625 0.078125 0.07421875
1 0.8505859375 0.1630859375 0.091796875 0.0703125
1 0.927734375 0.173828125 0.06640625 0.0703125
1 0.98046875 0.193359375 0.0390625 0.078125
1 0.1259765625 0.7314453125 0.251953125 0.22265625
1 0.5390625 0.83984375 0.203125 0.3203125
1 0.697265625 0.685546875 0.138671875 0.21484375
1 0.7978515625 0.580078125 0.1484375 0.189453125
1 0.9052734375 0.544921875 0.1015625 0.22265625