4 0.8779296875 0.4453125 0.203125 0.0546875
4 0.7294921875 0.615234375 0.14453125 0.05859375
4 0.6328125 0.71875 0.12109375 0.05078125
4 0.5693359375 0.7900390625 0.1015625 0.04296875
4 0.5244140625 0.8447265625 0.078125 0.04296875
4 0.484375 0.8818359375 0.068359375 0.03125
4 0.45703125 0.908203125 0.0546875 0.029296875
4 0.33203125 0.8486328125 0.2265625 0.0390625
4 0.7197265625 0.30078125 0.1640625 0.05078125
4 0.6015625 0.2060546875 0.12890625 0.041015625
4 0.5029296875 0.1318359375 0.10546875 0.03515625
4 0.470703125 0.087890625 0.0859375 0.029296875
4 0.4208984375 0.0498046875 0.072265625 0.0234375
4 0.3623046875 0.0205078125 0.048828125 0.021484375
4 0.33984375 0.0029296875 0.04296875 0.005859375
0 0.7138671875 0.580078125 0.033203125 0.01171875
0 0.7255859375 0.5673828125 0.015625 0.01171875
0 0.708984375 0.552734375 0.029296875 0.01953125
0 0.697265625 0.5693359375 0.0234375 0.01953125
0 0.6689453125 0.5576171875 0.0390625 0.015625
0 0.6748046875 0.580078125 0.02734375 0.01171875
0 0.654296875 0.5712890625 0.03515625 0.021484375
0 0.6337890625 0.5615234375 0.0390625 0.01953125
0 0.6337890625 0.5830078125 0.02734375 0.01171875
0 0.6162109375 0.5732421875 0.03515625 0.02734375
0 0.587890625 0.5869140625 0.02734375 0.015625
0 0.583984375 0.5654296875 0.029296875 0.021484375
0 0.564453125 0.578125 0.03515625 0.025390625
0 0.541015625 0.568359375 0.037109375 0.01953125
0 0.556640625 0.556640625 0.025390625 0.0078125
0 0.5625 0.5947265625 0.015625 0.00390625
0 0.5400390625 0.591796875 0.03515625 0.015625
0 0.5205078125 0.580078125 0.0390625 0.025390625
0 0.5107421875 0.560546875 0.03125 0.013671875
0 0.494140625 0.5712890625 0.03515625 0.01953125
0 0.4951171875 0.59375 0.033203125 0.01953125
0 0.4716796875 0.583984375 0.03515625 0.025390625
0 0.4482421875 0.572265625 0.04296875 0.0234375
0 0.4453125 0.5986328125 0.0390625 0.015625
0 0.4228515625 0.5888671875 0.041015625 0.02734375
0 0.4169921875 0.5673828125 0.03515625 0.01171875
0 0.3974609375 0.5751953125 0.04296875 0.021484375
0 0.3955078125 0.6015625 0.033203125 0.013671875
0 0.3740234375 0.5927734375 0.04296875 0.029296875
0 0.345703125 0.607421875 0.04296875 0.015625
0 0.3447265625 0.580078125 0.046875 0.0234375
0 0.3232421875 0.595703125 0.046875 0.0234375
0 0.296875 0.58203125 0.02734375 0.017578125
0 0.3017578125 0.6103515625 0.02734375 0.015625
0 0.3154296875 0.572265625 0.03515625 0.009765625
0 0.6318359375 0.6796875 0.015625 0.013671875
0 0.619140625 0.6708984375 0.0234375 0.015625
0 0.6201171875 0.6884765625 0.025390625 0.009765625
0 0.60546875 0.6826171875 0.02734375 0.01953125
0 0.591796875 0.6650390625 0.02734375 0.009765625
0 0.5810546875 0.673828125 0.02734375 0.017578125
0 0.5869140625 0.689453125 0.017578125 0.0078125
0 0.5703125 0.6865234375 0.03125 0.01953125
0 0.548828125 0.677734375 0.03125 0.015625
0 0.5517578125 0.697265625 0.01953125 0.01171875
0 0.533203125 0.6904296875 0.03125 0.017578125
0 0.5263671875 0.673828125 0.02734375 0.009765625
0 0.5126953125 0.681640625 0.033203125 0.01953125
0 0.513671875 0.701171875 0.02734375 0.009765625
0 0.498046875 0.6953125 0.02734375 0.01953125
0 0.48828125 0.6748046875 0.025390625 0.00390625
0 0.4765625 0.6865234375 0.02734375 0.01953125
0 0.4765625 0.7041015625 0.0234375 0.0078125
0 0.45703125 0.69921875 0.02734375 0.01953125
0 0.43359375 0.689453125 0.03515625 0.015625
0 0.4501953125 0.6787109375 0.03125 0.0078125
0 0.4404296875 0.7080078125 0.025390625 0.0078125
0 0.4189453125 0.703125 0.03125 0.01953125
0 0.396484375 0.693359375 0.03125 0.01953125
0 0.400390625 0.712890625 0.0234375 0.0078125
0 0.380859375 0.7060546875 0.03125 0.01953125
0 0.3603515625 0.697265625 0.0390625 0.015625
0 0.3583984375 0.7177734375 0.029296875 0.0078125
0 0.337890625 0.7109375 0.03125 0.01953125
0 0.3154296875 0.701171875 0.033203125 0.017578125
0 0.3203125 0.72265625 0.0234375 0.015625
0 0.294921875 0.7158203125 0.02734375 0.0234375
0 0.279296875 0.7060546875 0.01953125 0.01953125
0 0.29296875 0.6962890625 0.01953125 0.013671875
0 0.2783203125 0.7255859375 0.017578125 0.0078125
0 0.4404296875 0.8798828125 0.01953125 0.01171875
0 0.4208984375 0.880859375 0.017578125 0.0078125
0 0.4091796875 0.876953125 0.01953125 0.013671875
0 0.3984375 0.884765625 0.01953125 0.01171875
0 0.3759765625 0.8896484375 0.0234375 0.009765625
0 0.3525390625 0.892578125 0.01953125 0.01171875
0 0.3330078125 0.8955078125 0.01953125 0.01171875
0 0.3203125 0.890625 0.0234375 0.013671875
0 0.2958984375 0.89453125 0.021484375 0.01171875
0 0.2734375 0.8974609375 0.021484375 0.009765625
0 0.341796875 0.88671875 0.01953125 0.01171875
0 0.318359375 0.9013671875 0.015625 0.005859375
0 0.4814453125 0.8505859375 0.015625 0.01171875
0 0.44921875 0.84765625 0.01953125 0.013671875
0 0.4697265625 0.8447265625 0.01953125 0.01171875
0 0.462890625 0.8544921875 0.021484375 0.01171875
0 0.44140625 0.857421875 0.0234375 0.013671875
0 0.4267578125 0.8544921875 0.01953125 0.0078125
0 0.416015625 0.861328125 0.017578125 0.01171875
0 0.4033203125 0.85546875 0.025390625 0.015625
0 0.3916015625 0.865234375 0.017578125 0.01171875
0 0.380859375 0.8623046875 0.015625 0.009765625
0 0.3798828125 0.8720703125 0.01171875 0.005859375
0 0.3671875 0.869140625 0.015625 0.0078125
0 0.341796875 0.873046875 0.01953125 0.01171875
0 0.328125 0.8720703125 0.01953125 0.001953125
0 0.328125 0.8798828125 0.01171875 0.005859375
0 0.3173828125 0.8779296875 0.01953125 0.009765625
0 0.3046875 0.8720703125 0.0234375 0.0078125
0 0.2939453125 0.880859375 0.029296875 0.0078125
0 0.2763671875 0.8759765625 0.0234375 0.01171875
0 0.2666015625 0.884765625 0.01953125 0.009765625
0 0.2568359375 0.8779296875 0.01953125 0.009765625
0 0.5068359375 0.802734375 0.025390625 0.01171875
0 0.515625 0.8095703125 0.015625 0.009765625
0 0.4931640625 0.8134765625 0.01953125 0.01171875
0 0.4814453125 0.8056640625 0.0234375 0.01171875
0 0.46875 0.81640625 0.01953125 0.013671875
0 0.45703125 0.8095703125 0.0234375 0.013671875
0 0.4423828125 0.8212890625 0.0234375 0.013671875
0 0.4287109375 0.8134765625 0.02734375 0.015625
0 0.4169921875 0.8251953125 0.0234375 0.01171875
0 0.3994140625 0.8193359375 0.025390625 0.013671875
0 0.3720703125 0.8212890625 0.02734375 0.01171875
0 0.34375 0.8251953125 0.02734375 0.01171875
0 0.31640625 0.8291015625 0.0234375 0.0078125
0 0.32421875 0.8212890625 0.01953125 0.009765625
0 0.294921875 0.8271484375 0.0234375 0.0078125
0 0.5654296875 0.755859375 0.015625 0.009765625
0 0.5517578125 0.7470703125 0.0234375 0.01171875
0 0.552734375 0.763671875 0.015625 0.009765625
0 0.5419921875 0.7587890625 0.021484375 0.013671875
0 0.525390625 0.751953125 0.02734375 0.01171875
0 0.533203125 0.7421875 0.025390625 0.0078125
0 0.513671875 0.7626953125 0.025390625 0.01171875
0 0.4951171875 0.7568359375 0.029296875 0.015625
0 0.5048828125 0.748046875 0.0234375 0.0078125
0 0.4833984375 0.767578125 0.02734375 0.01171875
0 0.4658203125 0.759765625 0.02734375 0.01171875
0 0.46484375 0.7744140625 0.01953125 0.00390625
0 0.451171875 0.7705078125 0.0234375 0.01171875
0 0.4306640625 0.7646484375 0.025390625 0.01171875
0 0.43359375 0.7783203125 0.01953125 0.00390625
0 0.41796875 0.775390625 0.03125 0.009765625
0 0.3974609375 0.7666015625 0.0234375 0.009765625
0 0.4130859375 0.7578125 0.0234375 0.0078125
0 0.40234375 0.783203125 0.01953125 0.0078125
0 0.3828125 0.779296875 0.02734375 0.015625
0 0.365234375 0.771484375 0.029296875 0.015625
0 0.3671875 0.787109375 0.01953125 0.01171875
0 0.3505859375 0.783203125 0.029296875 0.01171875
0 0.3359375 0.775390625 0.03125 0.015625
0 0.333984375 0.7919921875 0.01953125 0.0078125
0 0.3154296875 0.787109375 0.03125 0.015625
0 0.30078125 0.7802734375 0.02734375 0.013671875
0 0.310546875 0.771484375 0.01953125 0.0078125
0 0.283203125 0.7919921875 0.021484375 0.01953125
0 0.2783203125 0.7744140625 0.0234375 0.01171875
0 0.2666015625 0.7841796875 0.015625 0.01171875
0 0.755859375 0.4697265625 0.037109375 0.01953125
0 0.7138671875 0.4697265625 0.03515625 0.015625
0 0.6875 0.451171875 0.02734375 0.02734375
0 0.7080078125 0.439453125 0.03125 0.015625
0 0.681640625 0.4775390625 0.017578125 0.0078125
0 0.6591796875 0.4716796875 0.03125 0.01953125
0 0.6396484375 0.4560546875 0.03515625 0.01953125
0 0.6552734375 0.4404296875 0.0390625 0.01171875
0 0.609375 0.470703125 0.037109375 0.0234375
0 0.60546875 0.4423828125 0.03515625 0.021484375
0 0.5849609375 0.4580078125 0.03515625 0.0234375
0 0.5556640625 0.47265625 0.037109375 0.0234375
0 0.548828125 0.4453125 0.04296875 0.021484375
0 0.5283203125 0.458984375 0.04296875 0.02734375
0 0.49609375 0.4755859375 0.0390625 0.021484375
0 0.4921875 0.4453125 0.0390625 0.0234375
0 0.470703125 0.4599609375 0.0390625 0.029296875
0 0.4365234375 0.4765625 0.0390625 0.021484375
0 0.4326171875 0.4453125 0.044921875 0.0234375
0 0.4111328125 0.4619140625 0.0390625 0.02734375
0 0.375 0.478515625 0.04296875 0.01953125
0 0.373046875 0.44921875 0.05078125 0.0234375
0 0.341796875 0.4638671875 0.04296875 0.0390625
0 0.318359375 0.4833984375 0.029296875 0.01953125
0 0.318359375 0.4482421875 0.03515625 0.0234375
0 0.6904296875 0.359375 0.02734375 0.01953125
0 0.6748046875 0.3447265625 0.037109375 0.0234375
0 0.6923828125 0.3369140625 0.02734375 0.01171875
0 0.65234375 0.359375 0.03125 0.01953125
0 0.6328125 0.34375 0.033203125 0.01953125
0 0.6103515625 0.357421875 0.03125 0.01953125
0 0.5888671875 0.3447265625 0.03515625 0.01953125
0 0.5673828125 0.3564453125 0.03515625 0.017578125
0 0.5654296875 0.3330078125 0.03515625 0.01171875
0 0.5458984375 0.3447265625 0.03515625 0.0234375
0 0.5224609375 0.3583984375 0.03515625 0.01953125
0 0.5205078125 0.333984375 0.03125 0.015625
0 0.501953125 0.3427734375 0.03125 0.0234375
0 0.474609375 0.35546875 0.03515625 0.0234375
0 0.47265625 0.3330078125 0.03515625 0.01953125
0 0.453125 0.341796875 0.03515625 0.0234375
0 0.4267578125 0.3564453125 0.037109375 0.017578125
0 0.4228515625 0.3330078125 0.04296875 0.017578125
0 0.4033203125 0.3408203125 0.033203125 0.01953125
0 0.3779296875 0.3544921875 0.0390625 0.021484375
0 0.3740234375 0.3310546875 0.0390625 0.015625
0 0.353515625 0.33984375 0.037109375 0.025390625
0 0.3271484375 0.357421875 0.0390625 0.0234375
0 0.3251953125 0.3291015625 0.04296875 0.017578125
0 0.3046875 0.3427734375 0.0390625 0.0234375
0 0.28125 0.3544921875 0.02734375 0.015625
0 0.2802734375 0.328125 0.02734375 0.013671875
0 0.58203125 0.2587890625 0.02734375 0.015625
0 0.5673828125 0.244140625 0.029296875 0.015625
0 0.548828125 0.2548828125 0.02734375 0.017578125
0 0.5322265625 0.244140625 0.02734375 0.01171875
0 0.513671875 0.25390625 0.029296875 0.01171875
0 0.498046875 0.2431640625 0.02734375 0.015625
0 0.4765625 0.2529296875 0.02734375 0.017578125
0 0.4755859375 0.234375 0.025390625 0.0078125
0 0.4619140625 0.2412109375 0.02734375 0.015625
0 0.443359375 0.251953125 0.029296875 0.017578125
0 0.4365234375 0.232421875 0.021484375 0.009765625
0 0.4228515625 0.2392578125 0.02734375 0.017578125
0 0.40234375 0.2490234375 0.03125 0.013671875
0 0.40234375 0.23046875 0.02734375 0.01171875
0 0.3828125 0.236328125 0.03125 0.01953125
0 0.36328125 0.248046875 0.03125 0.013671875
0 0.3642578125 0.228515625 0.025390625 0.0078125
0 0.3447265625 0.236328125 0.03125 0.01953125
0 0.322265625 0.24609375 0.03125 0.015625
0 0.326171875 0.2265625 0.03125 0.0078125
0 0.3056640625 0.234375 0.03125 0.01953125
0 0.2841796875 0.244140625 0.03515625 0.013671875
0 0.283203125 0.224609375 0.03515625 0.0078125
0 0.263671875 0.2333984375 0.03125 0.015625
0 0.2509765625 0.244140625 0.0234375 0.015625
0 0.490234375 0.1728515625 0.01953125 0.013671875
0 0.478515625 0.1630859375 0.01953125 0.01171875
0 0.4609375 0.1708984375 0.021484375 0.013671875
0 0.44921875 0.1611328125 0.0234375 0.01171875
0 0.431640625 0.1689453125 0.01953125 0.01171875
0 0.4189453125 0.15625 0.0234375 0.01171875
0 0.4033203125 0.166015625 0.021484375 0.015625
0 0.3896484375 0.1552734375 0.0234375 0.01171875
0 0.375 0.1640625 0.0234375 0.013671875
0 0.3623046875 0.154296875 0.0234375 0.015625
0 0.34375 0.162109375 0.025390625 0.01171875
0 0.328125 0.1513671875 0.02734375 0.015625
0 0.3125 0.16015625 0.01953125 0.013671875
0 0.2958984375 0.1494140625 0.021484375 0.013671875
0 0.28125 0.1591796875 0.021484375 0.015625
0 0.2685546875 0.1484375 0.0234375 0.01953125
0 0.251953125 0.1572265625 0.0234375 0.015625
0 0.2373046875 0.1474609375 0.02734375 0.017578125
0 0.4609375 0.11328125 0.015625 0.01171875
0 0.4482421875 0.1181640625 0.017578125 0.0078125
0 0.439453125 0.11328125 0.015625 0.013671875
0 0.4267578125 0.1162109375 0.015625 0.01171875
0 0.41796875 0.1083984375 0.01953125 0.0078125
0 0.404296875 0.1142578125 0.01953125 0.01171875
0 0.3916015625 0.1064453125 0.01953125 0.01171875
0 0.3818359375 0.11328125 0.0234375 0.01171875
0 0.3701171875 0.1044921875 0.021484375 0.01171875
0 0.3603515625 0.111328125 0.0234375 0.01171875
0 0.3466796875 0.1015625 0.021484375 0.01171875
0 0.333984375 0.1083984375 0.01953125 0.01171875
0 0.3203125 0.1005859375 0.01953125 0.013671875
0 0.3056640625 0.1044921875 0.015625 0.01171875
0 0.294921875 0.09765625 0.01953125 0.009765625
0 0.2802734375 0.103515625 0.017578125 0.01171875
0 0.26953125 0.0947265625 0.0234375 0.01171875
0 0.251953125 0.1025390625 0.021484375 0.01171875
0 0.2421875 0.091796875 0.01953125 0.01171875
0 0.2294921875 0.099609375 0.021484375 0.01171875
0 0.216796875 0.0908203125 0.01953125 0.01171875
0 0.416015625 0.0751953125 0.015625 0.0078125
0 0.40625 0.080078125 0.015625 0.01171875
0 0.39453125 0.0712890625 0.01171875 0.0078125
0 0.3876953125 0.078125 0.015625 0.0078125
0 0.375 0.0693359375 0.017578125 0.009765625
0 0.365234375 0.076171875 0.01953125 0.009765625
0 0.35546875 0.06640625 0.015625 0.009765625
0 0.345703125 0.072265625 0.01953125 0.01171875
0 0.333984375 0.0654296875 0.017578125 0.01171875
0 0.32421875 0.0703125 0.015625 0.009765625
0 0.3154296875 0.0634765625 0.01953125 0.01171875
0 0.3056640625 0.0693359375 0.01953125 0.0078125
0 0.2919921875 0.0615234375 0.01953125 0.01171875
0 0.28125 0.06640625 0.01953125 0.009765625
0 0.2685546875 0.05859375 0.015625 0.01171875
0 0.2607421875 0.0654296875 0.01953125 0.009765625
0 0.248046875 0.056640625 0.013671875 0.0078125
0 0.2392578125 0.0625 0.017578125 0.01171875
0 0.2265625 0.0546875 0.013671875 0.01171875
0 0.21875 0.0615234375 0.017578125 0.01171875
0 0.2041015625 0.05078125 0.01953125 0.01171875
0 0.3544921875 0.046875 0.015625 0.01171875
0 0.3359375 0.044921875 0.017578125 0.0078125
0 0.3193359375 0.0439453125 0.015625 0.009765625
0 0.302734375 0.0400390625 0.01953125 0.01171875
0 0.2822265625 0.0390625 0.01953125 0.0078125
0 0.26171875 0.037109375 0.015625 0.01171875
0 0.244140625 0.03515625 0.017578125 0.01171875
0 0.2255859375 0.0341796875 0.01953125 0.01171875
0 0.205078125 0.03125 0.017578125 0.0078125