2 0.181640625 0.51953125 0.06640625 0.111328125
2 0.1181640625 0.439453125 0.09375 0.07421875
2 0.0576171875 0.3603515625 0.11328125 0.109375
2 0.125 0.5927734375 0.095703125 0.076171875
2 0.0673828125 0.6669921875 0.12109375 0.1171875
2 0.0263671875 0.7744140625 0.052734375 0.087890625
2 0.8046875 0.5185546875 0.078125 0.10546875
2 0.73828125 0.439453125 0.10546875 0.07421875
2 0.6708984375 0.3583984375 0.13671875 0.10546875
2 0.7373046875 0.5947265625 0.10546875 0.0859375
2 0.6630859375 0.681640625 0.1015625 0.103515625
2 0.5654296875 0.8271484375 0.11328125 0.0703125
2 0.4970703125 0.8798828125 0.11328125 0.08203125
2 0.4013671875 0.849609375 0.08203125 0.119140625
2 0.390625 0.1796875 0.0859375 0.138671875
2 0.486328125 0.1474609375 0.115234375 0.080078125
2 0.5537109375 0.212890625 0.1015625 0.08203125
2 0.6220703125 0.27734375 0.09375 0.0625
2 0.6689453125 0.5146484375 0.0703125 0.173828125