4 0.0390625 0.5791015625 0.078125 0.2314453125
4 0.103515625 0.5556640625 0.0986328125 0.2158203125
4 0.166015625 0.5244140625 0.0810546875 0.18359375
4 0.2138671875 0.49609375 0.0654296875 0.162109375
4 0.2548828125 0.474609375 0.0556640625 0.158203125
4 0.29296875 0.4619140625 0.0576171875 0.14453125
4 0.46875 0.494140625 0.07421875 0.38671875
4 0.7119140625 0.47265625 0.0537109375 0.1513671875
4 0.744140625 0.486328125 0.0439453125 0.162109375
4 0.77734375 0.5048828125 0.0654296875 0.1884765625
4 0.82421875 0.5234375 0.091796875 0.2080078125
4 0.88671875 0.55078125 0.08203125 0.2275390625
4 0.9384765625 0.583984375 0.1083984375 0.2451171875
4 0.966796875 0.6298828125 0.06640625 0.265625
4 0.7431640625 0.2958984375 0.0302734375 0.064453125
3 0.8427734375 0.3310546875 0.0283203125 0.048828125
3 0.86328125 0.3232421875 0.025390625 0.03515625
3 0.7724609375 0.3251953125 0.0263671875 0.03515625
3 0.78125 0.291015625 0.015625 0.02734375
2 0.775390625 0.2802734375 0.01953125 0.0478515625
2 0.7841796875 0.2587890625 0.0166015625 0.041015625
2 0.791015625 0.2431640625 0.0166015625 0.0419921875
2 0.796875 0.2275390625 0.0107421875 0.037109375
2 0.83984375 0.236328125 0.0244140625 0.0556640625
2 0.853515625 0.2529296875 0.03125 0.0556640625
2 0.7265625 0.375 0.025390625 0.05078125
2 0.7138671875 0.3857421875 0.029296875 0.0400390625
3 0.71484375 0.2255859375 0.033203125 0.0654296875
2 0.6279296875 0.2802734375 0.0224609375 0.0517578125
2 0.642578125 0.30078125 0.02734375 0.048828125
2 0.5849609375 0.283203125 0.0234375 0.046875
2 0.5732421875 0.3134765625 0.02734375 0.041015625
3 0.6376953125 0.33984375 0.0185546875 0.03125
3 0.580078125 0.3427734375 0.0185546875 0.033203125
3 0.6083984375 0.2822265625 0.0146484375 0.052734375
2 0.466796875 0.2578125 0.0185546875 0.0283203125
2 0.4658203125 0.228515625 0.0244140625 0.0546875
2 0.4775390625 0.2119140625 0.0244140625 0.0498046875
3 0.50390625 0.201171875 0.017578125 0.0810546875
2 0.541015625 0.205078125 0.025390625 0.0458984375
2 0.5302734375 0.2265625 0.013671875 0.037109375
2 0.5517578125 0.2255859375 0.0205078125 0.052734375
2 0.5380859375 0.2314453125 0.0244140625 0.0390625
2 0.55078125 0.2568359375 0.01953125 0.044921875
3 0.4794921875 0.2724609375 0.0341796875 0.041015625
3 0.5361328125 0.2763671875 0.03125 0.0361328125
2 0.3740234375 0.2998046875 0.0244140625 0.05078125
2 0.3857421875 0.2822265625 0.01953125 0.05078125
2 0.435546875 0.27734375 0.0244140625 0.0380859375
3 0.408203125 0.2841796875 0.0205078125 0.0654296875
3 0.4375 0.20703125 0.0224609375 0.0478515625
3 0.31640625 0.21875 0.029296875 0.0458984375
2 0.3017578125 0.380859375 0.0263671875 0.0341796875
2 0.2958984375 0.361328125 0.0224609375 0.0361328125
3 0.1318359375 0.345703125 0.0244140625 0.0400390625
3 0.162109375 0.30859375 0.0302734375 0.0390625
3 0.2421875 0.3125 0.017578125 0.03515625
2 0.2236328125 0.244140625 0.0166015625 0.0625
2 0.2314453125 0.2421875 0.02734375 0.044921875
2 0.2431640625 0.2646484375 0.0244140625 0.0400390625
2 0.1787109375 0.216796875 0.01953125 0.0419921875
2 0.3330078125 0.232421875 0.009765625 0.0146484375
2 0.2421875 0.2470703125 0.009765625 0.015625
2 0.25 0.2490234375 0.0068359375 0.013671875
2 0.2578125 0.2490234375 0.0078125 0.0146484375
2 0.2646484375 0.248046875 0.0078125 0.0146484375
2 0.2724609375 0.248046875 0.009765625 0.0166015625
2 0.279296875 0.2470703125 0.0068359375 0.015625
2 0.2880859375 0.248046875 0.0078125 0.017578125
2 0.29296875 0.2470703125 0.0068359375 0.015625
2 0.302734375 0.2470703125 0.0087890625 0.0146484375
2 0.3388671875 0.2333984375 0.0068359375 0.0146484375
2 0.345703125 0.2333984375 0.0078125 0.01171875
2 0.3525390625 0.234375 0.0087890625 0.013671875
2 0.359375 0.2333984375 0.0078125 0.013671875
2 0.3662109375 0.2333984375 0.0078125 0.0146484375
2 0.373046875 0.2333984375 0.0078125 0.0146484375
2 0.37890625 0.232421875 0.0087890625 0.013671875
2 0.384765625 0.234375 0.0087890625 0.013671875
2 0.3916015625 0.2333984375 0.0078125 0.0126953125
2 0.3984375 0.232421875 0.0078125 0.013671875
2 0.4033203125 0.2333984375 0.0078125 0.0126953125
2 0.4228515625 0.2333984375 0.0068359375 0.0126953125
2 0.4287109375 0.2333984375 0.0068359375 0.0146484375
2 0.4462890625 0.1923828125 0.0078125 0.0166015625
2 0.4501953125 0.185546875 0.0078125 0.015625
2 0.455078125 0.1787109375 0.0068359375 0.017578125
2 0.4580078125 0.1728515625 0.009765625 0.0166015625
2 0.4599609375 0.166015625 0.009765625 0.015625
2 0.4638671875 0.158203125 0.0078125 0.0166015625
2 0.466796875 0.1494140625 0.0078125 0.0166015625
2 0.4697265625 0.1416015625 0.0087890625 0.0166015625
2 0.47265625 0.134765625 0.0078125 0.015625
2 0.4775390625 0.12890625 0.009765625 0.0185546875
2 0.4794921875 0.1181640625 0.0068359375 0.01953125
2 0.4833984375 0.109375 0.0068359375 0.017578125
2 0.486328125 0.103515625 0.009765625 0.0166015625
2 0.4892578125 0.095703125 0.0078125 0.0146484375
2 0.4921875 0.087890625 0.0078125 0.0126953125
2 0.49609375 0.080078125 0.0078125 0.0146484375
2 0.498046875 0.0732421875 0.0078125 0.013671875
2 0.501953125 0.0654296875 0.0087890625 0.0126953125
2 0.5048828125 0.05859375 0.0078125 0.0107421875
2 0.5078125 0.052734375 0.0068359375 0.0146484375
2 0.51171875 0.044921875 0.0078125 0.0126953125
2 0.513671875 0.0361328125 0.0087890625 0.01171875
2 0.533203125 0.03515625 0.0068359375 0.015625
2 0.5361328125 0.0439453125 0.0068359375 0.0166015625
2 0.5390625 0.05078125 0.0068359375 0.015625
2 0.541015625 0.0576171875 0.0068359375 0.013671875
2 0.54296875 0.0654296875 0.0087890625 0.0146484375
2 0.5458984375 0.072265625 0.0068359375 0.0126953125
2 0.55078125 0.0810546875 0.0087890625 0.0146484375
2 0.5517578125 0.0869140625 0.0078125 0.013671875
2 0.5537109375 0.0927734375 0.0068359375 0.0146484375
2 0.55859375 0.1015625 0.0087890625 0.0166015625
2 0.560546875 0.107421875 0.0068359375 0.0166015625
2 0.5634765625 0.1142578125 0.0078125 0.015625
2 0.56640625 0.125 0.0078125 0.013671875
2 0.5693359375 0.1337890625 0.0078125 0.015625
2 0.5732421875 0.140625 0.0078125 0.0185546875
2 0.576171875 0.1494140625 0.0087890625 0.015625
2 0.580078125 0.1552734375 0.0078125 0.017578125
2 0.5830078125 0.1640625 0.0078125 0.0166015625
2 0.5849609375 0.171875 0.009765625 0.01953125
2 0.5888671875 0.1796875 0.0068359375 0.0166015625
2 0.591796875 0.1865234375 0.0068359375 0.0146484375
2 0.595703125 0.1943359375 0.0087890625 0.0185546875
2 0.615234375 0.2373046875 0.0078125 0.015625
2 0.62109375 0.2373046875 0.0068359375 0.013671875
2 0.6279296875 0.236328125 0.005859375 0.0126953125
2 0.6337890625 0.2373046875 0.0068359375 0.013671875
2 0.640625 0.2373046875 0.005859375 0.015625
2 0.6455078125 0.23828125 0.0068359375 0.017578125
2 0.65234375 0.2392578125 0.0078125 0.013671875
2 0.658203125 0.2392578125 0.0078125 0.017578125
2 0.6640625 0.23828125 0.0078125 0.0146484375
2 0.6708984375 0.2392578125 0.0087890625 0.0146484375
2 0.6787109375 0.2392578125 0.009765625 0.0126953125
2 0.685546875 0.2373046875 0.0068359375 0.015625
2 0.6923828125 0.23828125 0.0068359375 0.013671875
2 0.6982421875 0.23828125 0.0078125 0.0146484375
2 0.7255859375 0.25390625 0.01171875 0.015625
2 0.734375 0.25390625 0.0087890625 0.0146484375
2 0.7421875 0.2548828125 0.009765625 0.0146484375
2 0.7470703125 0.2548828125 0.013671875 0.0166015625
2 0.7548828125 0.2548828125 0.009765625 0.015625
2 0.76171875 0.255859375 0.01171875 0.017578125
2 0.771484375 0.2548828125 0.0078125 0.013671875
2 0.78515625 0.2548828125 0.0126953125 0.015625