4 0.4423828125 0.04296875 0.234375 0.0859375
4 0.4765625 0.099609375 0.19921875 0.087890625
4 0.505859375 0.15234375 0.17578125 0.0703125
4 0.5302734375 0.1953125 0.171875 0.060546875
4 0.54296875 0.2373046875 0.15625 0.0625
4 0.5087890625 0.427734375 0.419921875 0.08203125
4 0.5322265625 0.6923828125 0.1640625 0.05859375
4 0.5166015625 0.7275390625 0.17578125 0.046875
4 0.49609375 0.7626953125 0.203125 0.0703125
4 0.4765625 0.8134765625 0.2265625 0.099609375
4 0.447265625 0.8818359375 0.24609375 0.08984375
4 0.4111328125 0.9375 0.265625 0.1171875
4 0.3623046875 0.9658203125 0.2890625 0.068359375
4 0.7236328125 0.7265625 0.0703125 0.03125
3 0.685546875 0.833984375 0.052734375 0.03125
3 0.6943359375 0.8564453125 0.0390625 0.02734375
3 0.69140625 0.7578125 0.0390625 0.02734375
3 0.7294921875 0.767578125 0.029296875 0.017578125
2 0.740234375 0.7607421875 0.05078125 0.021484375
2 0.763671875 0.7705078125 0.04296875 0.017578125
2 0.7802734375 0.7783203125 0.046875 0.01953125
2 0.7978515625 0.7841796875 0.0390625 0.01171875
2 0.7880859375 0.8310546875 0.05859375 0.02734375
2 0.7705078125 0.845703125 0.060546875 0.033203125
2 0.63671875 0.7080078125 0.0546875 0.02734375
2 0.6259765625 0.6943359375 0.04296875 0.03125
3 0.7998046875 0.6953125 0.0703125 0.03515625
2 0.740234375 0.6015625 0.0546875 0.0234375
2 0.7177734375 0.6171875 0.052734375 0.03125
2 0.7373046875 0.5537109375 0.05078125 0.02734375
2 0.7041015625 0.541015625 0.044921875 0.029296875
3 0.67578125 0.611328125 0.03515625 0.01953125
3 0.6728515625 0.548828125 0.03515625 0.01953125
3 0.73828125 0.580078125 0.05859375 0.015625
2 0.7646484375 0.42578125 0.03125 0.01953125
2 0.796875 0.4248046875 0.05859375 0.02734375
2 0.814453125 0.4375 0.0546875 0.02734375
3 0.826171875 0.4658203125 0.087890625 0.01953125
2 0.822265625 0.505859375 0.05078125 0.02734375
2 0.798828125 0.4951171875 0.0390625 0.015625
2 0.7998046875 0.5185546875 0.056640625 0.0234375
2 0.7939453125 0.50390625 0.04296875 0.02734375
2 0.765625 0.5166015625 0.046875 0.021484375
3 0.7490234375 0.439453125 0.044921875 0.037109375
3 0.744140625 0.5009765625 0.0390625 0.03515625
2 0.71875 0.3251953125 0.0546875 0.02734375
2 0.73828125 0.337890625 0.0546875 0.01953125
2 0.744140625 0.392578125 0.041015625 0.02734375
3 0.736328125 0.3623046875 0.0703125 0.0234375
3 0.8193359375 0.3935546875 0.05078125 0.0234375
3 0.8076171875 0.2626953125 0.05078125 0.03125
2 0.6318359375 0.2470703125 0.037109375 0.02734375
2 0.65234375 0.240234375 0.0390625 0.0234375
3 0.669921875 0.0625 0.04296875 0.02734375
3 0.7099609375 0.0947265625 0.04296875 0.033203125
3 0.7060546875 0.1826171875 0.0390625 0.01953125
2 0.7802734375 0.162109375 0.068359375 0.017578125
2 0.78125 0.1708984375 0.048828125 0.029296875
2 0.7578125 0.1826171875 0.04296875 0.02734375
2 0.80859375 0.11328125 0.044921875 0.01953125
2 0.7919921875 0.2802734375 0.015625 0.01171875
2 0.7763671875 0.1826171875 0.015625 0.009765625
2 0.7744140625 0.19140625 0.015625 0.0078125
2 0.7734375 0.19921875 0.015625 0.0078125
2 0.775390625 0.20703125 0.015625 0.0078125
2 0.7744140625 0.21484375 0.01953125 0.01171875
2 0.7763671875 0.22265625 0.015625 0.0078125
2 0.775390625 0.2314453125 0.01953125 0.0078125
2 0.7763671875 0.2373046875 0.017578125 0.0078125
2 0.7763671875 0.2470703125 0.015625 0.009765625
2 0.7919921875 0.287109375 0.015625 0.0078125
2 0.791015625 0.294921875 0.01171875 0.0078125
2 0.7900390625 0.3017578125 0.015625 0.0078125
2 0.791015625 0.3095703125 0.015625 0.0078125
2 0.791015625 0.31640625 0.015625 0.0078125
2 0.791015625 0.32421875 0.015625 0.0078125
2 0.7919921875 0.330078125 0.015625 0.009765625
2 0.7900390625 0.3369140625 0.015625 0.0078125
2 0.7919921875 0.3447265625 0.013671875 0.0078125
2 0.7919921875 0.3515625 0.015625 0.0078125
2 0.7919921875 0.357421875 0.013671875 0.0078125
2 0.791015625 0.3779296875 0.013671875 0.0078125
2 0.791015625 0.384765625 0.015625 0.0078125
2 0.8359375 0.404296875 0.01953125 0.0078125
2 0.8427734375 0.408203125 0.015625 0.0078125
2 0.8505859375 0.4130859375 0.01953125 0.0078125
2 0.8564453125 0.4169921875 0.017578125 0.01171875
2 0.8642578125 0.41796875 0.015625 0.01171875
2 0.873046875 0.4228515625 0.017578125 0.0078125
2 0.8818359375 0.42578125 0.017578125 0.0078125
2 0.890625 0.4287109375 0.017578125 0.009765625
2 0.8974609375 0.4326171875 0.015625 0.0078125
2 0.904296875 0.4375 0.01953125 0.009765625
2 0.9169921875 0.439453125 0.021484375 0.0078125
2 0.92578125 0.4443359375 0.01953125 0.0078125
2 0.9326171875 0.4462890625 0.017578125 0.01171875
2 0.9404296875 0.4501953125 0.015625 0.0078125
2 0.94921875 0.4541015625 0.013671875 0.0078125
2 0.9580078125 0.45703125 0.015625 0.0078125
2 0.96484375 0.4599609375 0.015625 0.0078125
2 0.9736328125 0.4638671875 0.013671875 0.009765625
2 0.98046875 0.466796875 0.01171875 0.0078125
2 0.9873046875 0.470703125 0.015625 0.0078125
2 0.994140625 0.4736328125 0.01171875 0.0078125
2 0.994140625 0.5 0.01171875 0.0078125
2 0.990234375 0.50390625 0.015625 0.0078125
2 0.9814453125 0.505859375 0.015625 0.0078125
2 0.9736328125 0.5087890625 0.015625 0.009765625
2 0.966796875 0.51171875 0.013671875 0.0078125
2 0.95703125 0.5166015625 0.015625 0.009765625
2 0.9501953125 0.5185546875 0.015625 0.009765625
2 0.943359375 0.5205078125 0.015625 0.0078125
2 0.9345703125 0.525390625 0.017578125 0.009765625
2 0.927734375 0.5283203125 0.017578125 0.0078125
2 0.9208984375 0.5302734375 0.017578125 0.0078125
2 0.908203125 0.5341796875 0.015625 0.0078125
2 0.8994140625 0.537109375 0.017578125 0.0078125
2 0.8916015625 0.541015625 0.01953125 0.0078125
2 0.8818359375 0.544921875 0.015625 0.0078125
2 0.8759765625 0.548828125 0.01953125 0.0078125
2 0.8671875 0.5517578125 0.017578125 0.0078125
2 0.8583984375 0.5546875 0.021484375 0.01171875
2 0.849609375 0.55859375 0.01953125 0.0078125
2 0.841796875 0.5615234375 0.015625 0.0078125
2 0.8330078125 0.5654296875 0.01953125 0.0078125
2 0.787109375 0.5869140625 0.017578125 0.0078125
2 0.787109375 0.59375 0.015625 0.0078125
2 0.7880859375 0.6005859375 0.013671875 0.005859375
2 0.787109375 0.607421875 0.015625 0.0078125
2 0.787109375 0.6142578125 0.017578125 0.005859375
2 0.78515625 0.6201171875 0.01953125 0.0078125
2 0.78515625 0.626953125 0.015625 0.0078125
2 0.78515625 0.6337890625 0.01953125 0.0078125
2 0.7861328125 0.640625 0.015625 0.0078125
2 0.78515625 0.6484375 0.015625 0.009765625
2 0.78515625 0.6552734375 0.013671875 0.01171875
2 0.787109375 0.6630859375 0.017578125 0.0078125
2 0.78515625 0.6708984375 0.015625 0.0078125
2 0.7861328125 0.6767578125 0.015625 0.0078125
2 0.7685546875 0.70703125 0.015625 0.01171875
2 0.7685546875 0.7158203125 0.015625 0.009765625
2 0.767578125 0.724609375 0.015625 0.01171875
2 0.767578125 0.7294921875 0.01953125 0.015625
2 0.767578125 0.73828125 0.017578125 0.01171875
2 0.767578125 0.74609375 0.01953125 0.013671875
2 0.767578125 0.7568359375 0.015625 0.0078125
2 0.767578125 0.771484375 0.015625 0.013671875