4 0.4208984375 0.9609375 0.234375 0.078125
4 0.4453125 0.8955078125 0.21875 0.1015625
4 0.4775390625 0.8330078125 0.1875 0.08203125
4 0.505859375 0.7841796875 0.1640625 0.06640625
4 0.5283203125 0.7431640625 0.16015625 0.056640625
4 0.5400390625 0.7041015625 0.1484375 0.05859375
4 0.5078125 0.525390625 0.392578125 0.076171875
4 0.5302734375 0.27734375 0.15234375 0.0546875
4 0.515625 0.2451171875 0.1640625 0.044921875
4 0.4970703125 0.2119140625 0.19140625 0.06640625
4 0.4775390625 0.1640625 0.2109375 0.09375
4 0.4501953125 0.1005859375 0.23046875 0.08203125
4 0.4169921875 0.0517578125 0.25 0.103515625
4 0.37109375 0.0263671875 0.26953125 0.052734375
4 0.708984375 0.24609375 0.06640625 0.03125
3 0.673828125 0.1455078125 0.05078125 0.02734375
3 0.681640625 0.125 0.03515625 0.025390625
3 0.6787109375 0.216796875 0.03515625 0.02734375
3 0.71484375 0.20703125 0.02734375 0.015625
2 0.7255859375 0.2138671875 0.048828125 0.01953125
2 0.7470703125 0.205078125 0.041015625 0.015625
2 0.7626953125 0.197265625 0.04296875 0.017578125
2 0.7783203125 0.1923828125 0.0390625 0.01171875
2 0.76953125 0.1484375 0.0546875 0.025390625
2 0.7529296875 0.1337890625 0.056640625 0.03125
2 0.6279296875 0.2626953125 0.05078125 0.025390625
2 0.6181640625 0.2763671875 0.041015625 0.03125
3 0.7802734375 0.275390625 0.06640625 0.03515625
2 0.724609375 0.36328125 0.05078125 0.0234375
2 0.7041015625 0.3486328125 0.048828125 0.02734375
2 0.7216796875 0.4072265625 0.046875 0.0234375
2 0.69140625 0.4189453125 0.04296875 0.02734375
3 0.6650390625 0.3544921875 0.03125 0.01953125
3 0.662109375 0.412109375 0.033203125 0.01953125
3 0.7236328125 0.3828125 0.0546875 0.015625
2 0.748046875 0.52734375 0.029296875 0.01953125
2 0.77734375 0.5283203125 0.0546875 0.025390625
2 0.794921875 0.5166015625 0.05078125 0.025390625
3 0.8046875 0.4892578125 0.08203125 0.017578125
2 0.8017578125 0.4521484375 0.046875 0.025390625
2 0.779296875 0.4619140625 0.0390625 0.013671875
2 0.7802734375 0.4404296875 0.052734375 0.01953125
2 0.775390625 0.4541015625 0.0390625 0.0234375
2 0.7490234375 0.4423828125 0.044921875 0.01953125
3 0.7333984375 0.5146484375 0.04296875 0.03515625
3 0.728515625 0.45703125 0.037109375 0.03125
2 0.705078125 0.62109375 0.05078125 0.025390625
2 0.7236328125 0.6103515625 0.05078125 0.01953125
2 0.728515625 0.55859375 0.0390625 0.025390625
3 0.7216796875 0.5869140625 0.06640625 0.021484375
3 0.798828125 0.5576171875 0.048828125 0.0234375
3 0.7880859375 0.6796875 0.046875 0.029296875
2 0.623046875 0.6943359375 0.03515625 0.02734375
2 0.642578125 0.701171875 0.03515625 0.0234375
3 0.6591796875 0.8671875 0.041015625 0.025390625
3 0.6962890625 0.8369140625 0.0390625 0.03125
3 0.6923828125 0.7548828125 0.03515625 0.017578125
2 0.76171875 0.7744140625 0.0625 0.015625
2 0.763671875 0.7666015625 0.046875 0.02734375
2 0.7412109375 0.7548828125 0.0390625 0.025390625
2 0.7890625 0.8203125 0.04296875 0.01953125
2 0.7734375 0.6630859375 0.015625 0.009765625
2 0.7587890625 0.7548828125 0.015625 0.009765625
2 0.7568359375 0.7470703125 0.013671875 0.0078125
2 0.755859375 0.7392578125 0.015625 0.0078125
2 0.7578125 0.732421875 0.015625 0.0078125
2 0.7568359375 0.7255859375 0.015625 0.01171875
2 0.7578125 0.7177734375 0.015625 0.0078125
2 0.7578125 0.708984375 0.01953125 0.0078125
2 0.7587890625 0.703125 0.015625 0.0078125
2 0.7587890625 0.6943359375 0.015625 0.0078125
2 0.7734375 0.6572265625 0.015625 0.0078125
2 0.7724609375 0.6494140625 0.01171875 0.0078125
2 0.771484375 0.6435546875 0.013671875 0.0078125
2 0.7724609375 0.63671875 0.015625 0.0078125
2 0.7724609375 0.6298828125 0.015625 0.0078125
2 0.7724609375 0.623046875 0.015625 0.0078125
2 0.7734375 0.6162109375 0.013671875 0.0078125
2 0.771484375 0.6103515625 0.013671875 0.0078125
2 0.7734375 0.603515625 0.01171875 0.0078125
2 0.7734375 0.5966796875 0.015625 0.0078125
2 0.7724609375 0.591796875 0.01171875 0.0078125
2 0.7724609375 0.5712890625 0.01171875 0.0078125
2 0.7724609375 0.5654296875 0.015625 0.0078125
2 0.814453125 0.5478515625 0.017578125 0.0078125
2 0.8212890625 0.5439453125 0.015625 0.0078125
2 0.828125 0.5390625 0.017578125 0.0078125
2 0.833984375 0.5361328125 0.015625 0.009765625
2 0.841796875 0.5341796875 0.015625 0.01171875
2 0.849609375 0.5302734375 0.015625 0.0078125
2 0.857421875 0.52734375 0.015625 0.0078125
2 0.8662109375 0.5244140625 0.015625 0.0078125
2 0.8720703125 0.521484375 0.015625 0.0078125
2 0.87890625 0.5166015625 0.01953125 0.009765625
2 0.890625 0.5146484375 0.01953125 0.0078125
2 0.8994140625 0.509765625 0.017578125 0.0078125
2 0.9052734375 0.5078125 0.015625 0.009765625
2 0.912109375 0.50390625 0.015625 0.0078125
2 0.9208984375 0.5009765625 0.01171875 0.0078125
2 0.9287109375 0.498046875 0.015625 0.0078125
2 0.935546875 0.4951171875 0.013671875 0.0078125
2 0.943359375 0.4921875 0.01171875 0.0078125
2 0.9501953125 0.4892578125 0.01171875 0.0078125
2 0.9560546875 0.4853515625 0.015625 0.0078125
2 0.9638671875 0.482421875 0.01171875 0.0078125
2 0.97265625 0.4794921875 0.01171875 0.0078125
2 0.9736328125 0.4599609375 0.015625 0.0078125
2 0.9658203125 0.45703125 0.015625 0.0078125
2 0.958984375 0.4541015625 0.015625 0.0078125
2 0.9501953125 0.4521484375 0.013671875 0.0078125
2 0.943359375 0.4501953125 0.015625 0.0078125
2 0.9365234375 0.447265625 0.01171875 0.0078125
2 0.927734375 0.4423828125 0.015625 0.0078125
2 0.921875 0.4404296875 0.013671875 0.0078125
2 0.9150390625 0.4384765625 0.015625 0.0078125
2 0.90625 0.4345703125 0.015625 0.0078125
2 0.900390625 0.431640625 0.015625 0.0078125
2 0.8935546875 0.4296875 0.015625 0.0078125
2 0.8828125 0.42578125 0.015625 0.0078125
2 0.873046875 0.4228515625 0.015625 0.0078125
2 0.8671875 0.4189453125 0.01953125 0.0078125
2 0.857421875 0.416015625 0.015625 0.0078125
2 0.8515625 0.412109375 0.01953125 0.0078125
2 0.84375 0.4091796875 0.015625 0.0078125
2 0.8359375 0.4072265625 0.01953125 0.009765625
2 0.8271484375 0.4033203125 0.015625 0.0078125
2 0.8203125 0.400390625 0.015625 0.0078125
2 0.8125 0.396484375 0.01953125 0.0078125
2 0.7685546875 0.3759765625 0.015625 0.0078125
2 0.76953125 0.3701171875 0.013671875 0.0078125
2 0.7705078125 0.3642578125 0.01171875 0.005859375
2 0.7685546875 0.357421875 0.013671875 0.0078125
2 0.7685546875 0.3505859375 0.015625 0.005859375
2 0.767578125 0.345703125 0.017578125 0.0078125
2 0.7666015625 0.3388671875 0.015625 0.0078125
2 0.7666015625 0.3330078125 0.017578125 0.0078125
2 0.767578125 0.326171875 0.015625 0.0078125
2 0.7666015625 0.3193359375 0.015625 0.0078125
2 0.7666015625 0.3125 0.01171875 0.01171875
2 0.76953125 0.3046875 0.015625 0.0078125
2 0.767578125 0.298828125 0.013671875 0.0078125
2 0.767578125 0.2919921875 0.015625 0.0078125
2 0.751953125 0.263671875 0.015625 0.01171875
2 0.751953125 0.255859375 0.015625 0.009765625
2 0.75 0.2470703125 0.015625 0.009765625
2 0.75 0.2431640625 0.017578125 0.013671875
2 0.7509765625 0.234375 0.015625 0.009765625
2 0.75 0.2275390625 0.01953125 0.01171875
2 0.7509765625 0.2177734375 0.013671875 0.0078125
2 0.7509765625 0.2041015625 0.015625 0.01171875