3 0.0634765625 0.2021484375 0.126953125 0.36328125
3 0.8818359375 0.6533203125 0.19140625 0.50390625
0 0.12109375 0.4326171875 0.044921875 0.126953125
0 0.1728515625 0.4580078125 0.05078125 0.126953125
0 0.228515625 0.4814453125 0.0546875 0.12109375
0 0.27734375 0.505859375 0.052734375 0.109375
0 0.3359375 0.5302734375 0.044921875 0.1171875
0 0.3935546875 0.548828125 0.0390625 0.126953125
0 0.4453125 0.5703125 0.04296875 0.111328125
0 0.5048828125 0.5927734375 0.04296875 0.1171875
0 0.5625 0.623046875 0.0390625 0.109375
0 0.6103515625 0.650390625 0.0390625 0.115234375
0 0.669921875 0.6630859375 0.05078125 0.1171875
0 0.7255859375 0.6748046875 0.060546875 0.126953125
0 0.78515625 0.703125 0.0625 0.12109375