2 0.06640625 0.3837890625 0.0859375 0.01953125
2 0.1943359375 0.61328125 0.0703125 0.02734375
2 0.2001953125 0.52734375 0.0625 0.03125
3 0.51171875 0.833984375 0.05859375 0.02734375
3 0.4619140625 0.77734375 0.0390625 0.01953125
4 0.556640625 0.828125 0.0625 0.01953125
4 0.5517578125 0.8125 0.064453125 0.0234375
4 0.533203125 0.79296875 0.0546875 0.021484375
4 0.5166015625 0.767578125 0.05859375 0.0234375
4 0.4853515625 0.734375 0.0703125 0.02734375
4 0.451171875 0.6884765625 0.08203125 0.03125
4 0.3935546875 0.619140625 0.099609375 0.0390625
4 0.33984375 0.5419921875 0.125 0.048828125
4 0.2724609375 0.455078125 0.16015625 0.0703125
4 0.3173828125 0.35546875 0.11328125 0.03515625
4 0.3828125 0.2802734375 0.109375 0.0390625
4 0.421875 0.193359375 0.08203125 0.03515625
4 0.462890625 0.1484375 0.072265625 0.01953125
4 0.4873046875 0.1201171875 0.08203125 0.02734375
3 0.33203125 0.2216796875 0.0625 0.03515625
3 0.4140625 0.123046875 0.0859375 0.0390625