3 0.951171875 0.177734375 0.09765625 0.35546875
3 0.1396484375 0.6279296875 0.1953125 0.5078125
0 0.908203125 0.404296875 0.044921875 0.12890625
0 0.85546875 0.4306640625 0.05078125 0.12890625
0 0.7998046875 0.4541015625 0.0546875 0.123046875
0 0.75 0.478515625 0.0546875 0.109375
0 0.6904296875 0.5029296875 0.044921875 0.1171875
0 0.6328125 0.5224609375 0.0390625 0.12890625
0 0.5810546875 0.5439453125 0.04296875 0.11328125
0 0.5205078125 0.5673828125 0.04296875 0.119140625
0 0.4619140625 0.59765625 0.0390625 0.109375
0 0.4140625 0.625 0.0390625 0.1171875
0 0.353515625 0.6376953125 0.05078125 0.119140625
0 0.2978515625 0.6494140625 0.0625 0.12890625
0 0.2373046875 0.677734375 0.0625 0.123046875