2 0.9345703125 0.544921875 0.05859375 0.19921875
3 0.68359375 0.650390625 0.216796875 0.6953125
3 0.4033203125 0.330078125 0.1328125 0.552734375
3 0.12109375 0.171875 0.16015625 0.33984375
2 0.0771484375 0.1669921875 0.05078125 0.13671875
2 0.0478515625 0.09765625 0.056640625 0.134765625
2 0.0263671875 0.064453125 0.05078125 0.12890625
2 0.5947265625 0.7666015625 0.0390625 0.13671875
2 0.5625 0.75 0.03125 0.134765625
2 0.53515625 0.7421875 0.021484375 0.16015625
2 0.5126953125 0.7431640625 0.029296875 0.15625
2 0.486328125 0.7275390625 0.02734375 0.1484375
2 0.462890625 0.708984375 0.02734375 0.13671875
2 0.4404296875 0.7099609375 0.04296875 0.154296875
2 0.3525390625 0.443359375 0.03125 0.12890625
2 0.330078125 0.4443359375 0.033203125 0.12890625
2 0.30859375 0.439453125 0.03125 0.123046875
2 0.29296875 0.4296875 0.029296875 0.12109375
2 0.27734375 0.4169921875 0.01953125 0.11328125
2 0.2578125 0.419921875 0.021484375 0.12890625
2 0.2392578125 0.408203125 0.02734375 0.12109375
2 0.22265625 0.4033203125 0.01953125 0.11328125
2 0.208984375 0.400390625 0.01953125 0.1171875
2 0.1884765625 0.388671875 0.021484375 0.109375
2 0.177734375 0.3828125 0.021484375 0.109375
2 0.1591796875 0.3798828125 0.025390625 0.11328125
2 0.640625 0.49609375 0.0546875 0.111328125
2 0.6201171875 0.455078125 0.037109375 0.11328125
2 0.59765625 0.396484375 0.041015625 0.12109375
2 0.57421875 0.34765625 0.041015625 0.12109375
2 0.5595703125 0.3154296875 0.04296875 0.111328125
2 0.541015625 0.26171875 0.037109375 0.12109375
2 0.51953125 0.21875 0.03515625 0.109375
2 0.4970703125 0.16796875 0.05078125 0.109375
2 0.4765625 0.1162109375 0.0390625 0.11328125
2 0.4599609375 0.0810546875 0.046875 0.10546875
2 0.4404296875 0.037109375 0.044921875 0.07421875
2 0.4189453125 0.0166015625 0.046875 0.033203125