2 0.931640625 0.6220703125 0.08984375 0.021484375
2 0.798828125 0.3828125 0.07421875 0.02734375
2 0.7919921875 0.47265625 0.06640625 0.03515625
3 0.4677734375 0.1533203125 0.0625 0.029296875
3 0.51953125 0.2119140625 0.0390625 0.01953125
4 0.4208984375 0.1591796875 0.064453125 0.021484375
4 0.42578125 0.1748046875 0.06640625 0.0234375
4 0.4453125 0.1953125 0.05859375 0.0234375
4 0.462890625 0.22265625 0.0625 0.0234375
4 0.4951171875 0.2568359375 0.072265625 0.02734375
4 0.5302734375 0.3037109375 0.0859375 0.03125
4 0.5908203125 0.376953125 0.103515625 0.0390625
4 0.646484375 0.4580078125 0.12890625 0.05078125
4 0.716796875 0.548828125 0.166015625 0.07421875
4 0.669921875 0.6513671875 0.1171875 0.03515625
4 0.6025390625 0.73046875 0.115234375 0.0390625
4 0.5615234375 0.8203125 0.0859375 0.0390625
4 0.5185546875 0.8671875 0.07421875 0.01953125
4 0.4931640625 0.8974609375 0.083984375 0.029296875
3 0.6552734375 0.791015625 0.06640625 0.03515625
3 0.5693359375 0.8935546875 0.08984375 0.041015625