3 0.0673828125 0.205078125 0.1337890625 0.34765625
3 0.8564453125 0.6357421875 0.1845703125 0.4814453125
0 0.1279296875 0.423828125 0.04296875 0.1220703125
0 0.177734375 0.4482421875 0.0478515625 0.12109375
0 0.23046875 0.470703125 0.052734375 0.1162109375
0 0.2783203125 0.494140625 0.05078125 0.1044921875
0 0.333984375 0.517578125 0.04296875 0.111328125
0 0.388671875 0.53515625 0.0380859375 0.12109375
0 0.4384765625 0.5556640625 0.0419921875 0.1064453125
0 0.4951171875 0.578125 0.0419921875 0.11328125
0 0.55078125 0.6064453125 0.037109375 0.1044921875
0 0.5966796875 0.6328125 0.037109375 0.1103515625
0 0.6533203125 0.64453125 0.0478515625 0.1123046875
0 0.70703125 0.65625 0.0576171875 0.12109375
0 0.7646484375 0.6826171875 0.05859375 0.1171875