2 0.1064453125 0.5517578125 0.0556640625 0.189453125
3 0.3447265625 0.6533203125 0.2060546875 0.6630859375
3 0.611328125 0.3486328125 0.125 0.52734375
3 0.8798828125 0.197265625 0.1533203125 0.32421875
2 0.9228515625 0.1923828125 0.048828125 0.130859375
2 0.9501953125 0.1259765625 0.0537109375 0.12890625
2 0.970703125 0.0859375 0.048828125 0.140625
2 0.4296875 0.763671875 0.0380859375 0.1298828125
2 0.4609375 0.748046875 0.0302734375 0.12890625
2 0.486328125 0.740234375 0.0205078125 0.1533203125
2 0.5078125 0.7412109375 0.0283203125 0.1494140625
2 0.533203125 0.7265625 0.025390625 0.140625
2 0.5546875 0.7099609375 0.025390625 0.1298828125
2 0.5771484375 0.7099609375 0.0419921875 0.1474609375
2 0.66015625 0.4560546875 0.0302734375 0.1240234375
2 0.681640625 0.4560546875 0.0322265625 0.123046875
2 0.7021484375 0.4521484375 0.0302734375 0.1171875
2 0.716796875 0.4423828125 0.02734375 0.115234375
2 0.732421875 0.4306640625 0.01953125 0.109375
2 0.7509765625 0.43359375 0.0205078125 0.123046875
2 0.7685546875 0.4228515625 0.0263671875 0.1162109375
2 0.7841796875 0.4169921875 0.01953125 0.1083984375
2 0.796875 0.4140625 0.01953125 0.111328125
2 0.81640625 0.404296875 0.0205078125 0.1044921875
2 0.8271484375 0.3984375 0.0205078125 0.1044921875
2 0.8447265625 0.3955078125 0.0244140625 0.107421875
2 0.38671875 0.5068359375 0.052734375 0.1064453125
2 0.40625 0.466796875 0.03515625 0.1083984375
2 0.4267578125 0.4111328125 0.0390625 0.1162109375
2 0.44921875 0.3642578125 0.0390625 0.1162109375
2 0.4638671875 0.333984375 0.0400390625 0.1064453125
2 0.48046875 0.283203125 0.03515625 0.115234375
2 0.5009765625 0.2412109375 0.033203125 0.1044921875
2 0.5224609375 0.193359375 0.0478515625 0.103515625
2 0.5419921875 0.1435546875 0.0361328125 0.107421875
2 0.55859375 0.1103515625 0.0458984375 0.1005859375
2 0.5771484375 0.060546875 0.04296875 0.087890625
2 0.5966796875 0.0322265625 0.044921875 0.064453125