2 0.5859375 0.10546875 0.01953125 0.080078125
2 0.3701171875 0.224609375 0.0244140625 0.0673828125
2 0.451171875 0.23046875 0.0302734375 0.0595703125
3 0.1640625 0.5224609375 0.0263671875 0.0546875
3 0.216796875 0.4755859375 0.017578125 0.0361328125
4 0.1689453125 0.564453125 0.0185546875 0.0576171875
4 0.18359375 0.5595703125 0.021484375 0.060546875
4 0.2021484375 0.5419921875 0.0205078125 0.0517578125
4 0.2265625 0.5263671875 0.0224609375 0.0556640625
4 0.2578125 0.498046875 0.0244140625 0.0654296875
4 0.2998046875 0.4658203125 0.0283203125 0.078125
4 0.365234375 0.412109375 0.0361328125 0.09375
4 0.4375 0.361328125 0.0458984375 0.1171875
4 0.51953125 0.2978515625 0.06640625 0.1494140625
4 0.6123046875 0.3408203125 0.0322265625 0.10546875
4 0.6826171875 0.4013671875 0.0361328125 0.103515625
4 0.7646484375 0.4375 0.0341796875 0.076171875
4 0.806640625 0.4765625 0.0185546875 0.0673828125
4 0.833984375 0.4990234375 0.0263671875 0.0751953125
3 0.73828125 0.353515625 0.0322265625 0.0595703125
3 0.8310546875 0.4306640625 0.037109375 0.0810546875