2 0.4306640625 0.0849609375 0.201171875 0.05859375
3 0.3388671875 0.337890625 0.677734375 0.21875
3 0.6474609375 0.6220703125 0.560546875 0.1328125
3 0.80859375 0.9072265625 0.34375 0.1640625
2 0.8134765625 0.9521484375 0.138671875 0.052734375
2 0.88671875 0.9755859375 0.13671875 0.048828125
2 0.92578125 0.98828125 0.1484375 0.0234375
2 0.2060546875 0.4287109375 0.138671875 0.0390625
2 0.22265625 0.4609375 0.13671875 0.03125
2 0.2314453125 0.48828125 0.1640625 0.021484375
2 0.23046875 0.51171875 0.158203125 0.03125
2 0.2451171875 0.5390625 0.1484375 0.02734375
2 0.263671875 0.5615234375 0.13671875 0.02734375
2 0.263671875 0.5849609375 0.15625 0.044921875
2 0.533203125 0.6728515625 0.1328125 0.03125
2 0.533203125 0.6962890625 0.12890625 0.03515625
2 0.537109375 0.7177734375 0.125 0.03125
2 0.5478515625 0.7333984375 0.12109375 0.029296875
2 0.5595703125 0.75 0.1171875 0.01953125
2 0.5576171875 0.76953125 0.12890625 0.0234375
2 0.568359375 0.7880859375 0.123046875 0.02734375
2 0.57421875 0.8046875 0.115234375 0.01953125
2 0.5771484375 0.818359375 0.1171875 0.01953125
2 0.5888671875 0.83984375 0.111328125 0.0234375
2 0.5947265625 0.8505859375 0.111328125 0.021484375
2 0.59765625 0.869140625 0.11328125 0.025390625
2 0.4794921875 0.3828125 0.11328125 0.0546875
2 0.521484375 0.4033203125 0.115234375 0.037109375
2 0.5810546875 0.42578125 0.123046875 0.041015625
2 0.6298828125 0.44921875 0.123046875 0.04296875
2 0.6630859375 0.46484375 0.11328125 0.04296875
2 0.716796875 0.482421875 0.12109375 0.0390625
2 0.7607421875 0.5048828125 0.111328125 0.03515625
2 0.8125 0.52734375 0.109375 0.05078125
2 0.8642578125 0.5478515625 0.11328125 0.0390625
2 0.900390625 0.5654296875 0.10546875 0.048828125
2 0.9541015625 0.5830078125 0.091796875 0.044921875
2 0.974609375 0.6064453125 0.05078125 0.046875