4 0.333984375 0.6494140625 0.025390625 0.04296875
4 0.232421875 0.3759765625 0.0576171875 0.0654296875
4 0.3759765625 0.3232421875 0.0634765625 0.095703125
4 0.5537109375 0.384765625 0.0634765625 0.0927734375
4 0.6796875 0.4296875 0.046875 0.080078125
4 0.7529296875 0.4609375 0.044921875 0.0693359375
4 0.83203125 0.498046875 0.03515625 0.064453125
4 0.8935546875 0.5048828125 0.0205078125 0.033203125
4 0.91796875 0.5654296875 0.0244140625 0.0595703125
4 0.9453125 0.5703125 0.0341796875 0.056640625
4 0.9755859375 0.58203125 0.0234375 0.0546875
4 0.8076171875 0.56640625 0.0322265625 0.0458984375
4 0.728515625 0.5517578125 0.052734375 0.0517578125
4 0.61328125 0.5244140625 0.0517578125 0.064453125
4 0.4658203125 0.4873046875 0.048828125 0.0732421875
4 0.3759765625 0.4736328125 0.05859375 0.076171875
4 0.2841796875 0.4814453125 0.0400390625 0.0712890625
4 0.1708984375 0.513671875 0.0439453125 0.06640625
4 0.0263671875 0.501953125 0.05078125 0.076171875
2 0.3251953125 0.1083984375 0.0615234375 0.1240234375
2 0.431640625 0.15625 0.0478515625 0.11328125
2 0.7021484375 0.3056640625 0.03515625 0.0673828125
2 0.75 0.3427734375 0.041015625 0.0654296875
3 0.4150390625 0.2490234375 0.03125 0.037109375
3 0.52734375 0.2861328125 0.03125 0.048828125
3 0.6083984375 0.3212890625 0.03125 0.0439453125
3 0.6728515625 0.34375 0.037109375 0.0400390625
3 0.845703125 0.4345703125 0.0205078125 0.03515625
3 0.8955078125 0.4599609375 0.0283203125 0.033203125