4 0.296875 0.6416015625 0.02734375 0.046875
4 0.1884765625 0.3486328125 0.0625 0.0703125
4 0.3427734375 0.2919921875 0.068359375 0.103515625
4 0.5341796875 0.357421875 0.068359375 0.099609375
4 0.6689453125 0.40625 0.05078125 0.0859375
4 0.748046875 0.439453125 0.046875 0.07421875
4 0.8330078125 0.4794921875 0.0390625 0.0703125
4 0.8984375 0.4873046875 0.0234375 0.03515625
4 0.9248046875 0.5517578125 0.02734375 0.0625
4 0.9541015625 0.5576171875 0.037109375 0.060546875
4 0.986328125 0.568359375 0.02734375 0.05859375
4 0.806640625 0.552734375 0.03515625 0.05078125
4 0.7216796875 0.537109375 0.056640625 0.0546875
4 0.59765625 0.5078125 0.0546875 0.0703125
4 0.439453125 0.4677734375 0.052734375 0.078125
4 0.3427734375 0.453125 0.0625 0.08203125
4 0.244140625 0.4609375 0.04296875 0.078125
4 0.123046875 0.49609375 0.046875 0.0703125
2 0.2880859375 0.0634765625 0.06640625 0.126953125
2 0.40234375 0.1123046875 0.05078125 0.12109375
2 0.693359375 0.2724609375 0.037109375 0.072265625
2 0.7451171875 0.3134765625 0.04296875 0.0703125
3 0.384765625 0.212890625 0.033203125 0.0390625
3 0.505859375 0.251953125 0.03515625 0.05078125
3 0.591796875 0.2900390625 0.03515625 0.046875
3 0.662109375 0.3134765625 0.0390625 0.04296875
3 0.84765625 0.4111328125 0.021484375 0.0390625
3 0.9013671875 0.4384765625 0.03125 0.03515625