4 0.66015625 0.703125 0.046875 0.02734375
4 0.3681640625 0.8115234375 0.0703125 0.0625
4 0.3115234375 0.658203125 0.1015625 0.068359375
4 0.376953125 0.4677734375 0.099609375 0.06640625
4 0.42578125 0.3330078125 0.0859375 0.05078125
4 0.458984375 0.2548828125 0.07421875 0.046875
4 0.498046875 0.169921875 0.0703125 0.0390625
4 0.505859375 0.10546875 0.03515625 0.0234375
4 0.5703125 0.0791015625 0.0625 0.02734375
4 0.576171875 0.0498046875 0.060546875 0.03515625
4 0.587890625 0.0166015625 0.05859375 0.025390625
4 0.5712890625 0.197265625 0.048828125 0.03515625
4 0.556640625 0.28125 0.0546875 0.056640625
4 0.52734375 0.404296875 0.0703125 0.0546875
4 0.4873046875 0.5615234375 0.078125 0.05078125
4 0.47265625 0.658203125 0.08203125 0.0625
4 0.48046875 0.755859375 0.076171875 0.04296875
4 0.515625 0.8759765625 0.0703125 0.046875
2 0.0830078125 0.7119140625 0.1328125 0.06640625
2 0.1337890625 0.5986328125 0.12109375 0.05078125
2 0.29296875 0.3095703125 0.072265625 0.037109375
2 0.3330078125 0.2578125 0.0703125 0.04296875
3 0.232421875 0.6162109375 0.0390625 0.033203125
3 0.2724609375 0.4951171875 0.05078125 0.03515625
3 0.3095703125 0.41015625 0.046875 0.03515625
3 0.333984375 0.3408203125 0.04296875 0.0390625
3 0.4306640625 0.15625 0.0390625 0.021484375
3 0.4580078125 0.1025390625 0.03515625 0.03125